[513, 70, -63]
[524, 60, -78]
[527, 61, -78]
[530, 61, -78]
[517, 60, -51]
[518, 60, -51]
[519, 60, -51]
[549, 72, -118]
[538, 70, -1]
[519, 88, -77]
[511, 87, -43]
[589, 168, -168]
[553, 162, 64]
[558, 295, -160]
[529, 253, 80]
[482, 370, -105]
[505, 302, 19]
[465, 392, -125]
[500, 316, 19]
[460, 374, -122]
[499, 311, 0]
[465, 367, -101]
[501, 307, 9]
[590, 388, -58]
[550, 375, 58]
[549, 519, -157]
[523, 499, 65]
[562, 526, 122]
[539, 530, 210]
[570, 517, 149]
[544, 534, 228]
[530, 542, 189]
[518, 545, 246]
[513, 66, -31]
[524, 54, -48]
[527, 55, -48]
[529, 56, -48]
[520, 54, -21]
[523, 54, -21]
[525, 54, -21]
[548, 67, -99]
[547, 64, 21]
[520, 85, -48]
[515, 84, -14]
[584, 163, -162]
[567, 152, 83]
[548, 293, -150]
[560, 253, 80]
[457, 359, -72]
[529, 287, 4]
[439, 374, -91]
[525, 296, 2]
[432, 360, -84]
[508, 283, -17]
[443, 349, -67]
[512, 282, -5]
[591, 384, -64]
[557, 368, 64]
[550, 512, -160]
[528, 468, 40]
[554, 502, 95]
[534, 495, 183]
[565, 494, 124]
[539, 498, 202]
[518, 509, 169]
[515, 510, 237]
[514, 67, -54]
[526, 54, -73]
[527, 55, -74]
[531, 55, -74]
[525, 54, -44]
[528, 54, -44]
[530, 55, -44]
[549, 66, -115]
[552, 64, 6]
[520, 85, -70]
[520, 84, -32]
[588, 161, -182]
[568, 154, 89]
[544, 296, -182]
[546, 249, 149]
[441, 343, -110]
[510, 280, 134]
[418, 354, -133]
[505, 287, 140]
[412, 340, -128]
[499, 279, 121]
[423, 333, -106]
[502, 277, 125]
[591, 386, -64]
[556, 372, 64]
[550, 513, -120]
[533, 482, 72]
[557, 626, 86]
[538, 631, 180]
[568, 635, 105]
[547, 653, 189]
[532, 669, 99]
[513, 666, 161]
[517, 68, -49]
[528, 56, -68]
[529, 56, -68]
[531, 57, -68]
[529, 56, -40]
[531, 56, -40]
[533, 56, -40]
[550, 66, -116]
[553, 65, 6]
[522, 84, -64]
[524, 84, -28]
[590, 160, -171]
[570, 153, 83]
[547, 290, -175]
[550, 246, 140]
[447, 338, -117]
[519, 273, 124]
[424, 351, -139]
[515, 280, 128]
[419, 333, -133]
[511, 271, 109]
[429, 328, -112]
[512, 270, 115]
[591, 387, -61]
[560, 374, 61]
[550, 515, -109]
[535, 493, 79]
[559, 637, 77]
[542, 644, 166]
[574, 646, 94]
[552, 666, 173]
[539, 681, 83]
[510, 682, 143]
[520, 67, -21]
[531, 56, -38]
[532, 56, -38]
[533, 56, -38]
[532, 55, -9]
[534, 55, -9]
[536, 55, -9]
[552, 67, -87]
[556, 65, 43]
[525, 84, -37]
[527, 83, 0]
[589, 160, -158]
[573, 155, 116]
[540, 290, -177]
[552, 258, 138]
[434, 332, -136]
[511, 299, 80]
[405, 335, -162]
[505, 310, 77]
[401, 320, -147]
[501, 303, 55]
[412, 317, -122]
[503, 300, 68]
[592, 387, -67]
[561, 372, 67]
[549, 508, -186]
[512, 435, -19]
[548, 577, -25]
[533, 583, 34]
[562, 583, -8]
[550, 609, 39]
[513, 606, -17]
[482, 623, 17]
[524, 71, -42]
[535, 59, -60]
[537, 59, -60]
[538, 59, -60]
[535, 58, -32]
[537, 58, -32]
[538, 58, -32]
[559, 68, -99]
[558, 67, 18]
[531, 88, -56]
[532, 87, -20]
[594, 159, -155]
[572, 156, 88]
[544, 284, -163]
[550, 261, 117]
[449, 300, -110]
[507, 293, 58]
[426, 296, -131]
[500, 301, 53]
[426, 286, -123]
[497, 291, 33]
[433, 285, -103]
[500, 289, 47]
[594, 389, -61]
[567, 376, 62]
[550, 511, -137]
[534, 437, 46]
[552, 610, 17]
[537, 623, 113]
[563, 625, 32]
[551, 649, 117]
[520, 640, 19]
[484, 656, 93]
[526, 72, -50]
[537, 59, -67]
[539, 59, -67]
[541, 59, -67]
[535, 59, -40]
[537, 59, -39]
[538, 59, -39]
[562, 68, -103]
[557, 67, 14]
[534, 89, -62]
[534, 89, -27]
[603, 160, -153]
[566, 160, 81]
[550, 279, -148]
[540, 264, 70]
[453, 275, -75]
[506, 298, -44]
[426, 272, -95]
[496, 305, -57]
[430, 254, -86]
[495, 295, -73]
[438, 254, -69]
[497, 293, -55]
[598, 390, -60]
[563, 379, 60]
[551, 512, -133]
[538, 471, 73]
[553, 638, 53]
[539, 642, 145]
[563, 651, 69]
[550, 666, 154]
[521, 679, 48]
[485, 675, 123]
[527, 71, -46]
[538, 59, -63]
[540, 59, -63]
[543, 59, -63]
[536, 59, -36]
[538, 58, -36]
[539, 58, -36]
[564, 67, -102]
[559, 67, 14]
[536, 89, -58]
[535, 89, -24]
[609, 157, -152]
[564, 161, 83]
[554, 270, -137]
[536, 261, 62]
[463, 266, -52]
[501, 282, -58]
[436, 261, -64]
[489, 286, -71]
[438, 244, -58]
[490, 275, -82]
[447, 245, -45]
[495, 274, -67]
[598, 390, -60]
[560, 380, 60]
[552, 513, -89]
[539, 482, 85]
[555, 635, 67]
[540, 638, 151]
[564, 647, 79]
[551, 660, 163]
[520, 675, 63]
[486, 671, 126]
[528, 73, -43]
[539, 60, -60]
[542, 60, -61]
[544, 60, -61]
[538, 60, -34]
[539, 60, -34]
[541, 60, -34]
[565, 68, -102]
[561, 68, 15]
[538, 90, -56]
[537, 90, -22]
[609, 157, -151]
[569, 161, 82]
[553, 268, -135]
[535, 262, 67]
[462, 266, -58]
[500, 292, -40]
[435, 262, -74]
[490, 299, -52]
[438, 244, -67]
[491, 289, -67]
[448, 246, -52]
[496, 287, -50]
[597, 390, -59]
[562, 380, 59]
[553, 513, -77]
[539, 489, 83]
[556, 646, 68]
[539, 647, 153]
[564, 660, 80]
[550, 669, 160]
[520, 686, 57]
[487, 678, 127]
[530, 74, -36]
[540, 62, -53]
[543, 61, -53]
[546, 62, -53]
[538, 61, -27]
[539, 61, -27]
[541, 61, -27]
[567, 70, -94]
[560, 69, 22]
[540, 91, -48]
[537, 91, -14]
[610, 157, -144]
[567, 163, 90]
[550, 264, -122]
[533, 262, 41]
[460, 241, -22]
[498, 266, -104]
[438, 231, -29]
[489, 263, -120]
[441, 218, -23]
[490, 251, -125]
[449, 222, -15]
[495, 252, -111]
[597, 391, -59]
[562, 381, 59]
[552, 517, -71]
[541, 505, 87]
[549, 658, 68]
[540, 654, 156]
[559, 671, 80]
[553, 675, 162]
[506, 702, 56]
[492, 689, 131]
[531, 75, -41]
[542, 62, -57]
[545, 62, -57]
[548, 62, -57]
[539, 62, -32]
[540, 61, -32]
[541, 61, -32]
[570, 70, -92]
[560, 69, 21]
[541, 92, -51]
[538, 92, -18]
[612, 157, -137]
[564, 164, 86]
[548, 254, -121]
[523, 258, 29]
[455, 223, -24]
[491, 262, -120]
[438, 213, -32]
[485, 261, -138]
[439, 201, -25]
[488, 250, -142]
[447, 208, -17]
[494, 250, -128]
[596, 390, -55]
[560, 381, 55]
[552, 520, -75]
[540, 513, 67]
[547, 666, 66]
[539, 660, 139]
[554, 679, 79]
[550, 681, 144]
[508, 708, 45]
[495, 699, 104]
[533, 78, -34]
[544, 63, -51]
[548, 62, -51]
[552, 62, -51]
[540, 62, -25]
[540, 62, -25]
[541, 61, -25]
[574, 71, -84]
[559, 70, 27]
[543, 94, -44]
[538, 94, -11]
[613, 157, -131]
[562, 162, 95]
[543, 252, -123]
[504, 254, 9]
[460, 200, -26]
[491, 206, -171]
[442, 190, -31]
[488, 190, -191]
[454, 180, -26]
[492, 179, -187]
[464, 185, -19]
[498, 185, -175]
[596, 389, -55]
[559, 381, 56]
[550, 524, -90]
[539, 515, 67]
[549, 660, 55]
[539, 660, 136]
[555, 671, 69]
[550, 680, 141]
[512, 706, 41]
[496, 699, 104]
[533, 82, -29]
[544, 65, -46]
[547, 64, -46]
[551, 64, -46]
[539, 65, -20]
[539, 64, -20]
[540, 63, -20]
[573, 72, -80]
[559, 71, 32]
[542, 97, -39]
[538, 97, -7]
[612, 157, -127]
[561, 159, 97]
[541, 247, -126]
[493, 241, 7]
[463, 189, -34]
[481, 188, -168]
[445, 176, -40]
[478, 171, -188]
[457, 167, -33]
[484, 161, -184]
[467, 173, -26]
[490, 168, -174]
[594, 386, -56]
[558, 379, 56]
[549, 524, -86]
[539, 515, 65]
[546, 668, 43]
[539, 663, 127]
[554, 682, 54]
[549, 685, 131]
[508, 713, 17]
[496, 701, 90]
[532, 84, -27]
[543, 66, -44]
[547, 66, -44]
[551, 65, -44]
[539, 66, -18]
[539, 66, -18]
[540, 65, -18]
[573, 73, -78]
[558, 71, 32]
[542, 99, -37]
[537, 99, -5]
[612, 157, -124]
[561, 158, 97]
[541, 246, -122]
[491, 235, 9]
[465, 189, -22]
[478, 181, -164]
[446, 178, -26]
[477, 164, -183]
[459, 169, -20]
[481, 162, -179]
[469, 174, -14]
[485, 167, -169]
[592, 384, -55]
[558, 378, 56]
[547, 524, -87]
[538, 515, 63]
[543, 663, 43]
[538, 659, 124]
[551, 676, 54]
[549, 680, 128]
[506, 707, 21]
[497, 697, 89]
[527, 86, -31]
[537, 67, -48]
[540, 67, -48]
[544, 66, -48]
[534, 67, -22]
[535, 67, -22]
[536, 66, -22]
[570, 73, -83]
[557, 71, 30]
[536, 101, -42]
[533, 101, -8]
[612, 157, -127]
[559, 157, 98]
[535, 246, -137]
[479, 226, 23]
[462, 173, -57]
[429, 156, -125]
[446, 153, -67]
[422, 135, -142]
[459, 144, -55]
[424, 125, -146]
[468, 153, -50]
[430, 134, -133]
[588, 384, -58]
[557, 378, 58]
[545, 525, -86]
[538, 516, 70]
[539, 670, 46]
[535, 665, 131]
[549, 684, 58]
[545, 687, 137]
[499, 714, 23]
[492, 702, 100]
[525, 89, -27]
[534, 69, -44]
[537, 69, -44]
[540, 68, -44]
[531, 69, -17]
[533, 68, -17]
[534, 68, -17]
[567, 74, -82]
[555, 72, 36]
[535, 104, -38]
[532, 104, -4]
[611, 157, -128]
[557, 155, 104]
[534, 240, -144]
[474, 217, 56]
[463, 163, -86]
[419, 152, -74]
[447, 144, -100]
[401, 124, -87]
[462, 136, -87]
[400, 114, -95]
[468, 145, -79]
[408, 124, -84]
[584, 385, -60]
[553, 378, 60]
[544, 527, -108]
[538, 517, 69]
[539, 669, 50]
[528, 664, 145]
[549, 680, 62]
[537, 684, 153]
[502, 715, 29]
[486, 701, 110]
[520, 92, -25]
[527, 72, -43]
[530, 72, -43]
[532, 72, -43]
[525, 72, -16]
[526, 71, -16]
[526, 70, -16]
[559, 74, -82]
[545, 73, 37]
[531, 105, -37]
[529, 105, -2]
[611, 157, -128]
[555, 154, 104]
[533, 238, -149]
[481, 217, 48]
[469, 160, -89]
[433, 137, -113]
[456, 140, -100]
[420, 111, -129]
[473, 132, -90]
[420, 101, -132]
[476, 142, -81]
[427, 111, -121]
[581, 385, -62]
[551, 378, 62]
[542, 529, -106]
[537, 516, 72]
[540, 665, 51]
[528, 664, 149]
[550, 677, 64]
[537, 684, 156]
[504, 714, 33]
[486, 703, 112]
[492, 125, -29]
[506, 92, -46]
[510, 91, -46]
[513, 89, -47]
[504, 93, -20]
[505, 93, -20]
[506, 92, -20]
[537, 86, -87]
[527, 90, 32]
[516, 121, -40]
[512, 122, -6]
[604, 157, -129]
[554, 155, 95]
[532, 238, -151]
[482, 223, 47]
[478, 158, -80]
[440, 159, -83]
[460, 136, -94]
[424, 140, -94]
[475, 125, -89]
[424, 130, -93]
[478, 136, -73]
[432, 138, -88]
[576, 385, -62]
[550, 378, 62]
[540, 528, -106]
[537, 516, 72]
[537, 662, 50]
[528, 662, 142]
[549, 669, 63]
[538, 682, 147]
[503, 711, 34]
[487, 702, 108]
[499, 118, -31]
[508, 95, -48]
[511, 94, -48]
[515, 92, -48]
[506, 97, -21]
[506, 96, -21]
[507, 96, -21]
[538, 89, -88]
[527, 93, 27]
[518, 123, -42]
[513, 125, -8]
[601, 156, -129]
[551, 155, 87]
[532, 236, -148]
[484, 226, 20]
[485, 161, -71]
[470, 168, -122]
[471, 145, -76]
[468, 152, -134]
[486, 135, -66]
[470, 141, -129]
[488, 140, -62]
[476, 148, -125]
[574, 385, -62]
[549, 378, 62]
[540, 528, -103]
[537, 515, 72]
[535, 648, 50]
[524, 651, 142]
[547, 655, 64]
[533, 671, 148]
[500, 702, 43]
[481, 692, 113]
[482, 131, -29]
[478, 114, -48]
[480, 112, -48]
[484, 110, -48]
[476, 118, -21]
[477, 116, -21]
[480, 110, -21]
[518, 92, -97]
[500, 99, 23]
[501, 134, -43]
[498, 134, -9]
[590, 155, -136]
[547, 152, 81]
[541, 238, -147]
[485, 214, 81]
[496, 163, -34]
[475, 165, 52]
[485, 148, -33]
[476, 153, 57]
[497, 137, -23]
[478, 144, 59]
[499, 147, -25]
[481, 149, 51]
[567, 382, -64]
[547, 375, 64]
[539, 527, -102]
[537, 514, 78]
[533, 632, 69]
[523, 636, 162]
[546, 638, 87]
[532, 654, 170]
[499, 687, 75]
[481, 679, 142]
[469, 124, -38]
[465, 111, -58]
[466, 110, -58]
[480, 102, -58]
[464, 111, -32]
[464, 109, -32]
[465, 106, -32]
[506, 91, -109]
[497, 96, 10]
[486, 130, -53]
[483, 129, -18]
[575, 153, -139]
[534, 144, 63]
[542, 231, -146]
[485, 198, 58]
[512, 165, -41]
[489, 154, -21]
[503, 151, -40]
[493, 145, -22]
[508, 146, -32]
[496, 140, -20]
[515, 152, -32]
[498, 143, -24]
[565, 373, -60]
[542, 362, 60]
[540, 514, -103]
[537, 501, 77]
[533, 560, 139]
[519, 565, 206]
[543, 556, 165]
[524, 571, 221]
[502, 603, 181]
[481, 607, 227]
[476, 110, -54]
[477, 95, -74]
[480, 93, -74]
[485, 90, -74]
[476, 96, -49]
[477, 96, -49]
[478, 95, -50]
[508, 84, -123]
[502, 90, -12]
[491, 117, -68]
[488, 119, -36]
[566, 151, -146]
[537, 139, 44]
[543, 197, -149]
[513, 173, 157]
[522, 142, -42]
[522, 134, 266]
[515, 127, -40]
[528, 129, 286]
[522, 123, -35]
[529, 123, 283]
[525, 131, -35]
[527, 125, 266]
[566, 371, -60]
[540, 364, 60]
[540, 513, -95]
[536, 502, 79]
[531, 563, 158]
[516, 571, 220]
[540, 561, 185]
[520, 577, 236]
[502, 601, 201]
[482, 615, 239]
[477, 120, -53]
[481, 95, -72]
[484, 93, -72]
[489, 91, -72]
[479, 96, -48]
[479, 96, -48]
[480, 95, -48]
[510, 86, -115]
[500, 91, -8]
[491, 124, -65]
[489, 121, -34]
[570, 152, -142]
[533, 140, 47]
[547, 202, -175]
[509, 173, 163]
[529, 137, -127]
[512, 129, 269]
[524, 118, -132]
[517, 121, 290]
[531, 113, -124]
[519, 114, 286]
[530, 122, -122]
[517, 118, 270]
[566, 370, -60]
[538, 365, 60]
[539, 514, -96]
[534, 503, 79]
[532, 580, 134]
[518, 583, 208]
[541, 581, 159]
[523, 591, 223]
[508, 624, 168]
[484, 630, 222]
[475, 125, -50]
[477, 109, -70]
[479, 108, -70]
[486, 96, -71]
[477, 99, -44]
[478, 99, -44]
[479, 98, -44]
[509, 91, -111]
[500, 93, 0]
[488, 132, -64]
[485, 128, -30]
[573, 152, -142]
[525, 149, 57]
[546, 208, -158]
[496, 184, 98]
[523, 148, -31]
[509, 134, 173]
[515, 131, -27]
[517, 135, 209]
[524, 125, -18]
[519, 127, 144]
[526, 133, -23]
[518, 129, 236]
[567, 372, -59]
[537, 366, 59]
[539, 514, -113]
[534, 506, 65]
[533, 572, 123]
[518, 574, 199]
[541, 569, 149]
[523, 578, 215]
[512, 611, 167]
[485, 615, 226]
[474, 123, -51]
[478, 106, -70]
[481, 105, -70]
[486, 95, -71]
[477, 98, -44]
[478, 98, -44]
[479, 97, -44]
[509, 90, -113]
[500, 93, 1]
[487, 129, -64]
[484, 126, -30]
[573, 152, -141]
[521, 153, 56]
[548, 211, -163]
[493, 183, 88]
[529, 148, -61]
[506, 140, 95]
[523, 130, -56]
[514, 134, 99]
[534, 124, -44]
[516, 128, 82]
[534, 133, -53]
[515, 130, 111]
[567, 372, -58]
[536, 367, 58]
[540, 515, -109]
[534, 507, 62]
[534, 563, 130]
[519, 565, 199]
[542, 557, 156]
[523, 566, 216]
[512, 599, 175]
[490, 606, 230]
[473, 111, -50]
[474, 89, -69]
[476, 89, -70]
[486, 90, -70]
[473, 85, -43]
[474, 85, -43]
[474, 84, -43]
[510, 89, -118]
[502, 90, 0]
[487, 121, -63]
[483, 121, -29]
[564, 156, -152]
[524, 148, 59]
[545, 213, -151]
[504, 186, 160]
[528, 149, -11]
[512, 145, 240]
[522, 132, -5]
[516, 139, 259]
[533, 126, 0]
[518, 132, 254]
[534, 134, -4]
[517, 135, 239]
[564, 379, -66]
[537, 372, 67]
[538, 516, -107]
[534, 508, 85]
[534, 573, 119]
[520, 576, 204]
[542, 572, 142]
[523, 582, 217]
[506, 617, 153]
[489, 620, 223]
[473, 108, -65]
[478, 88, -83]
[481, 88, -83]
[487, 89, -83]
[475, 86, -60]
[475, 85, -59]
[475, 85, -60]
[512, 89, -122]
[504, 90, -16]
[488, 119, -74]
[485, 119, -44]
[567, 159, -152]
[525, 148, 51]
[541, 221, -152]
[504, 189, 136]
[527, 147, -25]
[511, 143, 195]
[522, 125, -28]
[517, 134, 211]
[535, 117, -17]
[517, 126, 207]
[535, 127, -14]
[516, 130, 193]
[563, 380, -65]
[536, 374, 65]
[538, 516, -105]
[534, 508, 82]
[532, 557, 136]
[520, 570, 203]
[541, 553, 162]
[524, 575, 218]
[498, 586, 187]
[489, 604, 229]
[478, 106, -101]
[488, 87, -115]
[493, 86, -115]
[497, 86, -116]
[482, 86, -96]
[480, 85, -96]
[478, 85, -96]
[519, 88, -134]
[505, 90, -44]
[493, 117, -102]
[485, 115, -77]
[570, 161, -147]
[521, 151, 19]
[554, 221, -174]
[504, 190, 121]
[534, 144, -136]
[509, 142, 181]
[529, 121, -140]
[513, 132, 195]
[539, 114, -132]
[514, 125, 189]
[538, 124, -130]
[513, 129, 179]
[564, 379, -50]
[533, 374, 50]
[538, 514, -104]
[534, 508, 42]
[534, 537, 132]
[522, 551, 201]
[542, 528, 159]
[524, 549, 213]
[512, 570, 183]
[501, 592, 228]
[483, 100, -109]
[493, 83, -123]
[498, 82, -123]
[501, 82, -123]
[482, 75, -104]
[481, 75, -104]
[483, 83, -104]
[520, 86, -140]
[505, 88, -58]
[496, 112, -111]
[486, 105, -87]
[570, 162, -143]
[523, 150, 1]
[553, 221, -135]
[506, 188, 120]
[537, 144, -61]
[507, 138, 192]
[533, 121, -57]
[512, 127, 208]
[542, 114, -55]
[513, 122, 202]
[541, 124, -57]
[513, 126, 191]
[562, 373, -41]
[532, 372, 41]
[538, 508, -93]
[534, 505, 32]
[534, 531, 159]
[525, 542, 198]
[542, 524, 187]
[524, 540, 215]
[516, 562, 208]
[509, 584, 230]
[486, 101, -123]
[497, 83, -137]
[502, 82, -137]
[505, 82, -137]
[488, 76, -117]
[482, 77, -117]
[486, 84, -117]
[524, 86, -151]
[506, 88, -63]
[496, 111, -123]
[487, 106, -98]
[572, 164, -153]
[505, 159, 12]
[557, 221, -172]
[505, 187, 132]
[538, 142, -122]
[504, 131, 225]
[533, 118, -124]
[507, 118, 243]
[541, 111, -120]
[508, 113, 236]
[540, 122, -117]
[508, 117, 224]
[563, 374, -45]
[530, 372, 46]
[538, 509, -100]
[534, 502, 45]
[535, 536, 157]
[526, 556, 197]
[544, 528, 186]
[526, 559, 213]
[515, 572, 205]
[510, 598, 221]
[488, 104, -113]
[498, 86, -128]
[502, 85, -128]
[506, 85, -128]
[490, 84, -108]
[486, 85, -108]
[486, 83, -108]
[524, 88, -147]
[506, 90, -57]
[497, 111, -115]
[487, 106, -89]
[572, 165, -151]
[505, 161, 16]
[558, 211, -171]
[505, 177, 145]
[539, 130, -112]
[504, 122, 253]
[533, 107, -113]
[507, 110, 273]
[542, 101, -108]
[507, 106, 268]
[541, 111, -107]
[507, 111, 253]
[563, 375, -47]
[528, 372, 48]
[537, 510, -117]
[534, 503, 44]
[537, 513, 153]
[528, 551, 204]
[545, 500, 184]
[528, 549, 223]
[517, 544, 219]
[513, 591, 244]
[487, 107, -132]
[497, 88, -148]
[502, 87, -148]
[505, 86, -148]
[484, 86, -127]
[481, 87, -127]
[480, 85, -127]
[524, 89, -164]
[505, 92, -69]
[494, 113, -132]
[485, 108, -105]
[574, 166, -169]
[505, 166, 11]
[565, 213, -232]
[505, 179, 134]
[540, 135, -219]
[504, 125, 225]
[533, 113, -228]
[508, 114, 243]
[541, 107, -219]
[508, 109, 237]
[541, 117, -213]
[507, 113, 224]
[564, 384, -56]
[528, 379, 56]
[535, 512, -107]
[535, 506, 80]
[537, 539, 146]
[536, 569, 220]
[546, 525, 174]
[540, 572, 236]
[517, 593, 214]
[515, 618, 240]
[483, 106, -112]
[497, 86, -128]
[501, 85, -128]
[505, 85, -128]
[484, 86, -107]
[481, 87, -107]
[480, 85, -107]
[524, 87, -157]
[504, 91, -53]
[494, 113, -115]
[483, 109, -88]
[575, 165, -151]
[498, 165, 16]
[569, 214, -203]
[504, 189, 131]
[540, 137, -183]
[504, 126, 223]
[533, 116, -188]
[508, 117, 241]
[541, 109, -180]
[508, 113, 236]
[540, 118, -178]
[507, 116, 223]
[568, 384, -50]
[525, 378, 51]
[536, 512, -115]
[535, 508, 43]
[539, 535, 160]
[535, 549, 219]
[547, 522, 192]
[536, 545, 241]
[521, 577, 223]
[513, 597, 263]
[483, 105, -108]
[496, 86, -123]
[501, 84, -123]
[505, 84, -123]
[484, 86, -103]
[481, 87, -103]
[481, 85, -103]
[524, 85, -153]
[504, 91, -50]
[495, 113, -110]
[482, 109, -83]
[575, 164, -146]
[496, 165, 14]
[570, 215, -202]
[503, 197, 114]
[540, 139, -187]
[506, 132, 209]
[533, 117, -193]
[512, 119, 228]
[541, 110, -184]
[510, 114, 227]
[540, 120, -182]
[509, 118, 212]
[569, 383, -48]
[524, 378, 48]
[537, 512, -111]
[535, 509, 44]
[540, 540, 156]
[534, 551, 214]
[547, 530, 186]
[534, 548, 234]
[521, 581, 209]
[512, 599, 252]
[482, 97, -108]
[493, 79, -126]
[496, 78, -126]
[499, 78, -126]
[480, 79, -104]
[479, 80, -104]
[480, 78, -104]
[518, 80, -162]
[504, 84, -59]
[494, 107, -116]
[480, 103, -87]
[566, 164, -169]
[527, 145, 6]
[549, 208, -166]
[510, 170, 130]
[537, 137, -54]
[506, 124, 243]
[532, 118, -50]
[506, 116, 263]
[540, 111, -48]
[507, 112, 255]
[540, 120, -49]
[507, 115, 242]
[568, 383, -53]
[527, 376, 53]
[537, 512, -80]
[536, 506, 78]
[538, 543, 151]
[533, 549, 223]
[546, 538, 181]
[534, 550, 241]
[517, 583, 205]
[511, 587, 255]
[482, 97, -78]
[491, 80, -95]
[494, 78, -95]
[497, 78, -95]
[481, 80, -73]
[480, 81, -73]
[480, 80, -73]
[517, 80, -131]
[504, 84, -29]
[495, 107, -87]
[484, 108, -58]
[567, 163, -150]
[530, 146, 24]
[550, 208, -153]
[511, 182, 101]
[537, 148, -54]
[518, 141, 137]
[532, 132, -51]
[523, 134, 149]
[540, 125, -44]
[523, 127, 146]
[539, 133, -47]
[521, 129, 136]
[569, 383, -53]
[531, 377, 53]
[538, 512, -80]
[536, 507, 66]
[537, 543, 149]
[533, 541, 219]
[545, 537, 177]
[534, 539, 236]
[515, 577, 201]
[511, 577, 254]
[478, 98, -75]
[483, 81, -94]
[486, 79, -94]
[489, 78, -95]
[479, 82, -70]
[473, 85, -70]
[479, 82, -70]
[511, 80, -132]
[502, 84, -25]
[487, 110, -87]
[481, 110, -55]
[568, 159, -154]
[531, 141, 30]
[550, 189, -153]
[515, 178, 136]
[533, 149, -28]
[518, 138, 211]
[531, 131, -24]
[522, 131, 228]
[540, 125, -19]
[522, 125, 221]
[539, 133, -22]
[522, 127, 209]
[573, 382, -56]
[531, 375, 56]
[538, 513, -116]
[538, 507, 52]
[537, 544, 145]
[533, 536, 223]
[545, 536, 176]
[533, 532, 244]
[516, 579, 205]
[510, 573, 277]
[476, 99, -58]
[480, 81, -75]
[483, 79, -75]
[485, 79, -75]
[477, 83, -53]
[474, 85, -53]
[478, 83, -53]
[506, 80, -114]
[498, 84, -14]
[485, 111, -69]
[481, 110, -40]
[569, 152, -127]
[530, 140, 29]
[551, 166, -128]
[520, 173, 134]
[533, 129, -22]
[532, 131, 223]
[531, 118, -17]
[539, 123, 240]
[540, 114, -13]
[538, 116, 237]
[538, 121, -16]
[536, 119, 223]
[576, 380, -51]
[532, 373, 51]
[541, 512, -116]
[542, 505, 41]
[537, 511, 162]
[532, 510, 224]
[543, 496, 195]
[532, 502, 247]
[515, 537, 240]
[512, 544, 285]
[474, 99, -54]
[478, 81, -70]
[481, 80, -70]
[483, 79, -70]
[476, 83, -50]
[475, 85, -50]
[477, 83, -50]
[503, 79, -105]
[496, 84, -13]
[484, 110, -63]
[480, 110, -37]
[568, 149, -111]
[530, 140, 24]
[551, 148, -133]
[526, 166, 113]
[533, 113, -53]
[545, 123, 189]
[529, 104, -50]
[555, 114, 202]
[538, 102, -43]
[553, 108, 200]
[538, 108, -46]
[549, 111, 190]
[576, 377, -45]
[536, 372, 45]
[544, 511, -110]
[544, 504, 44]
[535, 496, 157]
[532, 506, 212]
[538, 482, 187]
[532, 499, 234]
[510, 512, 224]
[515, 532, 279]
[471, 117, -64]
[471, 103, -81]
[474, 102, -81]
[479, 88, -81]
[467, 103, -60]
[467, 101, -60]
[472, 91, -60]
[499, 83, -111]
[489, 86, -17]
[483, 120, -73]
[478, 123, -45]
[571, 148, -120]
[518, 141, 21]
[552, 156, -142]
[525, 169, 105]
[534, 115, -64]
[539, 123, 168]
[529, 105, -62]
[548, 113, 185]
[538, 103, -56]
[546, 107, 183]
[538, 109, -58]
[543, 110, 169]
[579, 373, -46]
[536, 365, 46]
[546, 511, -125]
[543, 504, 33]
[535, 495, 156]
[531, 502, 212]
[538, 479, 188]
[530, 492, 234]
[510, 514, 236]
[515, 534, 276]
[472, 125, -48]
[473, 112, -65]
[476, 110, -65]
[481, 93, -65]
[471, 101, -41]
[471, 101, -41]
[474, 96, -41]
[502, 87, -100]
[491, 90, 8]
[490, 122, -57]
[486, 125, -26]
[579, 149, -125]
[517, 151, 58]
[549, 209, -140]
[506, 208, 23]
[524, 147, -45]
[535, 148, -72]
[515, 134, -44]
[543, 135, -75]
[524, 132, -36]
[541, 124, -71]
[525, 134, -37]
[539, 129, -73]
[580, 377, -52]
[537, 371, 52]
[546, 514, -132]
[543, 508, 45]
[536, 523, 117]
[531, 524, 195]
[540, 511, 144]
[531, 521, 212]
[511, 551, 178]
[512, 551, 241]
[472, 124, -46]
[484, 111, -64]
[488, 110, -65]
[491, 92, -65]
[481, 100, -39]
[482, 99, -39]
[483, 95, -39]
[515, 87, -103]
[502, 90, 11]
[492, 128, -56]
[494, 125, -23]
[590, 150, -127]
[517, 153, 69]
[549, 236, -143]
[479, 215, 25]
[503, 160, -49]
[471, 157, -111]
[491, 148, -60]
[469, 143, -123]
[501, 140, -54]
[471, 130, -125]
[504, 149, -42]
[476, 136, -117]
[580, 378, -56]
[538, 373, 57]
[545, 514, -126]
[543, 510, 60]
[539, 563, 104]
[532, 560, 190]
[547, 558, 128]
[536, 564, 206]
[515, 609, 148]
[508, 599, 222]
[498, 106, -29]
[507, 92, -47]
[508, 91, -47]
[511, 85, -47]
[506, 88, -21]
[507, 88, -21]
[508, 87, -21]
[537, 83, -85]
[525, 84, 27]
[509, 118, -40]
[506, 117, -7]
[595, 150, -125]
[526, 153, 87]
[535, 234, -143]
[478, 209, 36]
[493, 163, -62]
[458, 155, -105]
[482, 147, -78]
[453, 133, -120]
[487, 137, -72]
[456, 120, -122]
[495, 145, -56]
[462, 128, -111]
[580, 380, -59]
[542, 375, 59]
[545, 517, -95]
[543, 512, 65]
[541, 658, 43]
[539, 655, 136]
[552, 667, 54]
[550, 675, 141]
[514, 713, 22]
[508, 699, 101]
[505, 102, -41]
[514, 86, -58]
[518, 85, -58]
[520, 83, -58]
[513, 85, -33]
[513, 85, -33]
[513, 82, -33]
[545, 83, -93]
[529, 82, 18]
[516, 116, -51]
[512, 116, -19]
[598, 151, -127]
[526, 153, 79]
[535, 236, -144]
[477, 223, 17]
[491, 163, -82]
[445, 163, -157]
[476, 147, -94]
[437, 144, -175]
[486, 136, -88]
[438, 130, -181]
[490, 143, -76]
[446, 137, -166]
[580, 380, -58]
[542, 375, 59]
[545, 517, -124]
[543, 512, 63]
[549, 604, 82]
[539, 604, 167]
[559, 602, 103]
[547, 612, 180]
[529, 648, 112]
[507, 644, 180]
[518, 96, -33]
[526, 77, -49]
[530, 76, -49]
[532, 77, -49]
[524, 75, -24]
[524, 74, -24]
[524, 74, -24]
[557, 81, -81]
[540, 79, 27]
[527, 111, -42]
[523, 111, -11]
[599, 151, -123]
[532, 153, 87]
[532, 233, -145]
[478, 216, 16]
[485, 163, -93]
[453, 149, -155]
[472, 144, -107]
[447, 127, -174]
[485, 135, -99]
[449, 114, -177]
[490, 142, -88]
[456, 123, -163]
[581, 380, -58]
[543, 375, 58]
[546, 519, -129]
[540, 512, 55]
[550, 617, 63]
[534, 617, 143]
[559, 617, 82]
[543, 630, 153]
[530, 667, 81]
[500, 660, 142]
[519, 91, -17]
[527, 73, -33]
[530, 73, -33]
[532, 73, -33]
[524, 72, -7]
[525, 72, -7]
[525, 71, -7]
[560, 78, -68]
[546, 77, 44]
[528, 107, -27]
[524, 107, 4]
[600, 151, -115]
[543, 152, 104]
[531, 238, -132]
[480, 234, 26]
[477, 168, -68]
[457, 169, -150]
[464, 152, -81]
[452, 150, -169]
[477, 142, -73]
[454, 138, -170]
[485, 150, -62]
[461, 145, -157]
[581, 380, -58]
[547, 375, 58]
[545, 520, -124]
[539, 512, 62]
[552, 630, 60]
[537, 628, 142]
[562, 635, 78]
[547, 645, 151]
[528, 677, 70]
[501, 669, 135]
[523, 82, -18]
[532, 65, -34]
[535, 65, -34]
[538, 66, -34]
[529, 64, -9]
[530, 64, -9]
[531, 64, -9]
[564, 74, -66]
[554, 72, 43]
[531, 100, -28]
[527, 100, 3]
[601, 151, -116]
[546, 152, 109]
[530, 238, -130]
[482, 241, 28]
[476, 168, -60]
[450, 178, -151]
[463, 155, -71]
[443, 162, -170]
[475, 146, -64]
[445, 150, -172]
[481, 153, -54]
[454, 157, -159]
[581, 382, -58]
[549, 376, 59]
[543, 526, -123]
[538, 512, 73]
[555, 641, 62]
[542, 643, 146]
[566, 645, 79]
[554, 660, 153]
[529, 688, 69]
[506, 686, 131]
[528, 80, -24]
[537, 64, -39]
[540, 64, -39]
[542, 64, -39]
[535, 63, -14]
[536, 63, -14]
[537, 63, -14]
[566, 73, -72]
[559, 71, 37]
[535, 97, -33]
[532, 97, -2]
[604, 151, -117]
[546, 154, 104]
[529, 241, -134]
[483, 239, 26]
[467, 169, -61]
[448, 182, -150]
[454, 155, -72]
[439, 164, -169]
[464, 145, -64]
[442, 153, -171]
[471, 153, -54]
[449, 161, -158]
[581, 385, -60]
[551, 378, 60]
[541, 527, -109]
[538, 512, 85]
[554, 651, 56]
[549, 651, 150]
[565, 658, 72]
[562, 669, 156]
[526, 698, 55]
[514, 693, 128]
[527, 76, -25]
[536, 60, -41]
[539, 60, -41]
[542, 60, -41]
[533, 59, -16]
[534, 59, -15]
[535, 59, -16]
[567, 69, -76]
[559, 68, 35]
[534, 93, -36]
[531, 93, -3]
[605, 152, -123]
[547, 155, 105]
[529, 247, -126]
[483, 243, 33]
[466, 174, -35]
[441, 184, -131]
[454, 158, -44]
[430, 164, -148]
[466, 149, -37]
[432, 152, -153]
[472, 156, -28]
[441, 160, -139]
[583, 388, -62]
[552, 381, 62]
[538, 528, -106]
[538, 512, 95]
[553, 655, 55]
[549, 650, 155]
[565, 661, 71]
[562, 668, 162]
[522, 702, 59]
[513, 690, 141]
[530, 74, -22]
[540, 58, -38]
[543, 58, -38]
[546, 59, -38]
[537, 58, -12]
[538, 58, -12]
[539, 58, -12]
[570, 69, -75]
[562, 67, 38]
[537, 92, -33]
[534, 92, 0]
[605, 153, -123]
[551, 158, 107]
[530, 249, -121]
[489, 252, 35]
[467, 183, -18]
[445, 200, -129]
[455, 168, -24]
[439, 181, -147]
[466, 160, -17]
[440, 170, -150]
[472, 166, -10]
[446, 178, -137]
[584, 391, -62]
[553, 384, 62]
[538, 529, -88]
[538, 515, 86]
[552, 671, 47]
[548, 665, 143]
[564, 682, 59]
[560, 685, 147]
[519, 715, 33]
[511, 704, 116]
[532, 74, -25]
[543, 57, -42]
[546, 57, -42]
[548, 57, -42]
[541, 57, -16]
[542, 56, -16]
[543, 56, -16]
[571, 68, -75]
[565, 66, 35]
[539, 91, -35]
[536, 91, -4]
[605, 153, -134]
[558, 160, 105]
[531, 248, -139]
[492, 251, 61]
[452, 189, -55]
[443, 209, -71]
[427, 176, -67]
[433, 192, -83]
[438, 160, -54]
[433, 182, -90]
[448, 168, -45]
[440, 189, -79]
[584, 395, -62]
[555, 388, 62]
[537, 532, -94]
[538, 522, 85]
[557, 695, 40]
[548, 683, 142]
[570, 711, 52]
[560, 703, 147]
[520, 734, 17]
[512, 722, 108]
[536, 70, -29]
[547, 55, -46]
[549, 55, -46]
[553, 56, -46]
[544, 54, -18]
[545, 54, -18]
[546, 54, -18]
[575, 67, -82]
[566, 65, 33]
[542, 89, -40]
[539, 89, -6]
[606, 154, -141]
[562, 160, 101]
[531, 251, -137]
[494, 252, 31]
[454, 197, -32]
[458, 214, -137]
[433, 182, -40]
[451, 199, -155]
[440, 172, -32]
[454, 190, -157]
[450, 178, -25]
[461, 196, -144]
[585, 395, -62]
[557, 387, 62]
[537, 532, -91]
[538, 521, 83]
[563, 685, 50]
[547, 676, 146]
[577, 697, 63]
[559, 695, 152]
[526, 726, 33]
[511, 715, 116]
[539, 71, -27]
[549, 56, -46]
[552, 56, -46]
[555, 56, -46]
[546, 55, -18]
[547, 55, -18]
[548, 55, -18]
[576, 67, -87]
[568, 65, 32]
[545, 89, -40]
[542, 88, -5]
[607, 154, -146]
[569, 159, 102]
[531, 252, -118]
[499, 250, 34]
[454, 201, 18]
[484, 219, -119]
[439, 185, 14]
[483, 206, -135]
[443, 179, 17]
[488, 197, -136]
[453, 186, 25]
[493, 203, -125]
[589, 395, -63]
[562, 386, 63]
[537, 532, -90]
[535, 528, 94]
[561, 678, 51]
[542, 666, 150]
[575, 690, 64]
[553, 686, 153]
[523, 717, 46]
[500, 703, 117]
[540, 70, -26]
[551, 56, -45]
[553, 56, -45]
[556, 56, -45]
[548, 55, -17]
[549, 55, -17]
[550, 55, -17]
[576, 67, -87]
[570, 65, 31]
[547, 88, -40]
[544, 88, -5]
[607, 154, -145]
[575, 159, 102]
[532, 251, -120]
[510, 247, 35]
[452, 205, 12]
[490, 214, -120]
[439, 196, 8]
[487, 201, -136]
[440, 183, 14]
[491, 191, -137]
[450, 189, 20]
[496, 198, -126]
[589, 396, -64]
[564, 386, 64]
[537, 532, -79]
[537, 524, 97]
[555, 677, 53]
[539, 667, 151]
[570, 690, 65]
[550, 689, 156]
[509, 716, 49]
[493, 699, 127]
[544, 69, -26]
[554, 54, -45]
[557, 55, -45]
[560, 56, -45]
[552, 54, -18]
[552, 54, -18]
[553, 54, -18]
[579, 67, -89]
[572, 64, 31]
[550, 87, -40]
[547, 87, -5]
[609, 155, -146]
[575, 158, 101]
[535, 253, -107]
[516, 251, 46]
[453, 214, 39]
[498, 225, -94]
[442, 206, 36]
[497, 241, -111]
[440, 195, 39]
[502, 230, -116]
[450, 201, 46]
[507, 232, -101]
[588, 396, -65]
[563, 386, 65]
[538, 531, -74]
[537, 522, 101]
[546, 674, 54]
[537, 666, 158]
[562, 687, 67]
[548, 688, 162]
[498, 719, 52]
[490, 699, 137]
[545, 68, -29]
[555, 54, -48]
[557, 54, -48]
[560, 55, -48]
[553, 53, -20]
[554, 53, -20]
[555, 53, -20]
[578, 66, -94]
[573, 64, 25]
[551, 86, -43]
[549, 86, -8]
[610, 155, -148]
[579, 157, 93]
[539, 261, -102]
[530, 263, 89]
[453, 228, 36]
[497, 311, 3]
[433, 217, 28]
[490, 327, -6]
[436, 207, 33]
[495, 316, -24]
[446, 210, 43]
[501, 311, -6]
[587, 397, -65]
[562, 386, 65]
[538, 532, -58]
[537, 522, 99]
[543, 685, 55]
[536, 675, 163]
[557, 702, 69]
[548, 698, 168]
[495, 728, 48]
[491, 707, 139]
[546, 67, -42]
[555, 53, -60]
[558, 53, -60]
[560, 54, -60]
[554, 53, -34]
[555, 53, -34]
[557, 53, -34]
[577, 65, -102]
[574, 63, 9]
[552, 85, -55]
[550, 84, -22]
[609, 155, -150]
[583, 155, 78]
[540, 266, -121]
[541, 260, 86]
[436, 247, -51]
[493, 293, 8]
[408, 241, -69]
[488, 298, 0]
[411, 222, -60]
[489, 287, -18]
[424, 224, -45]
[496, 286, -2]
[586, 398, -63]
[562, 386, 64]
[538, 531, -59]
[537, 519, 98]
[543, 679, 56]
[536, 670, 162]
[558, 695, 70]
[547, 692, 166]
[498, 724, 51]
[491, 704, 139]
[547, 67, -46]
[557, 53, -64]
[560, 53, -64]
[562, 54, -64]
[555, 53, -38]
[557, 53, -38]
[558, 53, -38]
[578, 65, -107]
[574, 63, 6]
[554, 85, -59]
[551, 84, -26]
[609, 155, -155]
[581, 155, 75]
[541, 267, -138]
[541, 261, 85]
[440, 259, -77]
[490, 304, 4]
[414, 256, -96]
[486, 317, -4]
[418, 237, -88]
[484, 306, -23]
[428, 239, -71]
[491, 302, -6]
[586, 398, -62]
[562, 386, 62]
[539, 530, -68]
[538, 512, 99]
[547, 663, 77]
[531, 658, 170]
[561, 676, 92]
[540, 683, 177]
[502, 700, 82]
[485, 688, 158]
[546, 65, -46]
[557, 52, -64]
[560, 52, -64]
[562, 53, -64]
[555, 51, -37]
[556, 51, -37]
[558, 52, -37]
[578, 65, -106]
[574, 63, 8]
[553, 84, -59]
[550, 83, -25]
[610, 155, -153]
[579, 155, 76]
[543, 268, -137]
[535, 261, 83]
[443, 260, -71]
[488, 303, 0]
[417, 258, -89]
[478, 315, -10]
[422, 239, -80]
[476, 303, -29]
[431, 241, -64]
[484, 300, -12]
[586, 398, -61]
[561, 386, 61]
[540, 528, -72]
[538, 509, 96]
[555, 663, 73]
[530, 658, 168]
[568, 676, 88]
[538, 682, 174]
[515, 700, 72]
[484, 688, 156]
[545, 64, -44]
[557, 51, -62]
[559, 52, -62]
[562, 53, -62]
[555, 51, -37]
[556, 51, -37]
[557, 51, -37]
[578, 65, -104]
[574, 63, 13]
[552, 83, -57]
[549, 83, -24]
[610, 156, -153]
[578, 155, 82]
[544, 271, -144]
[535, 263, 94]
[443, 276, -80]
[484, 300, 12]
[414, 279, -101]
[471, 309, 3]
[416, 260, -91]
[469, 299, -17]
[426, 260, -74]
[476, 296, 0]
[586, 398, -61]
[561, 386, 61]
[540, 526, -100]
[538, 508, 86]
[563, 663, 60]
[530, 659, 157]
[578, 676, 75]
[538, 682, 163]
[531, 701, 55]
[486, 693, 134]
[545, 65, -43]
[556, 52, -61]
[559, 52, -61]
[561, 53, -61]
[554, 51, -36]
[555, 51, -36]
[557, 52, -36]
[577, 65, -108]
[573, 63, 13]
[552, 84, -56]
[549, 83, -23]
[609, 156, -159]
[582, 154, 83]
[543, 273, -142]
[541, 261, 98]
[445, 290, -62]
[487, 285, 24]
[418, 292, -78]
[474, 291, 17]
[420, 255, -70]
[471, 280, -1]
[429, 277, -56]
[478, 279, 13]
[585, 399, -62]
[561, 386, 62]
[541, 525, -83]
[537, 507, 90]
[562, 663, 58]
[528, 659, 158]
[576, 677, 71]
[537, 682, 163]
[528, 701, 52]
[482, 691, 135]
[544, 62, -37]
[555, 50, -56]
[558, 50, -56]
[561, 51, -56]
[554, 49, -28]
[555, 49, -28]
[557, 50, -28]
[577, 64, -107]
[573, 62, 19]
[550, 81, -52]
[548, 80, -17]
[604, 156, -158]
[583, 154, 92]
[541, 276, -157]
[544, 260, 122]
[439, 307, -102]
[486, 281, 64]
[416, 315, -123]
[471, 286, 59]
[416, 291, -116]
[467, 277, 37]
[425, 292, -98]
[473, 276, 51]
[583, 399, -63]
[561, 385, 63]
[540, 519, -132]
[526, 502, 75]
[560, 637, 14]
[529, 638, 120]
[576, 649, 28]
[537, 663, 123]
[525, 675, 24]
[482, 670, 107]
[543, 62, -38]
[555, 50, -56]
[558, 51, -56]
[560, 51, -56]
[553, 49, -29]
[554, 50, -29]
[556, 50, -29]
[577, 64, -106]
[573, 62, 11]
[549, 81, -53]
[547, 80, -19]
[599, 156, -161]
[585, 153, 86]
[541, 281, -163]
[551, 257, 124]
[441, 321, -112]
[495, 275, 92]
[416, 328, -132]
[483, 283, 91]
[417, 306, -127]
[478, 276, 71]
[425, 304, -108]
[483, 274, 81]
[579, 399, -64]
[561, 384, 64]
[540, 514, -94]
[523, 492, 118]
[555, 622, 39]
[529, 617, 162]
[573, 635, 54]
[538, 642, 165]
[520, 652, 74]
[476, 642, 169]
[543, 62, -38]
[555, 50, -56]
[557, 51, -56]
[560, 51, -57]
[553, 50, -30]
[554, 50, -30]
[556, 50, -30]
[576, 64, -106]
[573, 62, 9]
[549, 81, -54]
[546, 80, -20]
[596, 156, -162]
[587, 153, 84]
[541, 282, -163]
[553, 255, 126]
[441, 322, -110]
[500, 269, 97]
[416, 325, -129]
[489, 275, 97]
[416, 307, -124]
[484, 268, 77]
[425, 305, -106]
[488, 267, 87]
[577, 400, -65]
[561, 383, 65]
[537, 512, -90]
[520, 486, 121]
[547, 616, 42]
[525, 609, 168]
[565, 630, 58]
[535, 634, 172]
[509, 644, 77]
[467, 632, 175]
[541, 62, -40]
[554, 50, -58]
[557, 51, -58]
[559, 51, -58]
[552, 49, -31]
[553, 50, -31]
[554, 50, -31]
[576, 64, -107]
[572, 62, 7]
[546, 81, -55]
[543, 80, -22]
[594, 155, -167]
[587, 152, 82]
[539, 281, -170]
[553, 254, 128]
[439, 332, -116]
[506, 269, 99]
[415, 348, -136]
[496, 276, 100]
[417, 324, -132]
[491, 268, 79]
[423, 323, -112]
[495, 267, 88]
[578, 400, -65]
[561, 383, 66]
[536, 512, -93]
[517, 479, 117]
[542, 597, 73]
[519, 592, 179]
[559, 605, 91]
[529, 615, 185]
[506, 629, 110]
[465, 616, 189]
[539, 62, -44]
[553, 50, -61]
[556, 51, -61]
[559, 51, -61]
[551, 50, -36]
[552, 50, -36]
[554, 50, -36]
[574, 64, -108]
[571, 62, 2]
[545, 81, -58]
[541, 80, -26]
[592, 155, -166]
[586, 152, 74]
[539, 283, -164]
[551, 250, 133]
[446, 336, -102]
[512, 268, 131]
[419, 356, -120]
[505, 275, 135]
[419, 338, -117]
[501, 267, 117]
[430, 325, -99]
[504, 266, 122]
[577, 400, -65]
[558, 380, 66]
[536, 511, -83]
[519, 481, 122]
[543, 597, 95]
[520, 594, 197]
[559, 606, 113]
[529, 617, 205]
[506, 629, 130]
[465, 618, 209]
[538, 65, -45]
[552, 53, -62]
[555, 53, -62]
[558, 54, -62]
[549, 52, -37]
[550, 52, -37]
[551, 52, -37]
[573, 66, -108]
[568, 63, 4]
[544, 84, -58]
[540, 83, -26]
[590, 157, -165]
[581, 152, 75]
[538, 287, -160]
[549, 247, 128]
[449, 343, -96]
[514, 271, 105]
[424, 361, -113]
[508, 282, 104]
[422, 342, -112]
[505, 273, 85]
[433, 336, -93]
[508, 271, 95]
[577, 400, -65]
[551, 379, 65]
[534, 511, -115]
[506, 480, 45]
[540, 609, 50]
[510, 604, 121]
[554, 619, 67]
[520, 626, 128]
[507, 638, 69]
[454, 622, 115]
[535, 69, -54]
[548, 56, -71]
[551, 56, -71]
[555, 57, -72]
[544, 55, -46]
[545, 55, -46]
[546, 55, -46]
[571, 69, -114]
[562, 65, 0]
[541, 88, -67]
[537, 86, -34]
[587, 158, -170]
[573, 152, 70]
[538, 291, -169]
[545, 260, 114]
[452, 355, -112]
[511, 324, 89]
[430, 376, -132]
[503, 344, 99]
[426, 362, -130]
[501, 339, 60]
[436, 356, -109]
[505, 333, 75]
[574, 400, -64]
[542, 379, 64]
[531, 514, -122]
[503, 495, 70]
[536, 613, 79]
[498, 610, 159]
[549, 622, 100]
[505, 632, 168]
[507, 646, 106]
[447, 637, 150]
[531, 70, -55]
[544, 56, -73]
[547, 57, -73]
[551, 58, -73]
[541, 55, -47]
[542, 55, -47]
[543, 55, -47]
[569, 70, -118]
[561, 66, -3]
[538, 89, -69]
[534, 87, -36]
[586, 158, -178]
[572, 153, 68]
[539, 290, -181]
[546, 261, 114]
[454, 358, -132]
[510, 313, 78]
[433, 378, -154]
[503, 330, 80]
[428, 365, -151]
[499, 323, 54]
[437, 359, -129]
[504, 319, 66]
[571, 401, -64]
[544, 379, 64]
[529, 513, -120]
[507, 493, 107]
[538, 584, 103]
[504, 588, 201]
[551, 586, 127]
[512, 606, 211]
[508, 617, 150]
[451, 612, 214]
[527, 69, -44]
[540, 56, -59]
[544, 57, -60]
[547, 57, -60]
[537, 55, -33]
[538, 55, -33]
[539, 55, -33]
[567, 70, -103]
[556, 65, 13]
[533, 88, -58]
[529, 87, -24]
[582, 157, -173]
[566, 153, 78]
[539, 290, -178]
[546, 270, 111]
[461, 369, -130]
[512, 343, 58]
[443, 395, -151]
[503, 365, 55]
[433, 386, -147]
[500, 361, 30]
[444, 375, -126]
[505, 355, 46]
[570, 402, -64]
[542, 381, 64]
[526, 513, -165]
[488, 478, 17]
[532, 570, 80]
[490, 583, 121]
[546, 570, 121]
[499, 601, 131]
[502, 605, 122]
[446, 617, 120]
[523, 69, -56]
[535, 56, -74]
[538, 57, -74]
[541, 57, -74]
[533, 55, -48]
[535, 55, -48]
[536, 55, -48]
[561, 70, -122]
[555, 65, -8]
[528, 88, -71]
[526, 87, -38]
[577, 157, -186]
[567, 153, 69]
[539, 292, -194]
[551, 268, 111]
[462, 383, -152]
[526, 327, 70]
[444, 410, -177]
[521, 344, 71]
[434, 403, -173]
[517, 339, 47]
[443, 396, -148]
[519, 334, 59]
[564, 401, -65]
[543, 381, 65]
[519, 514, -85]
[515, 500, 95]
[533, 644, 75]
[520, 649, 161]
[547, 662, 94]
[530, 675, 167]
[501, 671, 78]
[469, 675, 138]
[518, 69, -55]
[530, 56, -73]
[533, 57, -73]
[536, 57, -73]
[528, 55, -47]
[530, 55, -47]
[531, 55, -47]
[557, 69, -119]
[551, 65, -7]
[523, 88, -69]
[521, 87, -36]
[571, 157, -180]
[568, 153, 70]
[535, 291, -185]
[553, 262, 123]
[467, 387, -132]
[531, 323, 116]
[455, 414, -155]
[528, 341, 121]
[444, 408, -151]
[523, 334, 100]
[450, 396, -129]
[524, 332, 106]
[555, 401, -65]
[549, 385, 65]
[519, 522, -51]
[524, 515, 92]
[529, 694, 57]
[526, 690, 153]
[544, 718, 65]
[536, 718, 157]
[487, 725, 33]
[473, 715, 123]
