[468, 165, -250]
[482, 147, -240]
[491, 148, -240]
[500, 149, -240]
[462, 146, -229]
[457, 147, -229]
[451, 147, -229]
[520, 160, -142]
[455, 160, -88]
[484, 185, -216]
[461, 185, -200]
[584, 274, -123]
[407, 276, 21]
[612, 429, -284]
[373, 399, -19]
[578, 352, -523]
[307, 349, -264]
[561, 342, -572]
[280, 313, -297]
[556, 320, -555]
[287, 299, -308]
[556, 325, -521]
[292, 302, -276]
[536, 542, -56]
[424, 532, 56]
[540, 753, -41]
[431, 745, 104]
[531, 942, 110]
[423, 932, 259]
[539, 971, 123]
[422, 961, 270]
[502, 994, -12]
[420, 987, 100]
[469, 170, -252]
[484, 151, -240]
[493, 152, -240]
[502, 153, -240]
[464, 150, -229]
[459, 150, -229]
[454, 150, -229]
[520, 165, -141]
[457, 163, -88]
[485, 190, -216]
[461, 189, -201]
[583, 277, -121]
[406, 279, 20]
[617, 430, -291]
[352, 376, -67]
[620, 326, -527]
[273, 305, -337]
[609, 310, -575]
[263, 307, -373]
[607, 290, -560]
[269, 294, -381]
[603, 298, -526]
[279, 301, -349]
[544, 541, -52]
[431, 533, 52]
[549, 751, -47]
[438, 747, 108]
[544, 940, 115]
[434, 932, 271]
[554, 968, 129]
[433, 961, 283]
[514, 994, -7]
[433, 987, 125]
[471, 168, -253]
[487, 149, -240]
[495, 150, -240]
[504, 151, -240]
[466, 149, -229]
[461, 149, -229]
[456, 150, -229]
[520, 164, -139]
[459, 162, -84]
[489, 188, -217]
[463, 188, -202]
[583, 277, -128]
[406, 282, 24]
[615, 433, -299]
[350, 378, -68]
[600, 337, -538]
[265, 321, -365]
[584, 329, -588]
[250, 313, -403]
[578, 305, -572]
[253, 296, -413]
[576, 312, -536]
[265, 303, -378]
[545, 540, -53]
[431, 534, 54]
[546, 751, -56]
[434, 750, 149]
[538, 940, 119]
[427, 932, 352]
[547, 968, 130]
[426, 960, 368]
[507, 993, -22]
[426, 989, 213]
[473, 166, -300]
[489, 149, -288]
[497, 149, -288]
[505, 150, -288]
[468, 148, -273]
[463, 148, -273]
[459, 149, -273]
[521, 162, -190]
[461, 161, -117]
[491, 187, -265]
[464, 187, -245]
[585, 277, -175]
[409, 281, 16]
[616, 434, -354]
[364, 395, -33]
[567, 351, -597]
[301, 333, -275]
[530, 341, -647]
[303, 318, -303]
[541, 314, -628]
[298, 299, -310]
[547, 328, -593]
[307, 307, -284]
[547, 540, -58]
[432, 534, 59]
[556, 750, -72]
[450, 750, 174]
[554, 938, 130]
[448, 932, 415]
[565, 965, 144]
[447, 959, 436]
[524, 992, -14]
[444, 988, 283]
[474, 167, -287]
[490, 149, -279]
[498, 149, -279]
[506, 150, -278]
[469, 148, -261]
[464, 148, -261]
[460, 149, -261]
[521, 162, -194]
[463, 162, -111]
[492, 188, -256]
[465, 187, -233]
[587, 277, -183]
[416, 282, 15]
[615, 434, -359]
[375, 407, -94]
[551, 351, -592]
[308, 322, -431]
[516, 334, -641]
[305, 309, -472]
[534, 308, -619]
[298, 296, -473]
[532, 325, -586]
[307, 304, -441]
[547, 539, -58]
[433, 535, 59]
[556, 746, -72]
[450, 750, 206]
[555, 933, 129]
[446, 930, 461]
[565, 961, 142]
[444, 957, 483]
[523, 988, -21]
[441, 986, 332]
[475, 166, -269]
[491, 148, -258]
[500, 149, -258]
[508, 150, -258]
[471, 147, -243]
[466, 148, -243]
[462, 148, -243]
[522, 163, -163]
[464, 161, -93]
[493, 187, -235]
[466, 187, -215]
[587, 276, -144]
[417, 281, 21]
[622, 432, -313]
[375, 406, -94]
[606, 340, -557]
[309, 324, -420]
[600, 318, -607]
[301, 311, -461]
[608, 301, -592]
[297, 292, -464]
[602, 309, -555]
[307, 300, -431]
[549, 538, -56]
[434, 535, 57]
[552, 744, -61]
[445, 749, 190]
[548, 930, 129]
[440, 928, 424]
[557, 957, 142]
[437, 954, 443]
[516, 986, -16]
[436, 985, 293]
[476, 166, -245]
[491, 148, -237]
[500, 148, -237]
[508, 149, -237]
[472, 147, -221]
[467, 147, -221]
[463, 147, -221]
[522, 162, -154]
[466, 161, -78]
[494, 187, -215]
[467, 187, -194]
[588, 276, -142]
[421, 281, 30]
[620, 431, -303]
[376, 406, -77]
[563, 347, -517]
[310, 333, -397]
[525, 329, -563]
[301, 320, -438]
[579, 299, -548]
[298, 300, -442]
[582, 307, -514]
[305, 312, -408]
[549, 538, -56]
[435, 535, 56]
[552, 741, -54]
[444, 746, 196]
[547, 928, 107]
[439, 926, 417]
[557, 955, 114]
[438, 952, 436]
[515, 983, -43]
[434, 984, 290]
[476, 165, -251]
[492, 147, -247]
[500, 148, -247]
[508, 149, -247]
[472, 146, -229]
[467, 147, -229]
[463, 147, -230]
[522, 162, -177]
[467, 160, -95]
[494, 187, -226]
[467, 186, -202]
[589, 277, -152]
[424, 284, 16]
[619, 423, -319]
[381, 410, 17]
[575, 339, -565]
[305, 338, -164]
[549, 320, -611]
[275, 327, -185]
[574, 295, -597]
[276, 311, -201]
[574, 301, -564]
[287, 316, -176]
[548, 538, -56]
[435, 535, 57]
[555, 741, -40]
[447, 746, 187]
[553, 928, 141]
[444, 926, 404]
[563, 956, 151]
[444, 952, 422]
[523, 983, 5]
[440, 984, 279]
[476, 165, -244]
[492, 147, -243]
[500, 148, -243]
[508, 149, -243]
[472, 146, -225]
[467, 146, -225]
[463, 147, -226]
[523, 162, -182]
[468, 160, -100]
[494, 187, -223]
[467, 186, -199]
[589, 277, -159]
[426, 283, 9]
[619, 421, -308]
[384, 409, 56]
[561, 351, -551]
[303, 342, -71]
[539, 334, -562]
[272, 334, -84]
[557, 309, -546]
[274, 319, -102]
[558, 314, -541]
[285, 322, -83]
[546, 537, -53]
[435, 534, 54]
[552, 740, -15]
[446, 744, 179]
[551, 925, 155]
[447, 924, 394]
[561, 953, 165]
[447, 950, 410]
[522, 976, 33]
[440, 981, 259]
[476, 165, -265]
[492, 146, -267]
[500, 147, -267]
[508, 148, -267]
[472, 146, -249]
[468, 146, -249]
[463, 146, -249]
[523, 161, -210]
[468, 159, -125]
[494, 186, -243]
[467, 186, -219]
[590, 278, -189]
[427, 283, 0]
[607, 422, -304]
[388, 411, 62]
[531, 368, -498]
[301, 348, -68]
[486, 345, -524]
[270, 341, -81]
[494, 323, -511]
[271, 325, -103]
[509, 327, -491]
[282, 328, -81]
[545, 539, -55]
[434, 534, 55]
[552, 741, -23]
[445, 745, 174]
[548, 925, 171]
[444, 924, 384]
[558, 953, 184]
[446, 950, 400]
[519, 977, 53]
[436, 981, 257]
[476, 165, -277]
[492, 146, -277]
[500, 147, -277]
[508, 148, -277]
[472, 146, -259]
[468, 146, -259]
[464, 146, -260]
[523, 161, -212]
[467, 159, -128]
[494, 186, -251]
[467, 186, -227]
[590, 278, -195]
[428, 283, 3]
[604, 422, -301]
[394, 410, 46]
[522, 388, -460]
[301, 354, -126]
[468, 370, -495]
[272, 345, -143]
[477, 336, -483]
[273, 326, -165]
[497, 355, -456]
[282, 330, -140]
[544, 540, -60]
[434, 534, 60]
[549, 743, -22]
[443, 745, 189]
[545, 925, 178]
[443, 924, 404]
[553, 953, 191]
[444, 950, 422]
[517, 978, 54]
[433, 981, 285]
[477, 164, -274]
[492, 146, -273]
[501, 147, -274]
[509, 148, -273]
[473, 145, -257]
[468, 146, -257]
[464, 146, -257]
[524, 161, -201]
[467, 159, -120]
[495, 186, -251]
[468, 186, -225]
[592, 278, -186]
[428, 282, 13]
[605, 423, -294]
[394, 410, 132]
[527, 410, -473]
[295, 359, 55]
[489, 423, -515]
[262, 352, 49]
[496, 381, -521]
[259, 331, 18]
[505, 385, -478]
[274, 336, 40]
[544, 540, -63]
[434, 534, 64]
[549, 744, -30]
[443, 745, 181]
[544, 922, 171]
[444, 922, 401]
[553, 948, 185]
[446, 948, 417]
[516, 975, 55]
[433, 976, 270]
[477, 164, -274]
[493, 145, -273]
[501, 146, -273]
[509, 147, -273]
[473, 145, -256]
[468, 145, -256]
[464, 146, -256]
[524, 160, -206]
[467, 158, -122]
[496, 186, -248]
[468, 185, -224]
[593, 277, -194]
[429, 282, 14]
[606, 423, -306]
[397, 410, 101]
[530, 412, -502]
[296, 370, -15]
[498, 422, -548]
[266, 365, -27]
[502, 383, -547]
[264, 345, -57]
[509, 384, -504]
[276, 348, -31]
[544, 541, -69]
[434, 534, 69]
[547, 742, -23]
[442, 739, 214]
[543, 916, 177]
[443, 912, 444]
[552, 942, 191]
[445, 938, 464]
[513, 968, 58]
[432, 964, 334]
[477, 164, -248]
[492, 145, -252]
[501, 146, -252]
[509, 146, -252]
[473, 145, -232]
[468, 145, -232]
[464, 146, -232]
[524, 160, -201]
[467, 158, -109]
[496, 185, -227]
[468, 185, -200]
[594, 277, -191]
[429, 283, 20]
[607, 427, -278]
[397, 410, 78]
[515, 419, -400]
[297, 384, -48]
[479, 436, -434]
[266, 381, -52]
[481, 404, -424]
[264, 363, -89]
[492, 396, -396]
[278, 366, -71]
[543, 543, -69]
[434, 534, 69]
[542, 743, -21]
[439, 740, 202]
[538, 917, 172]
[441, 914, 414]
[548, 943, 185]
[445, 940, 432]
[505, 970, 55]
[427, 966, 303]
[477, 163, -242]
[492, 145, -243]
[500, 145, -243]
[509, 146, -243]
[473, 145, -224]
[468, 145, -224]
[464, 146, -224]
[524, 160, -184]
[467, 158, -93]
[496, 185, -218]
[468, 185, -193]
[596, 277, -169]
[429, 283, 22]
[615, 430, -264]
[393, 411, 60]
[574, 444, -441]
[292, 392, -139]
[559, 458, -473]
[264, 392, -165]
[557, 432, -447]
[264, 370, -196]
[537, 409, -433]
[268, 377, -160]
[545, 543, -68]
[434, 534, 69]
[545, 743, -24]
[441, 740, 196]
[542, 921, 167]
[442, 915, 406]
[552, 948, 178]
[444, 941, 424]
[510, 970, 37]
[430, 967, 302]
[477, 163, -220]
[492, 145, -220]
[500, 145, -220]
[509, 146, -220]
[473, 145, -202]
[468, 145, -202]
[464, 146, -202]
[524, 160, -166]
[467, 158, -79]
[496, 185, -198]
[468, 184, -173]
[595, 277, -159]
[429, 283, 32]
[615, 431, -219]
[385, 411, 64]
[570, 462, -358]
[273, 400, -113]
[549, 482, -396]
[242, 402, -137]
[555, 459, -397]
[241, 388, -172]
[537, 448, -360]
[248, 387, -134]
[544, 543, -65]
[434, 534, 66]
[541, 743, -26]
[438, 740, 185]
[537, 921, 146]
[437, 916, 361]
[546, 948, 156]
[439, 942, 376]
[503, 970, 28]
[421, 968, 254]
[476, 163, -217]
[491, 145, -216]
[500, 145, -216]
[508, 146, -216]
[472, 145, -199]
[468, 145, -199]
[463, 146, -199]
[524, 160, -155]
[466, 158, -75]
[495, 185, -193]
[468, 184, -170]
[595, 277, -150]
[429, 283, 37]
[613, 431, -206]
[385, 411, 38]
[556, 448, -332]
[285, 409, -183]
[528, 461, -369]
[259, 410, -214]
[530, 435, -369]
[244, 396, -240]
[531, 428, -333]
[259, 397, -201]
[545, 543, -63]
[436, 534, 63]
[543, 743, -18]
[438, 741, 163]
[538, 920, 162]
[437, 916, 327]
[548, 946, 174]
[439, 942, 341]
[503, 971, 54]
[421, 968, 220]
[474, 163, -194]
[488, 145, -197]
[497, 145, -197]
[506, 145, -197]
[471, 145, -178]
[467, 145, -178]
[462, 146, -178]
[524, 159, -153]
[466, 158, -65]
[492, 185, -176]
[467, 184, -151]
[594, 277, -155]
[428, 282, 45]
[608, 431, -188]
[385, 411, 64]
[529, 453, -260]
[288, 417, -115]
[495, 473, -290]
[262, 418, -138]
[494, 456, -290]
[245, 405, -167]
[500, 440, -259]
[264, 406, -133]
[540, 543, -62]
[435, 533, 63]
[533, 742, -15]
[431, 740, 147]
[528, 918, 159]
[430, 915, 287]
[539, 944, 170]
[434, 941, 298]
[491, 967, 51]
[410, 966, 184]
[474, 162, -211]
[488, 144, -211]
[496, 144, -211]
[505, 145, -211]
[471, 145, -193]
[467, 145, -193]
[462, 146, -193]
[524, 158, -159]
[466, 158, -72]
[492, 184, -189]
[466, 184, -164]
[594, 276, -156]
[428, 279, 49]
[608, 427, -210]
[387, 410, 112]
[523, 468, -327]
[302, 433, -27]
[494, 490, -366]
[278, 441, -46]
[493, 481, -369]
[267, 428, -82]
[499, 468, -329]
[283, 428, -47]
[539, 541, -63]
[435, 531, 63]
[533, 741, -29]
[431, 737, 130]
[528, 916, 159]
[430, 913, 290]
[539, 940, 170]
[433, 939, 302]
[493, 967, 49]
[411, 964, 178]
[473, 162, -218]
[487, 144, -218]
[496, 144, -218]
[505, 144, -218]
[471, 144, -200]
[467, 145, -200]
[462, 145, -200]
[524, 158, -163]
[466, 157, -77]
[491, 183, -195]
[466, 183, -171]
[594, 275, -172]
[428, 277, 45]
[607, 424, -214]
[389, 408, 111]
[521, 478, -307]
[315, 449, -23]
[494, 502, -346]
[289, 464, -42]
[491, 497, -351]
[281, 453, -81]
[496, 483, -309]
[294, 450, -44]
[535, 540, -66]
[435, 529, 67]
[527, 741, -31]
[428, 737, 121]
[517, 916, 162]
[421, 914, 265]
[527, 941, 175]
[425, 940, 275]
[482, 968, 53]
[398, 964, 149]
[472, 161, -224]
[486, 143, -228]
[494, 143, -228]
[503, 144, -228]
[471, 144, -207]
[466, 144, -207]
[461, 145, -207]
[524, 158, -180]
[466, 156, -83]
[489, 183, -204]
[466, 183, -175]
[593, 274, -186]
[428, 273, 43]
[607, 421, -216]
[391, 404, 140]
[521, 487, -295]
[322, 459, 30]
[495, 512, -333]
[304, 476, 16]
[481, 502, -339]
[300, 464, -23]
[487, 490, -297]
[313, 456, 10]
[534, 538, -70]
[435, 527, 70]
[523, 741, -31]
[423, 735, 136]
[511, 917, 171]
[413, 913, 300]
[519, 941, 184]
[416, 939, 314]
[478, 968, 58]
[389, 964, 187]
[470, 160, -225]
[485, 142, -228]
[493, 142, -228]
[502, 143, -228]
[469, 143, -208]
[465, 143, -208]
[460, 144, -208]
[524, 157, -179]
[466, 155, -84]
[488, 182, -204]
[465, 181, -177]
[592, 273, -184]
[428, 272, 43]
[606, 417, -208]
[391, 404, 141]
[522, 500, -290]
[320, 463, 28]
[497, 527, -329]
[300, 482, 12]
[482, 516, -337]
[295, 473, -28]
[488, 505, -293]
[307, 468, 8]
[533, 537, -69]
[433, 527, 70]
[520, 741, -31]
[419, 734, 128]
[505, 916, 188]
[409, 911, 297]
[513, 940, 203]
[412, 937, 310]
[473, 967, 80]
[386, 962, 184]
[470, 159, -223]
[484, 141, -224]
[492, 141, -224]
[501, 142, -224]
[469, 142, -204]
[464, 142, -204]
[460, 143, -204]
[524, 157, -168]
[466, 154, -78]
[487, 180, -201]
[464, 180, -175]
[592, 272, -175]
[427, 272, 52]
[604, 416, -201]
[391, 404, 145]
[523, 508, -304]
[325, 471, 20]
[500, 536, -346]
[302, 492, 2]
[485, 524, -355]
[292, 483, -39]
[491, 513, -308]
[305, 479, 0]
[531, 539, -69]
[430, 527, 70]
[513, 746, -58]
[407, 736, 101]
[494, 918, 180]
[396, 912, 263]
[502, 943, 194]
[399, 937, 275]
[459, 970, 69]
[376, 965, 146]
[469, 157, -224]
[483, 139, -224]
[491, 139, -224]
[500, 140, -225]
[467, 139, -205]
[463, 140, -205]
[459, 140, -205]
[523, 155, -168]
[466, 151, -78]
[486, 178, -201]
[464, 177, -175]
[590, 271, -172]
[426, 269, 50]
[602, 415, -189]
[391, 402, 134]
[523, 515, -278]
[338, 480, 16]
[508, 544, -319]
[319, 500, -2]
[491, 534, -330]
[313, 495, -44]
[494, 522, -282]
[322, 490, -4]
[529, 540, -69]
[426, 526, 70]
[510, 745, -52]
[407, 735, 105]
[491, 919, 177]
[397, 912, 259]
[500, 943, 190]
[401, 937, 270]
[458, 970, 65]
[375, 965, 144]
[467, 154, -224]
[481, 136, -225]
[489, 136, -225]
[498, 137, -225]
[466, 136, -206]
[461, 136, -206]
[457, 137, -206]
[523, 152, -167]
[465, 148, -80]
[483, 174, -202]
[462, 174, -176]
[589, 269, -171]
[423, 266, 41]
[600, 415, -197]
[390, 403, 97]
[523, 525, -294]
[337, 487, -52]
[516, 558, -337]
[320, 508, -78]
[497, 547, -346]
[315, 494, -120]
[497, 533, -298]
[322, 498, -74]
[522, 540, -70]
[414, 526, 70]
[506, 745, -52]
[402, 734, 110]
[491, 919, 175]
[394, 911, 265]
[500, 944, 189]
[398, 937, 276]
[458, 970, 65]
[372, 964, 148]
[466, 150, -242]
[480, 132, -240]
[488, 133, -241]
[497, 134, -241]
[464, 132, -222]
[459, 132, -222]
[455, 133, -222]
[522, 149, -176]
[464, 145, -86]
[482, 171, -217]
[461, 170, -191]
[588, 268, -180]
[421, 266, 36]
[598, 415, -216]
[389, 405, 91]
[525, 533, -316]
[334, 496, -74]
[521, 567, -367]
[317, 518, -101]
[501, 553, -380]
[311, 512, -143]
[501, 538, -323]
[321, 506, -96]
[523, 541, -74]
[415, 527, 74]
[509, 751, -17]
[402, 739, 150]
[495, 936, 202]
[394, 923, 324]
[504, 967, 215]
[397, 952, 337]
[462, 987, 73]
[375, 978, 191]
[464, 148, -242]
[479, 130, -240]
[487, 131, -240]
[496, 132, -240]
[463, 130, -222]
[458, 130, -222]
[454, 131, -222]
[521, 148, -175]
[463, 143, -88]
[481, 169, -216]
[459, 168, -191]
[587, 267, -180]
[418, 265, 35]
[598, 416, -204]
[388, 405, 83]
[525, 542, -283]
[336, 496, -79]
[520, 584, -328]
[319, 519, -104]
[500, 569, -338]
[322, 508, -144]
[499, 543, -288]
[327, 507, -100]
[522, 542, -76]
[413, 527, 77]
[502, 752, -25]
[390, 739, 146]
[488, 938, 173]
[382, 922, 306]
[497, 969, 183]
[385, 951, 317]
[452, 987, 41]
[364, 977, 175]
[464, 146, -231]
[479, 128, -231]
[486, 129, -231]
[495, 130, -231]
[462, 128, -211]
[458, 129, -210]
[453, 129, -211]
[521, 146, -175]
[462, 142, -78]
[481, 167, -209]
[459, 166, -181]
[587, 266, -186]
[417, 265, 50]
[597, 415, -205]
[387, 406, 120]
[534, 547, -293]
[334, 502, -21]
[533, 588, -338]
[318, 526, -40]
[511, 577, -348]
[320, 521, -84]
[508, 554, -298]
[326, 515, -43]
[523, 542, -82]
[414, 526, 82]
[505, 753, -38]
[395, 740, 145]
[491, 940, 164]
[387, 925, 302]
[500, 970, 175]
[389, 953, 312]
[454, 987, 39]
[368, 977, 174]
[463, 144, -245]
[478, 127, -243]
[486, 128, -243]
[495, 129, -243]
[461, 127, -224]
[457, 128, -224]
[453, 128, -224]
[520, 144, -182]
[461, 141, -90]
[480, 165, -221]
[458, 165, -194]
[587, 265, -190]
[416, 266, 38]
[597, 415, -207]
[386, 409, 108]
[540, 550, -300]
[336, 505, -41]
[539, 594, -341]
[318, 528, -63]
[517, 583, -357]
[320, 519, -110]
[516, 562, -303]
[325, 518, -64]
[523, 542, -81]
[415, 526, 81]
[506, 754, -51]
[397, 741, 130]
[493, 939, 164]
[389, 925, 292]
[501, 968, 176]
[392, 953, 303]
[457, 988, 42]
[370, 977, 162]
[463, 144, -243]
[478, 126, -241]
[486, 127, -241]
[495, 128, -241]
[461, 126, -222]
[456, 127, -222]
[451, 128, -222]
[520, 144, -180]
[459, 141, -90]
[480, 165, -219]
[458, 164, -193]
[587, 265, -188]
[415, 266, 38]
[596, 416, -204]
[384, 410, 111]
[537, 551, -277]
[334, 510, -19]
[530, 595, -321]
[316, 529, -36]
[503, 581, -328]
[317, 519, -81]
[503, 562, -280]
[324, 522, -41]
[522, 543, -81]
[415, 527, 82]
[496, 758, -71]
[389, 745, 129]
[474, 945, 138]
[372, 929, 287]
[482, 974, 149]
[374, 957, 298]
[439, 993, 17]
[349, 982, 161]
[464, 143, -242]
[478, 126, -238]
[486, 127, -238]
[495, 128, -238]
[461, 126, -220]
[456, 126, -220]
[451, 127, -220]
[520, 143, -173]
[458, 140, -89]
[480, 164, -217]
[458, 164, -192]
[586, 265, -187]
[414, 266, 42]
[595, 417, -204]
[384, 410, 115]
[536, 551, -286]
[334, 512, -16]
[527, 594, -331]
[315, 532, -33]
[499, 579, -338]
[316, 520, -77]
[499, 560, -289]
[324, 523, -38]
[518, 543, -82]
[414, 527, 83]
[491, 758, -84]
[385, 745, 127]
[467, 946, 106]
[367, 929, 276]
[475, 975, 115]
[368, 957, 286]
[433, 994, -17]
[342, 981, 152]
[464, 143, -250]
[478, 125, -243]
[486, 126, -243]
[496, 127, -243]
[461, 125, -229]
[456, 126, -229]
[451, 126, -229]
[520, 141, -170]
[457, 139, -99]
[481, 164, -220]
[458, 163, -201]
[586, 265, -169]
[414, 266, 17]
[593, 420, -181]
[383, 410, 77]
[538, 556, -276]
[339, 514, -61]
[531, 602, -321]
[319, 535, -85]
[506, 589, -334]
[323, 532, -129]
[504, 569, -283]
[331, 525, -83]
[519, 543, -73]
[414, 528, 73]
[492, 758, -74]
[387, 747, 89]
[468, 946, 125]
[372, 933, 228]
[477, 975, 135]
[374, 962, 237]
[438, 996, 0]
[345, 984, 94]
[464, 142, -262]
[478, 125, -254]
[486, 125, -254]
[496, 127, -254]
[461, 124, -241]
[456, 125, -241]
[451, 126, -241]
[520, 141, -172]
[457, 138, -111]
[481, 163, -230]
[458, 162, -213]
[586, 265, -164]
[413, 264, -3]
[590, 422, -171]
[384, 410, 58]
[540, 559, -267]
[348, 515, -75]
[534, 604, -310]
[327, 537, -101]
[512, 593, -327]
[331, 531, -144]
[509, 573, -276]
[343, 529, -97]
[519, 543, -64]
[414, 528, 65]
[493, 758, -71]
[387, 746, 74]
[472, 945, 133]
[372, 932, 227]
[477, 974, 146]
[374, 962, 237]
[447, 996, 5]
[352, 985, 92]
[464, 141, -263]
[478, 124, -255]
[486, 125, -255]
[496, 126, -255]
[461, 123, -243]
[456, 124, -243]
[451, 124, -243]
[520, 140, -173]
[457, 137, -114]
[481, 162, -232]
[458, 161, -215]
[586, 265, -161]
[412, 263, -10]
[589, 423, -164]
[384, 410, 55]
[548, 562, -254]
[352, 517, -71]
[547, 607, -295]
[332, 542, -95]
[527, 599, -315]
[337, 536, -139]
[522, 579, -264]
[348, 533, -92]
[519, 542, -60]
[414, 528, 61]
[499, 757, -70]
[392, 746, 73]
[482, 944, 137]
[376, 933, 218]
[486, 973, 150]
[376, 963, 227]
[460, 996, 12]
[360, 986, 79]
[464, 140, -259]
[478, 123, -253]
[486, 124, -253]
[496, 125, -253]
[460, 121, -239]
[455, 122, -239]
[450, 122, -239]
[520, 139, -173]
[456, 135, -110]
[481, 161, -229]
[458, 160, -211]
[586, 265, -164]
[411, 260, 0]
[588, 424, -173]
[384, 408, 63]
[550, 561, -263]
[354, 516, -66]
[552, 607, -305]
[336, 541, -90]
[532, 599, -323]
[344, 541, -133]
[527, 579, -272]
[353, 532, -88]
[519, 541, -63]
[413, 527, 63]
[500, 756, -69]
[392, 745, 87]
[484, 944, 140]
[378, 933, 237]
[488, 973, 152]
[379, 963, 247]
[459, 996, 16]
[361, 986, 103]
[464, 139, -257]
[478, 122, -251]
[486, 123, -251]
[496, 124, -251]
[460, 120, -237]
[455, 121, -237]
[450, 121, -237]
[519, 138, -174]
[456, 134, -108]
[481, 160, -228]
[457, 159, -208]
[586, 265, -168]
[411, 259, 2]
[589, 424, -176]
[384, 406, 60]
[554, 564, -269]
[356, 516, -78]
[557, 610, -311]
[338, 541, -102]
[536, 603, -327]
[345, 537, -144]
[531, 583, -277]
[355, 531, -100]
[519, 541, -63]
[413, 527, 64]
[501, 756, -53]
[393, 745, 96]
[484, 943, 162]
[379, 933, 253]
[490, 972, 174]
[381, 962, 264]
[459, 995, 34]
[362, 985, 114]
[464, 138, -256]
[478, 121, -251]
[486, 122, -251]
[496, 124, -251]
[460, 120, -237]
[455, 120, -236]
[449, 120, -237]
[519, 138, -174]
[455, 133, -107]
[481, 160, -227]
[457, 159, -208]
[586, 264, -169]
[410, 258, 0]
[589, 424, -178]
[384, 405, 50]
[558, 565, -271]
[358, 516, -92]
[560, 612, -314]
[340, 544, -117]
[539, 607, -329]
[347, 538, -158]
[534, 587, -279]
[359, 532, -113]
[520, 541, -64]
[414, 527, 65]
[503, 756, -45]
[394, 745, 102]
[487, 943, 169]
[381, 933, 263]
[492, 972, 181]
[382, 962, 274]
[461, 995, 38]
[365, 985, 122]
[463, 138, -255]
[478, 121, -250]
[486, 122, -250]
[496, 123, -250]
[459, 119, -236]
[454, 120, -236]
[449, 120, -236]
[519, 137, -175]
[455, 133, -106]
[481, 159, -227]
[457, 159, -207]
[585, 263, -175]
[410, 258, 0]
[589, 424, -189]
[384, 405, 48]
[558, 567, -274]
[357, 518, -94]
[562, 614, -317]
[339, 546, -118]
[541, 610, -335]
[345, 540, -160]
[536, 590, -284]
[356, 535, -115]
[520, 541, -65]
[415, 528, 66]
[511, 756, -37]
[400, 746, 110]
[498, 944, 175]
[391, 934, 269]
[504, 972, 187]
[392, 964, 280]
[470, 997, 42]
[376, 987, 129]
[463, 137, -262]
[477, 120, -255]
[486, 121, -255]
[495, 123, -255]
[459, 119, -241]
[454, 119, -241]
[449, 120, -241]
[519, 137, -176]
[454, 133, -108]
[480, 159, -232]
[456, 158, -212]
[585, 263, -174]
[409, 258, -3]
[589, 424, -190]
[383, 406, 49]
[557, 565, -284]
[356, 518, -95]
[562, 613, -329]
[337, 546, -122]
[542, 608, -349]
[343, 539, -166]
[536, 588, -294]
[353, 534, -117]
[521, 541, -65]
[415, 529, 66]
[513, 757, -40]
[402, 747, 109]
[503, 944, 185]
[395, 935, 275]
[509, 973, 199]
[395, 965, 287]
[476, 998, 52]
[381, 989, 135]
[463, 137, -263]
[477, 120, -256]
[486, 121, -256]
[495, 122, -256]
[459, 119, -242]
[454, 119, -242]
[448, 120, -242]
[518, 137, -178]
[454, 133, -108]
[480, 158, -233]
[456, 158, -213]
[585, 262, -178]
[409, 258, -2]
[589, 423, -192]
[383, 406, 66]
[551, 564, -286]
[355, 517, -70]
[554, 610, -332]
[333, 545, -96]
[533, 605, -350]
[339, 539, -143]
[529, 585, -295]
[352, 533, -93]
[520, 541, -66]
[415, 529, 67]
[511, 757, -38]
[400, 747, 114]
[500, 944, 188]
[391, 935, 282]
[506, 972, 202]
[392, 965, 294]
[471, 998, 57]
[375, 988, 145]
[462, 137, -262]
[477, 120, -257]
[485, 121, -257]
[495, 122, -258]
[458, 119, -241]
[453, 119, -241]
[448, 120, -241]
[518, 137, -189]
[454, 133, -108]
[480, 158, -235]
[456, 158, -212]
[584, 262, -195]
[410, 259, 7]
[589, 423, -213]
[382, 406, 83]
[549, 563, -302]
[351, 517, -50]
[553, 609, -347]
[328, 544, -72]
[532, 603, -364]
[331, 538, -119]
[528, 583, -310]
[345, 532, -73]
[518, 542, -72]
[414, 530, 72]
[506, 757, -51]
[394, 747, 117]
[491, 944, 173]
[381, 935, 281]
[498, 972, 185]
[383, 964, 292]
[459, 998, 40]
[360, 988, 146]
[463, 137, -261]
[477, 120, -256]
[485, 121, -256]
[495, 122, -256]
[458, 118, -240]
[453, 119, -240]
[448, 120, -241]
[518, 136, -187]
[454, 132, -108]
[480, 158, -234]
[456, 157, -212]
[584, 261, -190]
[410, 258, 13]
[590, 418, -208]
[382, 404, 89]
[548, 554, -298]
[349, 511, -41]
[552, 604, -343]
[323, 536, -62]
[531, 595, -360]
[325, 529, -109]
[528, 576, -306]
[339, 527, -64]
[518, 542, -73]
[414, 529, 73]
[506, 754, -60]
[395, 743, 113]
[491, 938, 159]
[381, 928, 274]
[498, 965, 171]
[383, 958, 285]
[459, 992, 34]
[361, 978, 144]
[463, 137, -263]
[477, 120, -257]
[485, 121, -257]
[495, 122, -257]
[458, 119, -242]
[453, 119, -242]
[448, 120, -242]
[518, 136, -187]
[454, 132, -110]
[480, 158, -234]
[456, 157, -214]
[584, 260, -182]
[410, 258, 3]
[591, 415, -199]
[383, 404, 76]
[547, 549, -296]
[346, 508, -57]
[550, 597, -342]
[323, 533, -84]
[531, 591, -360]
[322, 528, -131]
[526, 568, -305]
[336, 523, -80]
[519, 542, -70]
[414, 529, 70]
[512, 752, -55]
[404, 737, 116]
[499, 932, 180]
[390, 918, 299]
[506, 957, 195]
[390, 948, 313]
[467, 988, 58]
[373, 967, 176]
[464, 137, -263]
[478, 120, -255]
[486, 121, -255]
[496, 122, -255]
[459, 119, -242]
[454, 119, -242]
[448, 120, -242]
[518, 136, -176]
[454, 132, -109]
[481, 158, -232]
[457, 157, -213]
[584, 259, -164]
[410, 257, 3]
[591, 413, -180]
[383, 403, 58]
[542, 539, -288]
[342, 501, -95]
[540, 579, -333]
[319, 525, -125]
[523, 569, -352]
[315, 521, -169]
[521, 551, -297]
[329, 514, -117]
[520, 541, -67]
[414, 528, 67]
[514, 748, -54]
[404, 736, 115]
[504, 928, 174]
[394, 916, 293]
[512, 954, 189]
[396, 944, 305]
[473, 985, 57]
[380, 968, 163]
[464, 137, -282]
[478, 120, -272]
[487, 121, -272]
[496, 122, -273]
[459, 119, -260]
[454, 119, -260]
[449, 120, -260]
[518, 136, -178]
[454, 132, -117]
[482, 158, -246]
[457, 157, -228]
[583, 257, -165]
[410, 258, 2]
[593, 412, -187]
[383, 404, 64]
[533, 532, -329]
[329, 496, -86]
[526, 567, -381]
[307, 515, -114]
[508, 553, -397]
[307, 507, -161]
[509, 538, -337]
[313, 506, -108]
[522, 541, -66]
[414, 528, 66]
[515, 749, -14]
[404, 739, 132]
[504, 930, 244]
[394, 923, 329]
[512, 955, 261]
[396, 950, 345]
[474, 989, 118]
[379, 980, 196]
[464, 137, -278]
[478, 120, -269]
[487, 121, -269]
[496, 122, -269]
[459, 119, -257]
[454, 120, -257]
[449, 120, -257]
[518, 136, -178]
[454, 132, -118]
[482, 158, -243]
[457, 157, -225]
[583, 254, -159]
[410, 257, 1]
[593, 410, -185]
[383, 402, 65]
[520, 521, -317]
[330, 492, -83]
[501, 551, -367]
[309, 512, -110]
[484, 534, -381]
[309, 507, -155]
[489, 523, -334]
[317, 503, -105]
[525, 535, -64]
[414, 522, 64]
[516, 746, -25]
[404, 738, 121]
[505, 927, 215]
[396, 922, 321]
[512, 952, 231]
[399, 949, 344]
[474, 987, 95]
[381, 980, 182]
[464, 138, -276]
[478, 120, -269]
[487, 121, -269]
[496, 122, -269]
[460, 120, -255]
[454, 121, -255]
[449, 121, -255]
[518, 136, -182]
[454, 133, -117]
[482, 159, -243]
[457, 158, -224]
[584, 254, -164]
[411, 260, 7]
[594, 410, -204]
[382, 404, 74]
[514, 513, -328]
[314, 481, -77]
[493, 538, -374]
[287, 501, -103]
[477, 525, -382]
[290, 484, -146]
[482, 514, -334]
[304, 476, -99]
[531, 535, -64]
[416, 523, 64]
[526, 746, -30]
[413, 741, 120]
[515, 928, 222]
[402, 928, 307]
[523, 953, 240]
[405, 955, 323]
[481, 990, 105]
[385, 988, 175]
[464, 138, -272]
[478, 120, -268]
[487, 121, -268]
[496, 122, -268]
[460, 120, -252]
[454, 121, -252]
[449, 122, -252]
[518, 136, -186]
[455, 133, -113]
[482, 159, -241]
[457, 159, -218]
[584, 254, -186]
[414, 260, 22]
[594, 410, -217]
[382, 402, 86]
[490, 497, -315]
[316, 467, -68]
[459, 520, -353]
[293, 483, -90]
[447, 508, -351]
[293, 467, -130]
[450, 492, -311]
[307, 458, -89]
[531, 534, -67]
[418, 523, 67]
[524, 746, -23]
[414, 742, 142]
[513, 928, 214]
[402, 929, 322]
[521, 954, 230]
[405, 957, 337]
[480, 990, 97]
[383, 988, 199]
[464, 139, -247]
[478, 120, -245]
[487, 121, -245]
[496, 122, -245]
[460, 121, -227]
[455, 122, -227]
[450, 122, -227]
[518, 136, -176]
[456, 134, -91]
[482, 159, -220]
[457, 159, -195]
[584, 253, -183]
[418, 259, 46]
[594, 408, -212]
[383, 399, 126]
[496, 487, -300]
[310, 451, -4]
[468, 512, -338]
[292, 467, -23]
[462, 504, -342]
[289, 452, -65]
[466, 490, -299]
[303, 444, -25]
[530, 534, -70]
[420, 523, 70]
[526, 744, -18]
[421, 740, 166]
[515, 926, 202]
[409, 925, 346]
[525, 952, 216]
[413, 954, 360]
[480, 985, 82]
[386, 979, 226]
[464, 139, -244]
[478, 121, -241]
[487, 121, -241]
[496, 122, -241]
[460, 121, -224]
[455, 122, -224]
[450, 123, -224]
[518, 135, -173]
[456, 134, -88]
[482, 160, -217]
[457, 159, -192]
[585, 253, -182]
[419, 259, 45]
[595, 407, -212]
[381, 395, 108]
[495, 477, -301]
[313, 435, -60]
[465, 503, -339]
[294, 459, -84]
[461, 487, -345]
[293, 442, -114]
[459, 474, -300]
[306, 433, -79]
[530, 534, -70]
[422, 523, 70]
[527, 741, -3]
[422, 736, 151]
[516, 923, 211]
[410, 921, 335]
[525, 948, 225]
[413, 950, 353]
[479, 981, 92]
[388, 973, 204]
[464, 139, -236]
[478, 121, -235]
[486, 121, -236]
[496, 122, -236]
[460, 121, -216]
[455, 122, -216]
[450, 123, -216]
[518, 135, -174]
[456, 134, -85]
[482, 160, -211]
[457, 159, -185]
[585, 252, -181]
[419, 257, 51]
[594, 407, -226]
[378, 391, 119]
[499, 446, -342]
[298, 416, -24]
[474, 479, -383]
[276, 425, -44]
[467, 456, -386]
[283, 419, -78]
[467, 446, -343]
[296, 412, -43]
[530, 531, -70]
[422, 520, 70]
[527, 736, -12]
[423, 729, 149]
[515, 913, 210]
[411, 913, 327]
[524, 937, 223]
[414, 942, 341]
[477, 972, 89]
[387, 964, 208]
[464, 140, -240]
[478, 121, -239]
[486, 121, -240]
[496, 122, -240]
[460, 122, -221]
[455, 122, -221]
[450, 123, -221]
[517, 135, -185]
[456, 134, -86]
[482, 160, -215]
[457, 160, -190]
[585, 252, -181]
[421, 257, 44]
[596, 409, -234]
[378, 391, 115]
[501, 425, -356]
[290, 396, -2]
[479, 451, -393]
[257, 400, -15]
[469, 424, -393]
[253, 387, -50]
[472, 406, -356]
[268, 387, -20]
[532, 531, -69]
[422, 520, 70]
[527, 737, -11]
[428, 728, 167]
[515, 911, 197]
[417, 911, 338]
[525, 934, 211]
[422, 941, 352]
[477, 967, 88]
[388, 958, 235]
[464, 140, -235]
[477, 121, -236]
[485, 121, -236]
[494, 122, -236]
[459, 122, -216]
[454, 122, -216]
[449, 123, -217]
[517, 135, -184]
[456, 133, -86]
[482, 160, -213]
[457, 160, -186]
[585, 252, -180]
[422, 257, 42]
[599, 409, -287]
[374, 387, 150]
[507, 394, -495]
[256, 378, 66]
[496, 405, -544]
[219, 385, 59]
[486, 371, -540]
[205, 369, 18]
[493, 366, -498]
[223, 367, 46]
[532, 531, -68]
[421, 520, 69]
[526, 737, -13]
[433, 725, 166]
[515, 912, 183]
[420, 910, 335]
[525, 936, 197]
[424, 941, 349]
[478, 967, 81]
[391, 954, 231]
[462, 140, -243]
[475, 121, -244]
[483, 121, -244]
[492, 121, -244]
[458, 122, -222]
[453, 122, -222]
[448, 123, -222]
[515, 134, -184]
[456, 133, -89]
[480, 160, -219]
[456, 160, -189]
[585, 252, -167]
[421, 256, 40]
[603, 409, -278]
[384, 388, 93]
[542, 384, -500]
[274, 371, -95]
[550, 386, -551]
[243, 369, -117]
[515, 359, -551]
[236, 355, -154]
[519, 359, -504]
[250, 356, -116]
[534, 531, -67]
[421, 520, 68]
[527, 734, -15]
[432, 724, 194]
[518, 909, 164]
[423, 908, 385]
[528, 934, 175]
[427, 940, 401]
[484, 963, 49]
[393, 952, 276]
[461, 140, -242]
[475, 120, -243]
[483, 120, -243]
[491, 121, -243]
[457, 122, -223]
[452, 122, -223]
[448, 123, -223]
[515, 133, -186]
[456, 133, -96]
[479, 160, -218]
[456, 160, -191]
[585, 252, -168]
[421, 255, 30]
[610, 409, -258]
[388, 388, 90]
[522, 381, -428]
[280, 361, -66]
[492, 375, -532]
[248, 357, -98]
[496, 352, -464]
[242, 340, -128]
[505, 354, -453]
[256, 342, -90]
[534, 531, -62]
[420, 520, 62]
[528, 735, -14]
[431, 725, 192]
[521, 910, 160]
[424, 909, 377]
[531, 935, 171]
[429, 940, 392]
[488, 964, 52]
[392, 954, 276]
[460, 140, -214]
[475, 120, -216]
[483, 120, -216]
[491, 121, -216]
[457, 122, -197]
[452, 122, -197]
[448, 123, -197]
[514, 133, -169]
[456, 133, -79]
[478, 160, -194]
[455, 160, -169]
[584, 251, -156]
[421, 252, 39]
[609, 405, -258]
[391, 384, 139]
[520, 366, -445]
[282, 351, 53]
[486, 360, -491]
[253, 346, 47]
[492, 336, -481]
[246, 327, 18]
[504, 339, -447]
[261, 329, 39]
[535, 528, -60]
[420, 519, 60]
[531, 727, -26]
[433, 721, 179]
[526, 899, 142]
[429, 903, 360]
[537, 922, 154]
[434, 933, 374]
[494, 957, 44]
[402, 950, 261]
[459, 140, -221]
[474, 120, -223]
[482, 120, -223]
[490, 121, -223]
[456, 122, -203]
[451, 122, -203]
[447, 123, -203]
[514, 133, -171]
[456, 132, -78]
[476, 160, -199]
[454, 160, -173]
[583, 250, -156]
[420, 250, 43]
[608, 403, -268]
[391, 381, 83]
[523, 354, -455]
[285, 343, -93]
[488, 341, -495]
[255, 337, -111]
[527, 331, -489]
[254, 317, -132]
[528, 333, -454]
[267, 320, -107]
[535, 528, -59]
[419, 519, 60]
[530, 725, -30]
[431, 718, 186]
[525, 896, 144]
[429, 897, 389]
[535, 919, 156]
[434, 924, 406]
[493, 953, 37]
[400, 946, 290]
[458, 140, -226]
[473, 120, -227]
[481, 120, -227]
[489, 120, -227]
[455, 122, -207]
[450, 122, -207]
[446, 122, -207]
[513, 132, -177]
[456, 132, -80]
[474, 160, -203]
[453, 160, -177]
[582, 250, -159]
[419, 250, 43]
[608, 403, -295]
[390, 381, 16]
[523, 331, -479]
[287, 332, -225]
[486, 315, -520]
[256, 326, -253]
[514, 301, -506]
[261, 307, -272]
[527, 306, -475]
[273, 310, -240]
[535, 529, -59]
[418, 519, 60]
[529, 726, -34]
[430, 719, 191]
[523, 898, 151]
[426, 898, 407]
[532, 922, 163]
[430, 927, 425]
[490, 955, 39]
[397, 948, 306]
[457, 140, -217]
[472, 121, -219]
[480, 121, -219]
[488, 121, -219]
[454, 122, -200]
[450, 122, -200]
[445, 123, -200]
[512, 132, -168]
[455, 132, -80]
[473, 160, -196]
[452, 160, -171]
[580, 249, -142]
[418, 249, 21]
[606, 406, -254]
[378, 382, -61]
[520, 328, -406]
[289, 318, -340]
[484, 312, -434]
[256, 308, -375]
[501, 299, -419]
[267, 292, -384]
[514, 305, -399]
[279, 296, -351]
[535, 528, -45]
[417, 519, 46]
[530, 725, -33]
[425, 720, 171]
[524, 900, 152]
[425, 900, 397]
[532, 924, 164]
[429, 928, 422]
[493, 957, 41]
[396, 950, 290]
[457, 141, -220]
[472, 121, -219]
[480, 121, -219]
[488, 121, -218]
[454, 122, -202]
[449, 123, -202]
[444, 123, -202]
[511, 133, -156]
[454, 132, -80]
[473, 160, -196]
[452, 160, -174]
[576, 248, -131]
[415, 249, 16]
[608, 405, -252]
[373, 382, -72]
[521, 322, -418]
[291, 308, -359]
[486, 305, -448]
[264, 293, -396]
[500, 293, -427]
[275, 277, -403]
[511, 299, -410]
[285, 284, -369]
[534, 527, -43]
[417, 519, 43]
[531, 724, -32]
[424, 720, 152]
[525, 900, 155]
[423, 901, 357]
[533, 925, 167]
[425, 928, 375]
[493, 957, 43]
[399, 953, 248]
[456, 141, -236]
[471, 122, -230]
[479, 121, -230]
[487, 122, -230]
[454, 123, -216]
[449, 123, -216]
[444, 123, -216]
[510, 133, -161]
[453, 132, -87]
[472, 160, -209]
[451, 160, -189]
[571, 247, -138]
[413, 249, 11]
[606, 407, -258]
[373, 382, -83]
[521, 320, -439]
[305, 310, -386]
[487, 303, -477]
[276, 296, -427]
[500, 291, -457]
[284, 280, -433]
[509, 297, -433]
[296, 286, -396]
[534, 526, -44]
[417, 519, 44]
[536, 724, -26]
[424, 720, 155]
[531, 902, 172]
[422, 901, 362]
[540, 929, 184]
[425, 929, 380]
[500, 960, 44]
[406, 958, 248]
