[913, 244, -93]
[912, 242, -92]
[913, 242, -92]
[914, 242, -92]
[910, 243, -95]
[909, 243, -95]
[909, 244, -95]
[914, 247, -76]
[910, 248, -86]
[917, 248, -85]
[915, 248, -88]
[931, 256, -52]
[916, 273, -75]
[943, 264, -48]
[914, 312, -76]
[934, 269, -52]
[922, 360, -80]
[933, 269, -53]
[921, 373, -84]
[931, 270, -54]
[925, 374, -89]
[931, 272, -52]
[927, 369, -81]
[933, 331, 9]
[928, 336, -9]
[907, 388, -6]
[910, 381, -19]
[869, 432, 9]
[882, 435, -4]
[863, 438, 10]
[876, 441, -3]
[860, 445, -9]
[877, 454, -20]
[912, 248, -102]
[909, 251, -105]
[908, 250, -105]
[907, 249, -105]
[910, 252, -106]
[911, 253, -106]
[912, 254, -106]
[909, 251, -96]
[918, 256, -101]
[916, 247, -96]
[916, 247, -98]
[917, 246, -71]
[946, 255, -77]
[918, 206, -69]
[949, 224, -77]
[924, 177, -84]
[942, 198, -94]
[922, 170, -93]
[942, 193, -104]
[924, 172, -97]
[937, 194, -108]
[927, 174, -86]
[936, 195, -97]
[928, 303, 3]
[947, 309, -3]
[893, 302, 1]
[936, 348, -8]
[892, 267, 23]
[912, 364, 17]
[893, 267, 25]
[909, 366, 20]
[890, 241, 12]
[904, 366, 11]
[913, 245, -100]
[909, 249, -101]
[909, 249, -101]
[908, 248, -101]
[911, 251, -102]
[913, 252, -102]
[914, 252, -102]
[910, 250, -89]
[920, 256, -96]
[917, 243, -93]
[919, 243, -95]
[918, 244, -67]
[946, 242, -77]
[917, 226, -61]
[947, 212, -83]
[924, 209, -70]
[942, 183, -103]
[923, 207, -76]
[941, 177, -112]
[925, 205, -80]
[937, 178, -115]
[927, 206, -72]
[937, 179, -105]
[929, 298, 1]
[948, 301, -1]
[909, 308, 0]
[942, 342, -8]
[904, 303, 40]
[916, 373, 23]
[903, 303, 44]
[912, 377, 26]
[897, 296, 38]
[907, 379, 13]
[945, 242, -23]
[942, 243, -23]
[942, 243, -23]
[942, 244, -23]
[942, 243, -28]
[942, 243, -28]
[942, 244, -28]
[943, 249, -14]
[943, 248, -35]
[949, 245, -18]
[949, 245, -24]
[964, 264, -3]
[947, 268, -37]
[941, 296, 1]
[927, 309, -42]
[925, 320, -11]
[924, 336, -51]
[922, 326, -14]
[923, 342, -54]
[922, 325, -17]
[923, 341, -55]
[922, 322, -13]
[925, 339, -51]
[962, 345, 10]
[954, 348, -10]
[923, 393, 2]
[933, 385, -11]
[883, 428, 22]
[886, 435, -3]
[878, 427, 24]
[878, 437, -2]
[865, 452, 3]
[866, 461, -21]
[950, 222, -19]
[945, 224, -17]
[944, 225, -17]
[944, 225, -17]
[945, 224, -25]
[945, 225, -25]
[945, 226, -25]
[944, 233, 0]
[945, 234, -38]
[954, 226, -11]
[954, 226, -22]
[962, 244, 12]
[955, 250, -42]
[937, 215, 19]
[926, 244, -54]
[925, 195, 10]
[908, 227, -63]
[921, 192, 8]
[903, 224, -68]
[922, 191, 5]
[901, 223, -69]
[924, 192, 8]
[903, 224, -63]
[963, 339, 22]
[959, 342, -22]
[942, 369, 42]
[928, 382, -6]
[902, 324, 71]
[894, 390, 11]
[895, 313, 74]
[887, 387, 14]
[885, 319, 72]
[883, 398, 6]
