[475, 305, -192]
[484, 288, -190]
[493, 288, -190]
[502, 288, -190]
[465, 279, -184]
[457, 279, -184]
[449, 278, -184]
[511, 297, -119]
[440, 299, -81]
[488, 337, -161]
[461, 332, -152]
[599, 369, -57]
[408, 375, -47]
[644, 478, -60]
[378, 500, -89]
[582, 449, -44]
[415, 543, -189]
[572, 447, -53]
[418, 567, -209]
[566, 436, -44]
[424, 550, -217]
[563, 439, -40]
[426, 544, -195]
[583, 696, 3]
[446, 694, -2]
[570, 989, 1]
[437, 984, -5]
[573, 1269, 127]
[446, 1270, 57]
[570, 1304, 133]
[445, 1304, 60]
[570, 1354, -15]
[468, 1349, -121]
[472, 265, -89]
[482, 248, -94]
[488, 247, -94]
[493, 246, -94]
[472, 249, -79]
[469, 249, -79]
[467, 250, -79]
[497, 265, -72]
[471, 262, 0]
[483, 282, -77]
[470, 284, -56]
[560, 336, -67]
[441, 348, 37]
[578, 406, -86]
[414, 464, 10]
[555, 366, -186]
[444, 318, -19]
[557, 362, -210]
[456, 295, -29]
[556, 347, -205]
[447, 303, -33]
[553, 350, -187]
[443, 312, -25]
[546, 659, -32]
[454, 667, 33]
[556, 913, -62]
[461, 910, 20]
[555, 1149, 34]
[465, 1160, 79]
[557, 1175, 38]
[465, 1193, 79]
[550, 1222, -96]
[468, 1220, -68]
[483, 279, -75]
[500, 261, -81]
[508, 261, -81]
[515, 262, -81]
[484, 261, -66]
[478, 261, -66]
[473, 261, -66]
[531, 274, -61]
[476, 272, 10]
[497, 299, -60]
[475, 298, -40]
[565, 351, -85]
[448, 368, 90]
[584, 439, -179]
[453, 461, 115]
[560, 442, -263]
[433, 479, 104]
[564, 457, -280]
[439, 495, 115]
[559, 441, -264]
[443, 479, 98]
[554, 441, -258]
[447, 475, 97]
[548, 687, -63]
[477, 692, 64]
[547, 710, -68]
[469, 708, 108]
[525, 820, 96]
[501, 814, 210]
[529, 833, 110]
[512, 833, 219]
[513, 862, 20]
[479, 844, 187]
[464, 273, -62]
[479, 256, -68]
[486, 256, -68]
[493, 256, -68]
[466, 256, -49]
[463, 256, -49]
[460, 256, -49]
[514, 267, -56]
[470, 266, 26]
[480, 292, -52]
[462, 292, -28]
[547, 343, -86]
[466, 360, 79]
[572, 393, -241]
[433, 446, 94]
[535, 321, -345]
[440, 388, 71]
[534, 304, -375]
[446, 387, 69]
[531, 306, -359]
[443, 401, 51]
[526, 319, -342]
[440, 413, 61]
[534, 668, -58]
[482, 669, 59]
[528, 626, -56]
[473, 615, 102]
[508, 729, 98]
[498, 724, 204]
[512, 742, 111]
[509, 741, 212]
[496, 759, 51]
[481, 754, 169]
[455, 244, -63]
[470, 228, -72]
[477, 228, -72]
[483, 228, -72]
[459, 227, -52]
[457, 227, -52]
[454, 227, -52]
[505, 241, -69]
[467, 238, 18]
[470, 263, -57]
[454, 263, -31]
[537, 321, -110]
[466, 325, 81]
[558, 386, -259]
[431, 322, 102]
[532, 342, -378]
[440, 271, 66]
[538, 340, -413]
[448, 269, 64]
[537, 336, -404]
[444, 266, 41]
[533, 339, -378]
[439, 272, 54]
[527, 636, -66]
[487, 636, 66]
[515, 602, -56]
[475, 585, 118]
[507, 707, 99]
[503, 699, 218]
[517, 718, 112]
[517, 716, 225]
[497, 739, 60]
[479, 733, 189]
[468, 219, -85]
[482, 204, -100]
[486, 205, -100]
[489, 206, -100]
[480, 203, -80]
[480, 203, -80]
[480, 204, -80]
[504, 221, -128]
[491, 217, -10]
[473, 241, -83]
[466, 241, -59]
[527, 304, -155]
[467, 256, 52]
[547, 389, -158]
[447, 246, 153]
[528, 447, -140]
[451, 214, 244]
[541, 473, -156]
[456, 211, 255]
[536, 461, -170]
[454, 209, 236]
[529, 455, -144]
[451, 212, 236]
[524, 607, -56]
[491, 597, 57]
[522, 586, 140]
[470, 585, 240]
[516, 708, 412]
[504, 704, 478]
[524, 722, 441]
[519, 715, 502]
[500, 746, 410]
[482, 751, 476]
[460, 179, -90]
[472, 150, -103]
[480, 194, -103]
[485, 197, -104]
[465, 146, -85]
[464, 147, -85]
[462, 147, -85]
[502, 216, -120]
[475, 198, -18]
[469, 219, -87]
[457, 215, -65]
[526, 278, -154]
[459, 233, 54]
[543, 385, -170]
[445, 270, 210]
[539, 457, -200]
[448, 244, 333]
[559, 473, -216]
[454, 247, 359]
[550, 475, -226]
[449, 238, 338]
[541, 469, -202]
[446, 240, 327]
[524, 557, -58]
[484, 501, 58]
[519, 576, 77]
[464, 598, 211]
[510, 710, 283]
[479, 712, 383]
[519, 728, 304]
[491, 726, 402]
[494, 750, 284]
[481, 755, 392]
[489, 105, 25]
[484, 95, 11]
[481, 95, 11]
[477, 96, 11]
[494, 94, 6]
[497, 93, 6]
[500, 93, 6]
[469, 104, -31]
[500, 101, -51]
[483, 117, 14]
[493, 117, 9]
[424, 181, -7]
[531, 177, -100]
[416, 269, 49]
[544, 278, -83]
[438, 326, 117]
[565, 349, -41]
[441, 339, 131]
[569, 366, -45]
[449, 339, 123]
[567, 365, -44]
[450, 334, 117]
[563, 359, -40]
[444, 345, 38]
[501, 347, -38]
[450, 444, 142]
[506, 463, 69]
[442, 532, 251]
[485, 563, 169]
[440, 539, 262]
[474, 587, 179]
[464, 525, 264]
[514, 564, 170]
[491, 101, 45]
[485, 91, 31]
[481, 92, 31]
[477, 93, 31]
[495, 91, 26]
[498, 91, 26]
[501, 92, 26]
[469, 101, -16]
[500, 100, -38]
[483, 114, 32]
[495, 114, 26]
[424, 180, 2]
[534, 176, -95]
[418, 267, 50]
[544, 277, -80]
[446, 319, 113]
[565, 349, -24]
[450, 332, 125]
[569, 366, -25]
[458, 331, 118]
[567, 365, -21]
[459, 327, 112]
[563, 359, -21]
[445, 345, 40]
[504, 347, -40]
[450, 445, 156]
[506, 466, 60]
[443, 534, 271]
[484, 575, 151]
[434, 558, 282]
[472, 599, 161]
[464, 525, 283]
[514, 578, 146]
[491, 97, 42]
[485, 88, 28]
[481, 89, 28]
[477, 90, 28]
[495, 88, 23]
[498, 89, 23]
[501, 89, 23]
[469, 99, -19]
[500, 98, -41]
[483, 112, 29]
[495, 110, 23]
[423, 179, 0]
[535, 176, -95]
[419, 266, 47]
[544, 276, -80]
[448, 317, 104]
[565, 349, -23]
[452, 329, 115]
[569, 365, -24]
[459, 328, 108]
[566, 364, -21]
[460, 324, 103]
[562, 358, -20]
[445, 345, 41]
[504, 347, -41]
[450, 445, 159]
[506, 468, 56]
[444, 535, 275]
[482, 581, 146]
[432, 564, 287]
[470, 606, 156]
[465, 525, 287]
[514, 585, 139]
[491, 97, 40]
[485, 88, 27]
[481, 88, 27]
[477, 89, 27]
[495, 87, 21]
[498, 88, 21]
[500, 88, 20]
[468, 98, -15]
[499, 97, -42]
[483, 111, 29]
[495, 110, 21]
[421, 179, 4]
[534, 175, -96]
[419, 266, 52]
[543, 275, -82]
[448, 316, 111]
[565, 348, -23]
[453, 328, 122]
[569, 364, -25]
[460, 326, 116]
[566, 362, -20]
[461, 323, 110]
[562, 357, -21]
[446, 346, 42]
[504, 347, -42]
[451, 446, 163]
[506, 472, 55]
[445, 537, 280]
[480, 587, 146]
[430, 567, 292]
[467, 612, 156]
[466, 525, 294]
[514, 591, 140]
[491, 97, 43]
[485, 88, 30]
[481, 89, 30]
[477, 90, 30]
[494, 88, 24]
[497, 88, 24]
[500, 89, 24]
[468, 98, -13]
[498, 97, -40]
[483, 112, 32]
[495, 110, 24]
[421, 179, 6]
[534, 175, -96]
[419, 266, 55]
[543, 275, -81]
[449, 316, 114]
[565, 347, -20]
[453, 328, 126]
[569, 364, -21]
[461, 326, 119]
[567, 362, -17]
[462, 323, 113]
[563, 357, -17]
[446, 346, 42]
[504, 347, -43]
[451, 446, 164]
[506, 472, 57]
[445, 537, 281]
[480, 584, 150]
[429, 565, 293]
[468, 609, 160]
[466, 525, 296]
[514, 587, 147]
[491, 98, 42]
[484, 88, 29]
[480, 89, 29]
[476, 90, 29]
[494, 88, 22]
[497, 88, 22]
[499, 89, 22]
[467, 99, -11]
[497, 97, -40]
[483, 112, 31]
[494, 111, 23]
[419, 179, 9]
[530, 175, -96]
[419, 266, 60]
[543, 274, -82]
[450, 315, 121]
[566, 347, -23]
[455, 326, 133]
[570, 364, -25]
[463, 324, 126]
[569, 362, -22]
[463, 321, 119]
[564, 357, -21]
[446, 347, 43]
[504, 348, -43]
[451, 447, 161]
[506, 471, 56]
[446, 539, 275]
[480, 585, 147]
[430, 572, 287]
[468, 610, 157]
[467, 526, 289]
[514, 588, 143]
[490, 98, 41]
[484, 88, 29]
[480, 89, 29]
[476, 90, 29]
[494, 88, 22]
[496, 88, 22]
[499, 89, 22]
[466, 99, -9]
[497, 98, -40]
[483, 112, 31]
[494, 111, 23]
[418, 179, 11]
[530, 175, -97]
[419, 266, 65]
[542, 274, -89]
[449, 314, 128]
[567, 347, -38]
[454, 325, 142]
[572, 363, -41]
[462, 323, 134]
[571, 362, -36]
[463, 320, 127]
[567, 357, -35]
[446, 348, 45]
[504, 348, -45]
[452, 446, 169]
[505, 471, 55]
[446, 539, 288]
[480, 586, 148]
[430, 570, 300]
[468, 610, 158]
[468, 526, 303]
[514, 591, 143]
[490, 99, 39]
[484, 89, 28]
[480, 90, 28]
[476, 90, 28]
[493, 88, 20]
[496, 89, 20]
[499, 89, 20]
[466, 99, -12]
[496, 98, -41]
[483, 113, 31]
[494, 112, 21]
[417, 179, 9]
[528, 175, -98]
[419, 266, 66]
[542, 274, -89]
[449, 312, 134]
[568, 347, -36]
[454, 323, 148]
[573, 363, -39]
[462, 321, 140]
[572, 361, -33]
[463, 318, 133]
[568, 356, -32]
[446, 348, 45]
[504, 349, -45]
[453, 446, 167]
[505, 471, 55]
[446, 539, 284]
[479, 584, 151]
[430, 570, 296]
[467, 608, 161]
[468, 526, 299]
[514, 589, 149]
[490, 99, 34]
[483, 89, 25]
[479, 90, 25]
[475, 91, 25]
[493, 88, 16]
[495, 89, 16]
[498, 89, 16]
[466, 99, -12]
[494, 98, -43]
[482, 113, 28]
[493, 112, 17]
[416, 179, 11]
[527, 175, -100]
[419, 265, 71]
[542, 274, -89]
[449, 310, 141]
[568, 346, -34]
[454, 320, 156]
[574, 362, -36]
[462, 318, 148]
[573, 359, -30]
[463, 315, 140]
[568, 355, -30]
[446, 349, 45]
[504, 349, -45]
[453, 446, 165]
[505, 471, 55]
[446, 539, 281]
[479, 586, 148]
[430, 570, 293]
[466, 610, 158]
[468, 526, 296]
[513, 591, 145]
[490, 100, 33]
[483, 89, 24]
[479, 90, 24]
[475, 91, 24]
[493, 89, 15]
[495, 89, 15]
[497, 89, 15]
[465, 99, -6]
[494, 98, -44]
[482, 114, 28]
[493, 113, 16]
[416, 179, 21]
[526, 175, -104]
[418, 265, 81]
[541, 274, -104]
[449, 311, 148]
[571, 346, -58]
[454, 321, 164]
[580, 361, -63]
[462, 318, 156]
[581, 359, -55]
[462, 315, 147]
[574, 354, -54]
[446, 350, 48]
[504, 350, -48]
[454, 446, 171]
[504, 471, 48]
[446, 537, 292]
[478, 589, 138]
[430, 571, 304]
[465, 613, 148]
[468, 526, 307]
[513, 598, 133]
[490, 100, 34]
[483, 89, 26]
[479, 90, 26]
[475, 91, 25]
[492, 89, 15]
[495, 89, 15]
[497, 89, 15]
[465, 99, -1]
[493, 98, -44]
[482, 114, 29]
[493, 113, 16]
[415, 180, 26]
[524, 175, -104]
[418, 265, 83]
[540, 273, -102]
[449, 311, 146]
[572, 344, -52]
[453, 322, 161]
[580, 358, -56]
[462, 319, 152]
[581, 355, -49]
[462, 316, 144]
[574, 351, -48]
[445, 350, 50]
[503, 350, -50]
[454, 446, 168]
[504, 471, 39]
[445, 536, 287]
[478, 593, 119]
[428, 570, 299]
[464, 617, 127]
[467, 526, 302]
[513, 601, 112]
[489, 102, 38]
[483, 90, 29]
[478, 91, 29]
[474, 92, 29]
[492, 89, 19]
[494, 89, 19]
[497, 89, 19]
[465, 99, 0]
[492, 98, -42]
[482, 115, 32]
[493, 114, 19]
[414, 180, 27]
[524, 176, -104]
[417, 265, 81]
[539, 273, -99]
[449, 311, 141]
[572, 343, -48]
[454, 322, 156]
[580, 357, -51]
[462, 319, 147]
[581, 355, -45]
[462, 316, 140]
[575, 351, -44]
[444, 351, 50]
[503, 350, -50]
[454, 446, 167]
[504, 471, 36]
[445, 535, 284]
[478, 594, 115]
[427, 570, 295]
[464, 618, 123]
[467, 526, 295]
[513, 601, 107]
[489, 102, 39]
[482, 91, 31]
[478, 91, 31]
[474, 92, 31]
[492, 90, 21]
[494, 90, 21]
[496, 90, 21]
[465, 100, 1]
[492, 98, -41]
[481, 115, 33]
[492, 114, 20]
[414, 180, 28]
[523, 176, -103]
[417, 265, 82]
[539, 273, -98]
[449, 310, 141]
[573, 342, -48]
[453, 322, 155]
[581, 355, -51]
[462, 319, 146]
[582, 352, -45]
[462, 316, 139]
[576, 349, -44]
[444, 351, 50]
[502, 350, -50]
[454, 446, 165]
[504, 471, 38]
[445, 535, 278]
[478, 594, 118]
[427, 570, 288]
[464, 618, 127]
[467, 526, 287]
[514, 601, 109]
[489, 103, 35]
[482, 91, 28]
[478, 92, 28]
[474, 92, 28]
[491, 90, 17]
[494, 90, 17]
[496, 90, 17]
[464, 100, 0]
[491, 98, -43]
[481, 116, 30]
[492, 115, 16]
[413, 180, 27]
[521, 176, -104]
[417, 265, 86]
[538, 274, -100]
[449, 310, 148]
[574, 341, -52]
[453, 321, 162]
[583, 355, -57]
[462, 318, 154]
[584, 351, -50]
[462, 315, 146]
[579, 349, -48]
[444, 351, 50]
[501, 350, -50]
[454, 446, 162]
[504, 471, 41]
[445, 535, 274]
[478, 593, 125]
[427, 573, 284]
[464, 618, 134]
[467, 528, 282]
[515, 600, 118]
[489, 103, 31]
[482, 92, 24]
[478, 92, 24]
[474, 93, 24]
[491, 91, 13]
[493, 90, 13]
[496, 90, 13]
[464, 100, -1]
[491, 98, -46]
[481, 116, 27]
[492, 115, 13]
[413, 181, 27]
[520, 176, -105]
[418, 265, 88]
[537, 274, -102]
[449, 309, 152]
[575, 340, -55]
[453, 320, 166]
[586, 354, -61]
[462, 316, 157]
[589, 350, -54]
[462, 313, 150]
[582, 348, -51]
[443, 351, 50]
[501, 350, -50]
[454, 446, 161]
[504, 471, 42]
[445, 535, 273]
[479, 593, 128]
[428, 574, 284]
[464, 617, 138]
[467, 530, 282]
[515, 599, 120]
[489, 104, 28]
[482, 92, 21]
[478, 92, 21]
[473, 93, 21]
[491, 91, 10]
[493, 91, 10]
[495, 91, 10]
[464, 100, -2]
[491, 98, -48]
[481, 117, 24]
[492, 116, 11]
[413, 181, 25]
[519, 176, -106]
[417, 264, 86]
[537, 274, -100]
[446, 308, 152]
[575, 338, -36]
[451, 318, 166]
[586, 349, -40]
[459, 314, 158]
[588, 346, -34]
[460, 312, 150]
[582, 344, -32]
[443, 351, 50]
[501, 350, -50]
[454, 446, 163]
[505, 471, 43]
[445, 535, 275]
[479, 592, 133]
[428, 574, 286]
[466, 616, 143]
[467, 529, 286]
[516, 599, 129]
[489, 104, 28]
[481, 92, 20]
[477, 93, 20]
[473, 93, 20]
[490, 91, 10]
[493, 91, 10]
[495, 91, 10]
[463, 100, -2]
[490, 98, -49]
[481, 117, 24]
[491, 116, 11]
[413, 181, 24]
[519, 176, -106]
[417, 264, 85]
[537, 274, -97]
[446, 308, 151]
[575, 336, -30]
[450, 318, 165]
[585, 346, -33]
[458, 314, 157]
[587, 344, -27]
[459, 311, 149]
[581, 342, -26]
[443, 351, 50]
[500, 350, -50]
[454, 446, 162]
[504, 471, 44]
[446, 536, 272]
[480, 592, 135]
[429, 574, 283]
[467, 616, 146]
[467, 529, 283]
[516, 598, 132]
[488, 104, 29]
[480, 93, 21]
[476, 93, 21]
[472, 94, 21]
[490, 92, 11]
[492, 91, 11]
[494, 91, 11]
[462, 100, -2]
[490, 98, -48]
[480, 117, 24]
[491, 116, 11]
[413, 181, 25]
[518, 176, -107]
[417, 263, 89]
[537, 274, -99]
[446, 307, 156]
[577, 336, -39]
[450, 317, 171]
[588, 347, -43]
[457, 313, 162]
[590, 345, -37]
[459, 310, 155]
[583, 342, -34]
[443, 351, 50]
[500, 350, -51]
[454, 446, 162]
[505, 471, 40]
[446, 536, 273]
[480, 592, 126]
[429, 575, 284]
[467, 616, 136]
[468, 531, 284]
[516, 599, 119]
[488, 104, 22]
[480, 93, 14]
[476, 93, 14]
[472, 94, 14]
[490, 92, 4]
[492, 91, 4]
[494, 91, 4]
[462, 100, -7]
[490, 98, -53]
[480, 117, 18]
[491, 116, 5]
[413, 181, 25]
[517, 175, -110]
[416, 263, 91]
[536, 274, -102]
[443, 304, 162]
[578, 335, -43]
[447, 315, 177]
[588, 346, -47]
[454, 310, 168]
[591, 344, -42]
[456, 308, 161]
[584, 341, -39]
[443, 351, 50]
[500, 350, -51]
[454, 446, 161]
[505, 471, 41]
[446, 536, 272]
[481, 592, 128]
[429, 575, 282]
[468, 615, 137]
[467, 530, 282]
[517, 599, 121]
[488, 104, 24]
[480, 93, 16]
[476, 93, 16]
[472, 94, 16]
[489, 92, 6]
[492, 91, 6]
[494, 91, 6]
[462, 100, -7]
[489, 98, -52]
[480, 117, 19]
[491, 116, 6]
[413, 181, 24]
[517, 175, -110]
[415, 263, 89]
[536, 274, -102]
[443, 305, 158]
[579, 334, -43]
[447, 315, 172]
[591, 345, -47]
[454, 311, 164]
[593, 342, -42]
[456, 308, 156]
[586, 340, -39]
[443, 351, 51]
[500, 351, -51]
[454, 446, 161]
[505, 470, 41]
[446, 537, 271]
[481, 591, 128]
[429, 575, 282]
[468, 614, 137]
[468, 530, 280]
[517, 599, 122]
[488, 105, 20]
[480, 94, 13]
[476, 94, 13]
[471, 95, 13]
[489, 92, 2]
[492, 92, 2]
[494, 92, 2]
[462, 101, -8]
[489, 99, -56]
[480, 118, 16]
[491, 117, 3]
[413, 181, 24]
[516, 175, -112]
[414, 264, 93]
[536, 275, -104]
[443, 305, 166]
[582, 332, -45]
[447, 315, 180]
[597, 344, -50]
[454, 311, 171]
[598, 339, -45]
[456, 308, 164]
[591, 336, -41]
[443, 351, 51]
[500, 351, -51]
[454, 446, 162]
[505, 471, 41]
[445, 538, 275]
[481, 590, 128]
[428, 575, 286]
[468, 613, 138]
[467, 529, 285]
[517, 598, 122]
[488, 106, 25]
[480, 95, 19]
[476, 95, 19]
[472, 95, 19]
[490, 94, 7]
[492, 93, 7]
[494, 93, 7]
[462, 101, -3]
[489, 99, -52]
[480, 118, 21]
[491, 117, 7]
[413, 181, 29]
[516, 175, -111]
[412, 264, 97]
[536, 275, -106]
[445, 305, 164]
[586, 332, -57]
[452, 315, 178]
[603, 344, -62]
[459, 312, 168]
[605, 339, -56]
[458, 309, 162]
[598, 336, -53]
[443, 351, 52]
[499, 351, -52]
[454, 446, 164]
[505, 471, 26]
[445, 538, 278]
[482, 590, 95]
[427, 574, 288]
[469, 613, 103]
[468, 529, 288]
[520, 598, 85]
[488, 107, 28]
[480, 96, 22]
[476, 96, 22]
[472, 96, 22]
[490, 95, 10]
[492, 94, 10]
[494, 94, 10]
[462, 102, -1]
[489, 100, -51]
[480, 119, 24]
[491, 118, 9]
[412, 181, 31]
[516, 175, -110]
[412, 264, 96]
[536, 275, -107]
[446, 305, 161]
[587, 332, -58]
[454, 316, 175]
[605, 345, -63]
[462, 312, 166]
[607, 340, -57]
[460, 309, 159]
[600, 337, -54]
[443, 352, 53]
[499, 352, -53]
[454, 446, 172]
[505, 472, 21]
[444, 537, 291]
[483, 590, 88]
[425, 572, 302]
[469, 613, 95]
[468, 528, 302]
[522, 598, 76]
[488, 108, 37]
[480, 96, 30]
[476, 97, 30]
[472, 97, 30]
[489, 95, 18]
[492, 95, 18]
[494, 95, 18]
[461, 103, 6]
[489, 101, -46]
[480, 120, 32]
[491, 119, 17]
[412, 181, 34]
[516, 175, -108]
[412, 264, 96]
[536, 274, -102]
[446, 305, 148]
[586, 329, -44]
[454, 315, 159]
[603, 342, -48]
[461, 311, 151]
[604, 336, -43]
[460, 308, 146]
[599, 333, -40]
[443, 352, 53]
[499, 352, -53]
[454, 446, 166]
[506, 473, 20]
[438, 542, 272]
[485, 593, 87]
[425, 571, 282]
[471, 618, 94]
[468, 527, 281]
[525, 601, 75]
[488, 108, 47]
[480, 96, 39]
[476, 97, 39]
[471, 97, 39]
[489, 95, 27]
[491, 95, 27]
[493, 95, 27]
[460, 103, 12]
[488, 101, -41]
[480, 120, 41]
[490, 119, 25]
[411, 181, 38]
[516, 175, -104]
[412, 265, 95]
[536, 274, -90]
[447, 305, 140]
[586, 326, -20]
[454, 316, 151]
[599, 338, -22]
[461, 311, 143]
[599, 332, -18]
[461, 308, 138]
[598, 329, -16]
[443, 352, 54]
[499, 352, -54]
[454, 447, 164]
[506, 476, 9]
[437, 547, 267]
[486, 600, 66]
[425, 571, 276]
[471, 625, 72]
[468, 527, 274]
[525, 608, 51]
[487, 109, 48]
[479, 97, 41]
[475, 97, 41]
[471, 97, 40]
[489, 96, 28]
[491, 95, 28]
[493, 95, 28]
[460, 103, 14]
[487, 101, -39]
[479, 121, 42]
[490, 120, 27]
[411, 181, 40]
[516, 175, -102]
[412, 265, 95]
[536, 272, -80]
[448, 305, 143]
[582, 318, 0]
[454, 314, 155]
[590, 329, 0]
[463, 311, 147]
[589, 322, 3]
[461, 307, 141]
[585, 319, 4]
[442, 352, 54]
[498, 352, -54]
[453, 448, 164]
[506, 476, 10]
[437, 551, 267]
[486, 600, 69]
[425, 573, 276]
[471, 626, 75]
[468, 527, 275]
[525, 608, 55]
[487, 110, 46]
[479, 98, 38]
[475, 98, 38]
[471, 98, 38]
[489, 97, 26]
[491, 96, 26]
[493, 96, 26]
[460, 104, 10]
[487, 102, -40]
[479, 121, 40]
[490, 120, 25]
[410, 182, 39]
[516, 176, -102]
[411, 266, 98]
[537, 273, -80]
[449, 301, 155]
[582, 319, 2]
[454, 310, 167]
[590, 331, 3]
[463, 305, 160]
[589, 324, 6]
[462, 302, 154]
[586, 322, 7]
[442, 352, 55]
[498, 353, -55]
[453, 450, 170]
[506, 477, 8]
[437, 551, 278]
[486, 602, 65]
[425, 573, 288]
[471, 628, 72]
[468, 527, 291]
[525, 611, 52]
[487, 110, 56]
[479, 98, 48]
[475, 98, 48]
[471, 98, 47]
[489, 97, 35]
[491, 96, 35]
[493, 96, 35]
[460, 104, 19]
[487, 102, -35]
[479, 121, 49]
[489, 121, 33]
[410, 182, 47]
[515, 176, -97]
[414, 266, 104]
[537, 271, -68]
[452, 297, 162]
[578, 309, 23]
[458, 306, 173]
[587, 318, 26]
[466, 299, 166]
[585, 310, 28]
[465, 297, 160]
[580, 309, 27]
[442, 351, 55]
[498, 352, -55]
[452, 450, 170]
[505, 477, -2]
[437, 552, 275]
[486, 603, 45]
[426, 574, 284]
[470, 629, 50]
[468, 530, 286]
[524, 612, 28]
[488, 110, 50]
[480, 98, 42]
[475, 98, 42]
[471, 98, 42]
[489, 97, 31]
[491, 96, 31]
[493, 96, 31]
[460, 104, 15]
[486, 102, -40]
[479, 121, 44]
[489, 121, 29]
[409, 182, 43]
[514, 176, -101]
[413, 268, 104]
[537, 272, -67]
[453, 298, 161]
[580, 302, 34]
[459, 306, 171]
[593, 305, 37]
[467, 300, 164]
[591, 298, 38]
[466, 297, 159]
[584, 298, 38]
[441, 351, 56]
[496, 352, -57]
[452, 451, 182]
[505, 478, 1]
[438, 540, 299]
[485, 604, 58]
[426, 573, 310]
[470, 630, 64]
[468, 529, 312]
[524, 613, 41]
[488, 110, 43]
[480, 98, 34]
[476, 98, 34]
[472, 98, 34]
[489, 97, 22]
[491, 97, 22]
[493, 96, 22]
[460, 104, 8]
[486, 102, -47]
[479, 121, 38]
[489, 121, 22]
[408, 182, 43]
[513, 176, -105]
[413, 269, 106]
[537, 272, -70]
[453, 295, 170]
[581, 300, 28]
[459, 303, 181]
[596, 303, 31]
[466, 297, 173]
[594, 296, 32]
[466, 295, 168]
[586, 295, 32]
[440, 351, 57]
[496, 352, -57]
[452, 451, 186]
[504, 477, 6]
[439, 537, 306]
[484, 603, 67]
[426, 572, 317]
[469, 629, 74]
[467, 529, 321]
[523, 612, 53]
[488, 109, 27]
[480, 97, 17]
[476, 98, 17]
[472, 98, 17]
[488, 97, 5]
[491, 96, 5]
[492, 96, 5]
[460, 103, -10]
[485, 102, -61]
[479, 121, 22]
[489, 120, 7]
[408, 182, 30]
[513, 176, -115]
[413, 267, 122]
[538, 273, -73]
[453, 268, 212]
[590, 295, 13]
[459, 270, 225]
[614, 297, 15]
[467, 260, 216]
[609, 288, 23]
[468, 260, 210]
[601, 287, 17]
[439, 351, 56]
[495, 352, -56]
[451, 451, 190]
[504, 477, 8]
[438, 545, 316]
[483, 603, 69]
[427, 572, 329]
[468, 628, 76]
[467, 529, 333]
[522, 612, 56]
[487, 109, 24]
[480, 97, 14]
[475, 97, 14]
[471, 98, 14]
[488, 97, 2]
[490, 96, 2]
[492, 96, 2]
[460, 103, -13]
[485, 102, -64]
[479, 121, 19]
[489, 120, 4]
[406, 181, 27]
[511, 176, -117]
[414, 264, 126]
[538, 273, -75]
[453, 263, 221]
[589, 290, 15]
[459, 265, 236]
[610, 292, 16]
[467, 256, 227]
[606, 283, 17]
[468, 256, 220]
[599, 281, 18]
[439, 351, 56]
[494, 352, -56]
[451, 451, 187]
[504, 477, 9]
[438, 547, 311]
[483, 603, 73]
[427, 572, 323]
[467, 628, 81]
[467, 529, 328]
[522, 611, 64]
[486, 109, 27]
[478, 97, 18]
[474, 97, 18]
[470, 98, 18]
[487, 97, 7]
[489, 96, 6]
[491, 96, 6]
[459, 103, -9]
[484, 102, -59]
[478, 121, 22]
[488, 120, 7]
[406, 181, 28]
[510, 177, -115]
[415, 258, 129]
[538, 271, -69]
[455, 252, 224]
[588, 282, 31]
[461, 254, 239]
[608, 286, 34]
[470, 244, 231]
[605, 276, 34]
[471, 244, 223]
[598, 275, 35]
[439, 351, 56]
[494, 352, -56]
[450, 451, 184]
[504, 476, 6]
[438, 548, 304]
[483, 602, 63]
[427, 572, 315]
[467, 628, 69]
[467, 529, 319]
[522, 611, 51]
[485, 109, 28]
[478, 97, 20]
[474, 97, 20]
[470, 98, 20]
[486, 97, 9]
[489, 96, 9]
[490, 96, 9]
[458, 103, -7]
[484, 102, -57]
[477, 121, 23]
[487, 120, 9]
[405, 181, 29]
[510, 177, -115]
[413, 256, 131]
[543, 268, -60]
[458, 239, 227]
[580, 270, 48]
[463, 237, 242]
[605, 270, 53]
[472, 227, 235]
[601, 264, 52]
[474, 228, 227]
[591, 263, 52]
[439, 351, 56]
[494, 352, -56]
[450, 450, 186]
[504, 475, 1]
[438, 539, 309]
[483, 602, 48]
[428, 571, 321]
[467, 628, 54]
[467, 528, 326]
[522, 611, 33]
[484, 109, 30]
[477, 97, 21]
[473, 97, 21]
[469, 98, 21]
[485, 97, 9]
[487, 96, 9]
[489, 96, 9]
[458, 103, -6]
[483, 102, -57]
[476, 121, 25]
[486, 120, 9]
[405, 181, 34]
[509, 177, -115]
[419, 254, 141]
[547, 265, -64]
[458, 241, 237]
[598, 259, 35]
[463, 240, 253]
[620, 259, 38]
[473, 229, 245]
[620, 249, 39]
[475, 229, 236]
[608, 248, 38]
[439, 351, 56]
[494, 352, -56]
[450, 449, 192]
[504, 474, -16]
[439, 534, 321]
[483, 603, 22]
[429, 570, 333]
[467, 629, 26]
[467, 528, 336]
[522, 613, 0]
[482, 109, 36]
[475, 97, 26]
[471, 97, 26]
[467, 98, 26]
[484, 97, 14]
[486, 96, 14]
[488, 96, 14]
[457, 103, -3]
[482, 102, -57]
[474, 121, 31]
[485, 120, 14]
[405, 181, 39]
[508, 178, -114]
[422, 254, 146]
[547, 263, -66]
[459, 246, 243]
[605, 251, 26]
[464, 247, 259]
[625, 251, 28]
[474, 235, 250]
[619, 241, 29]
[476, 235, 241]
[611, 243, 30]
[439, 350, 57]
[494, 352, -57]
[450, 448, 195]
[504, 473, -17]
[440, 531, 326]
[484, 603, 22]
[429, 567, 338]
[468, 628, 27]
[467, 528, 340]
[524, 613, 0]
[481, 109, 37]
[474, 98, 26]
[470, 98, 26]
[466, 98, 26]
[483, 97, 14]
[485, 96, 14]
[488, 96, 14]
[456, 103, -3]
[482, 102, -56]
[473, 121, 31]
[484, 120, 15]
[405, 180, 38]
[508, 178, -112]
[423, 252, 144]
[549, 262, -64]
[459, 234, 245]
[601, 246, 36]
[464, 231, 262]
[620, 243, 40]
[474, 220, 253]
[616, 234, 41]
[476, 221, 244]
[607, 235, 40]
[439, 350, 56]
[494, 352, -56]
[450, 447, 194]
[504, 471, -12]
[440, 531, 319]
[484, 601, 29]
[429, 567, 330]
[469, 627, 33]
[467, 528, 333]
[525, 613, 10]
[481, 110, 36]
[474, 98, 24]
[470, 98, 24]
[466, 98, 24]
[483, 98, 13]
[485, 97, 13]
[487, 97, 13]
[455, 103, -6]
[482, 102, -57]
[473, 121, 30]
[483, 120, 15]
[405, 180, 34]
[508, 178, -111]
[423, 250, 140]
[552, 261, -64]
[458, 228, 241]
[598, 242, 34]
[464, 224, 258]
[617, 237, 37]
[473, 213, 250]
[614, 227, 39]
[475, 215, 241]
[606, 229, 38]
[439, 350, 56]
[495, 352, -56]
[450, 446, 192]
[504, 470, -8]
[440, 532, 315]
[484, 600, 37]
[429, 566, 326]
[469, 625, 42]
[467, 528, 329]
[525, 613, 19]
[481, 110, 31]
[474, 99, 18]
[470, 99, 18]
[466, 99, 18]
[483, 98, 8]
[485, 98, 8]
[487, 97, 8]
[455, 104, -14]
[482, 102, -60]
[473, 121, 24]
[483, 121, 11]
[405, 180, 27]
[508, 178, -109]
[423, 249, 138]
[555, 261, -59]
[462, 219, 234]
[597, 229, 41]
[466, 208, 250]
[615, 221, 45]
[473, 208, 243]
[609, 211, 46]
[475, 209, 233]
[601, 214, 45]
[440, 350, 52]
[495, 353, -52]
[450, 446, 173]
[505, 470, -6]
[440, 532, 288]
[484, 598, 39]
[430, 567, 300]
[470, 623, 44]
[466, 529, 301]
[525, 611, 21]
[480, 111, 33]
[474, 99, 18]
[470, 99, 18]
[466, 99, 18]
[483, 98, 9]
[485, 98, 9]
[487, 97, 9]
[455, 104, -12]
[482, 102, -59]
[473, 121, 24]
[483, 121, 12]
[405, 180, 26]
[509, 178, -106]
[424, 250, 136]
[557, 261, -53]
[461, 238, 230]
[594, 225, 52]
[466, 236, 246]
[610, 215, 57]
[473, 227, 239]
[604, 206, 58]
[475, 219, 229]
[596, 209, 56]
[441, 350, 52]
[496, 353, -52]
[450, 446, 173]
[505, 470, -6]
[440, 532, 290]
[485, 597, 38]
[430, 566, 301]
[470, 622, 42]
[466, 529, 304]
[526, 609, 19]
[480, 111, 34]
[474, 99, 19]
[469, 99, 19]
[465, 99, 19]
[483, 98, 9]
[485, 98, 9]
[487, 97, 9]
[455, 104, -11]
[482, 102, -59]
[472, 121, 25]
[483, 121, 13]
[405, 180, 25]
[509, 178, -105]
[424, 251, 134]
[558, 261, -52]
[461, 245, 228]
[592, 225, 54]
[465, 246, 243]
[607, 214, 59]
[474, 235, 236]
[601, 205, 60]
[475, 225, 227]
[594, 209, 57]
[441, 350, 51]
[496, 353, -51]
[450, 446, 173]
[506, 469, -6]
[440, 532, 291]
[485, 596, 38]
[429, 565, 303]
[470, 621, 43]
[465, 529, 305]
[526, 607, 20]
[480, 112, 39]
[474, 100, 24]
[469, 100, 24]
[465, 100, 24]
[483, 99, 15]
[485, 99, 15]
[487, 98, 15]
[455, 104, -10]
[482, 103, -55]
[472, 122, 29]
[483, 122, 17]
[406, 180, 25]
[510, 178, -101]
[424, 251, 128]
[559, 260, -48]
[459, 259, 223]
[591, 214, 57]
[465, 263, 240]
[605, 203, 63]
[473, 253, 231]
[598, 195, 63]
[474, 250, 222]
[591, 198, 60]
[442, 351, 51]
[497, 353, -51]
[450, 445, 170]
[507, 469, -16]
[440, 532, 286]
[485, 595, 18]
[429, 565, 297]
[470, 620, 21]
[464, 529, 298]
[526, 606, -3]
[480, 113, 39]
[474, 101, 25]
[470, 101, 25]
[465, 101, 25]
[483, 101, 16]
[485, 100, 16]
[487, 100, 16]
[455, 105, -10]
[483, 105, -54]
[473, 124, 30]
[483, 123, 18]
[406, 180, 26]
[510, 178, -100]
[424, 251, 128]
[560, 258, -49]
[459, 258, 223]
[589, 209, 55]
[463, 261, 240]
[603, 199, 60]
[471, 252, 231]
[596, 191, 60]
[472, 250, 222]
[589, 193, 58]
[443, 351, 51]
[497, 353, -51]
[450, 444, 171]
[507, 469, -17]
[440, 530, 288]
[485, 594, 19]
[432, 543, 299]
[470, 620, 22]
[464, 526, 301]
[526, 605, -1]
[482, 113, 38]
[476, 102, 24]
[472, 101, 24]
[468, 101, 24]
[485, 101, 14]
[487, 101, 14]
[489, 101, 14]
[456, 105, -10]
[484, 106, -55]
[474, 124, 30]
[484, 123, 17]
[406, 179, 26]
[512, 178, -101]
[424, 248, 129]
[560, 256, -49]
[453, 237, 231]
[588, 209, 54]
[455, 235, 249]
[602, 199, 59]
[464, 225, 241]
[594, 190, 60]
[467, 226, 231]
[587, 193, 58]
[443, 351, 51]
[497, 353, -51]
[450, 443, 169]
[507, 469, -14]
[440, 529, 286]
[485, 594, 22]
[433, 539, 297]
[470, 619, 26]
[463, 526, 301]
[526, 605, 3]
[484, 113, 33]
[477, 101, 20]
[473, 101, 20]
[469, 101, 20]
[486, 101, 10]
[488, 101, 10]
[490, 101, 10]
[457, 104, -12]
[486, 105, -58]
[475, 123, 26]
[485, 123, 13]
[407, 177, 24]
[512, 178, -101]
[424, 246, 129]
[560, 254, -52]
[451, 229, 232]
[587, 205, 52]
[454, 227, 251]
[599, 194, 57]
[463, 217, 243]
[591, 185, 57]
[465, 218, 232]
[585, 187, 56]
[444, 351, 50]
[498, 353, -50]
[450, 442, 167]
[507, 469, -12]
[440, 529, 282]
[485, 593, 25]
[433, 539, 293]
[470, 618, 29]
[462, 525, 298]
[526, 605, 5]
[486, 113, 30]
[480, 101, 17]
[476, 101, 17]
[472, 100, 17]
[488, 101, 7]
[490, 101, 7]
[492, 100, 7]
[459, 104, -14]
[489, 106, -59]
[478, 123, 24]
[487, 123, 11]
[407, 175, 23]
[514, 177, -102]
[428, 241, 128]
[560, 251, -51]
[457, 215, 234]
[585, 196, 52]
[454, 210, 253]
[597, 185, 57]
[463, 201, 246]
[589, 176, 57]
[466, 204, 234]
[582, 179, 56]
[445, 351, 49]
[499, 353, -49]
[450, 441, 160]
[507, 469, -8]
[439, 528, 271]
[484, 593, 26]
[434, 537, 281]
[469, 617, 31]
[461, 525, 286]
[524, 604, 5]
[491, 112, 30]
[485, 101, 17]
[482, 101, 17]
[478, 100, 17]
[492, 101, 7]
[494, 101, 7]
[496, 101, 7]
[465, 104, -15]
[490, 106, -58]
[483, 122, 24]
[490, 122, 11]
[408, 173, 21]
[516, 177, -96]
[422, 234, 125]
[561, 249, -46]
[450, 195, 232]
[582, 183, 53]
[453, 180, 251]
[594, 169, 58]
[461, 181, 245]
[585, 163, 58]
[463, 184, 233]
[578, 168, 57]
[446, 348, 47]
[500, 351, -47]
[450, 441, 142]
[507, 469, -8]
[439, 528, 241]
[484, 593, 23]
[434, 538, 250]
[469, 618, 26]
[460, 525, 253]
[522, 605, 3]
[492, 112, 27]
[487, 101, 13]
[483, 101, 13]
[480, 100, 13]
[494, 101, 4]
[496, 101, 4]
[497, 101, 4]
[466, 104, -19]
[492, 107, -59]
[484, 121, 20]
[492, 122, 9]
[408, 172, 17]
[517, 177, -96]
[417, 228, 123]
[561, 248, -45]
[446, 186, 232]
[581, 180, 55]
[452, 175, 251]
[593, 167, 59]
[458, 171, 245]
[585, 160, 59]
[460, 174, 233]
[578, 166, 58]
[446, 348, 45]
[501, 351, -46]
[450, 441, 146]
[508, 469, -1]
[439, 528, 250]
[484, 593, 34]
[434, 537, 260]
[469, 617, 38]
[459, 525, 263]
[521, 605, 17]
[492, 112, 27]
[487, 101, 15]
[484, 100, 15]
[480, 100, 15]
[494, 101, 5]
[496, 101, 5]
[498, 101, 5]
[468, 104, -18]
[494, 107, -57]
[485, 121, 21]
[492, 122, 10]
[409, 172, 18]
[521, 177, -92]
[414, 220, 123]
[561, 245, -36]
[427, 175, 242]
[578, 179, 71]
[422, 166, 262]
[592, 164, 77]
[431, 159, 257]
[583, 157, 76]
[435, 163, 244]
[573, 164, 75]
[447, 347, 45]
[502, 351, -45]
[450, 441, 148]
[508, 469, -8]
[439, 528, 254]
[484, 593, 19]
[434, 537, 265]
[469, 618, 21]
[459, 525, 266]
[520, 608, -4]
[493, 112, 26]
[488, 101, 14]
[485, 100, 14]
[481, 100, 14]
[495, 101, 5]
[498, 101, 5]
[500, 101, 5]
[470, 105, -19]
[497, 108, -57]
[486, 121, 20]
[494, 122, 9]
[412, 172, 18]
[523, 176, -92]
[422, 217, 125]
[562, 244, -39]
[433, 179, 243]
[577, 177, 64]
[431, 170, 263]
[591, 162, 70]
[440, 163, 258]
[582, 155, 71]
[443, 167, 245]
[573, 161, 68]
[448, 346, 45]
[503, 350, -45]
[450, 440, 147]
[508, 468, -10]
[439, 528, 253]
[484, 592, 15]
[434, 537, 263]
[469, 616, 18]
[459, 525, 264]
[520, 607, -7]
[496, 112, 29]
[490, 102, 17]
[487, 101, 17]
[484, 101, 17]
[498, 102, 8]
[500, 102, 8]
[502, 103, 8]
[473, 106, -11]
[499, 109, -50]
[489, 121, 24]
[497, 122, 13]
[415, 172, 28]
[525, 176, -87]
[423, 219, 135]
[562, 243, -49]
[431, 179, 253]
[577, 176, 26]
[428, 169, 273]
[591, 160, 29]
[436, 162, 269]
[582, 152, 29]
[440, 166, 255]
[574, 158, 29]
[449, 344, 45]
[504, 348, -45]
[450, 441, 137]
[508, 469, -33]
[439, 529, 229]
[484, 594, -28]
[432, 549, 237]
[469, 618, -28]
[459, 525, 236]
[520, 609, -56]
[497, 113, 23]
[491, 102, 11]
[488, 102, 11]
[485, 101, 11]
[499, 103, 2]
[501, 103, 2]
[503, 103, 2]
[474, 107, -15]
[500, 110, -54]
[490, 121, 19]
[498, 123, 7]
[416, 173, 27]
[525, 176, -90]
[426, 216, 135]
[563, 243, -49]
[426, 175, 251]
[578, 175, 35]
[420, 164, 271]
[590, 159, 39]
[429, 158, 266]
[581, 151, 39]
[434, 162, 252]
[574, 157, 39]
[450, 344, 46]
[505, 348, -46]
[450, 441, 141]
[509, 469, -33]
[439, 529, 238]
[484, 594, -20]
[432, 553, 248]
[469, 619, -19]
[459, 526, 247]
[520, 611, -49]
[498, 113, 20]
[492, 102, 8]
[489, 102, 8]
[486, 101, 8]
[500, 103, 0]
[502, 103, 0]
[504, 103, 0]
[475, 107, -17]
[501, 110, -58]
[491, 121, 16]
[499, 123, 4]
[418, 174, 27]
[527, 176, -90]
[426, 215, 135]
[564, 243, -52]
[428, 175, 250]
[578, 176, 36]
[423, 165, 271]
[590, 159, 40]
[431, 158, 266]
[581, 153, 40]
[436, 162, 252]
[574, 159, 39]
[451, 343, 46]
[505, 348, -46]
[451, 441, 142]
[509, 470, -36]
[440, 529, 240]
[484, 595, -23]
[432, 554, 249]
[469, 619, -22]
[459, 526, 248]
[520, 612, -52]
[498, 112, 22]
[492, 102, 9]
[489, 101, 9]
[485, 101, 9]
[500, 102, 1]
[503, 103, 1]
[505, 103, 1]
[475, 107, -22]
[502, 110, -58]
[491, 120, 16]
[500, 122, 5]
[420, 174, 21]
[529, 176, -89]
[428, 215, 124]
[566, 244, -38]
[423, 173, 239]
[578, 176, 62]
[415, 163, 259]
[588, 159, 67]
[424, 156, 256]
[580, 153, 66]
[429, 161, 241]
[574, 159, 65]
[451, 344, 45]
[506, 348, -45]
[451, 441, 140]
[509, 470, -32]
[440, 529, 239]
[484, 595, -16]
[432, 555, 248]
[469, 619, -15]
[459, 527, 246]
[519, 612, -46]
[497, 112, 31]
[492, 102, 17]
[488, 102, 17]
[485, 102, 17]
[500, 103, 10]
[503, 103, 10]
[505, 103, 10]
[475, 108, -20]
[503, 111, -51]
[491, 121, 23]
[500, 122, 14]
[421, 175, 21]
[530, 176, -86]
[431, 214, 125]
[566, 244, -27]
[425, 174, 240]
[577, 176, 87]
[418, 165, 260]
[586, 160, 95]
[426, 158, 258]
[579, 154, 94]
[432, 162, 243]
[574, 161, 91]
[451, 343, 45]
[506, 348, -45]
[451, 441, 142]
[509, 471, -37]
[440, 528, 241]
[484, 595, -25]
[431, 553, 251]
[469, 619, -24]
[459, 525, 249]
[519, 612, -57]
[497, 111, 31]
[492, 102, 18]
[489, 102, 18]
[485, 102, 18]
[501, 102, 10]
[503, 103, 10]
[506, 103, 10]
[476, 108, -19]
[504, 110, -50]
[491, 121, 23]
[500, 122, 14]
[422, 175, 21]
[531, 176, -85]
[428, 215, 124]
[565, 244, -31]
[426, 176, 240]
[576, 176, 73]
[420, 167, 260]
[585, 160, 80]
[428, 161, 257]
[578, 155, 79]
[433, 165, 243]
[573, 162, 77]
[452, 343, 45]
[507, 347, -45]
[451, 441, 135]
[509, 471, -33]
[440, 528, 228]
[484, 595, -19]
[431, 554, 236]
[469, 619, -18]
[459, 525, 234]
[519, 612, -48]
[498, 111, 29]
[493, 102, 15]
[490, 102, 15]
[486, 102, 15]
[501, 102, 8]
[504, 102, 8]
[506, 103, 8]
[477, 108, -20]
[505, 110, -50]
[492, 121, 21]
[501, 122, 12]
[424, 175, 20]
[534, 176, -85]
[428, 217, 124]
[567, 244, -34]
[434, 178, 239]
[577, 176, 72]
[430, 171, 259]
[585, 161, 78]
[438, 164, 255]
[578, 155, 74]
[443, 168, 241]
[573, 162, 73]
[452, 343, 43]
[508, 347, -43]
[451, 441, 129]
[509, 471, -33]
[440, 530, 219]
[484, 595, -14]
[431, 555, 227]
[469, 619, -13]
[459, 525, 225]
[519, 611, -42]
[499, 111, 24]
[494, 101, 11]
[491, 101, 11]
[488, 101, 11]
[502, 102, 4]
[505, 102, 4]
[507, 103, 4]
[478, 108, -20]
[506, 110, -52]
[493, 120, 18]
[502, 121, 8]
[424, 175, 20]
[534, 176, -86]
[427, 217, 125]
[567, 244, -34]
[434, 179, 242]
[576, 176, 68]
[430, 170, 262]
[583, 160, 74]
[438, 164, 258]
[577, 155, 71]
[442, 167, 245]
[572, 162, 70]
[453, 342, 43]
[509, 347, -43]
[451, 441, 126]
[509, 471, -29]
[440, 532, 215]
[484, 595, -13]
[431, 556, 224]
[469, 619, -12]
[459, 525, 221]
[518, 611, -41]
[500, 111, 31]
[495, 101, 17]
[492, 101, 17]
[488, 101, 17]
[503, 102, 10]
[506, 102, 10]
[508, 103, 10]
[479, 108, -18]
[507, 110, -48]
[494, 120, 23]
[503, 121, 15]
[425, 175, 20]
[536, 176, -81]
[431, 218, 122]
[568, 244, -26]
[434, 178, 238]
[576, 177, 77]
[429, 169, 257]
[583, 161, 83]
[437, 162, 254]
[576, 156, 82]
[442, 166, 240]
[572, 162, 79]
[453, 342, 42]
[509, 346, -42]
[451, 441, 127]
[510, 472, -26]
[440, 532, 217]
[483, 595, -12]
[431, 556, 225]
[469, 619, -10]
[459, 524, 223]
[518, 611, -40]
[501, 111, 31]
[496, 101, 17]
[493, 101, 17]
[489, 101, 17]
[504, 102, 10]
[507, 102, 10]
[509, 103, 10]
[480, 108, -18]
[508, 110, -48]
[495, 120, 23]
[504, 121, 14]
[426, 175, 20]
[536, 176, -83]
[433, 219, 121]
[568, 245, -44]
[434, 179, 235]
[576, 177, 33]
[429, 170, 254]
[583, 161, 36]
[437, 163, 252]
[577, 156, 36]
[442, 167, 237]
[572, 163, 35]
[453, 341, 43]
[509, 346, -43]
[452, 441, 129]
[510, 472, -33]
[438, 533, 219]
[483, 595, -25]
[430, 555, 228]
[469, 620, -24]
[459, 523, 224]
[518, 612, -55]
[502, 110, 30]
[497, 101, 16]
[493, 101, 16]
[490, 101, 16]
[505, 102, 10]
[508, 102, 10]
[510, 103, 10]
[481, 108, -23]
[509, 110, -49]
[496, 119, 22]
[505, 120, 14]
[426, 175, 15]
[536, 176, -83]
[431, 220, 111]
[568, 245, -28]
[424, 179, 218]
[576, 177, 74]
[414, 165, 236]
[582, 160, 81]
[423, 157, 234]
[576, 155, 79]
[428, 162, 221]
[570, 162, 77]
[453, 341, 42]
[509, 346, -42]
[452, 441, 131]
[510, 472, -24]
[437, 533, 224]
[483, 595, -9]
[430, 554, 233]
[468, 620, -7]
[459, 523, 232]
[517, 611, -35]
[503, 109, 32]
[497, 100, 17]
[494, 100, 17]
[490, 101, 17]
[506, 101, 11]
[509, 101, 11]
[511, 102, 11]
[481, 107, -22]
[509, 110, -49]
[496, 118, 23]
[506, 119, 15]
[425, 175, 13]
[536, 176, -81]
[429, 220, 107]
[568, 245, -20]
[420, 179, 212]
[575, 177, 87]
[409, 163, 230]
[581, 159, 95]
[418, 155, 228]
[574, 154, 93]
[423, 161, 215]
[568, 161, 90]
[453, 341, 42]
[509, 346, -42]
[452, 441, 137]
[510, 472, -16]
[436, 534, 235]
[482, 595, 3]
[430, 555, 245]
[467, 620, 5]
[459, 522, 245]
[517, 611, -20]
[503, 109, 35]
[497, 100, 18]
[494, 100, 18]
[490, 100, 18]
[506, 101, 13]
[509, 101, 13]
[511, 102, 13]
[481, 107, -24]
[509, 109, -49]
[496, 118, 24]
[506, 119, 17]
[426, 175, 9]
[536, 176, -80]
[429, 220, 99]
[569, 245, -16]
[417, 177, 201]
[575, 177, 93]
[408, 162, 217]
[581, 159, 101]
[417, 154, 216]
[574, 154, 99]
[422, 160, 204]
[568, 161, 96]
[453, 341, 41]
[509, 346, -41]
[452, 442, 142]
[510, 472, -5]
[436, 536, 244]
[482, 595, 20]
[429, 555, 254]
[467, 619, 23]
[459, 523, 255]
[517, 610, 0]
[502, 106, 40]
[497, 97, 21]
[494, 97, 21]
[490, 97, 21]
[506, 98, 17]
[509, 99, 17]
[511, 99, 17]
[481, 105, -26]
[509, 107, -47]
[496, 115, 27]
[506, 115, 22]
[425, 175, 2]
[536, 176, -74]
[417, 220, 86]
[569, 245, 0]
[405, 171, 184]
[574, 176, 118]
[395, 154, 200]
[582, 158, 127]
[403, 151, 199]
[574, 153, 125]
[408, 155, 188]
[568, 161, 121]
[453, 342, 40]
[509, 347, -40]
[452, 442, 154]
[510, 473, 0]
[436, 535, 265]
[482, 597, 28]
[429, 555, 277]
[466, 622, 31]
[459, 522, 279]
[516, 612, 5]
[502, 106, 39]
[497, 97, 22]
[493, 97, 22]
[490, 97, 22]
[506, 98, 17]
[508, 99, 17]
[511, 99, 17]
[480, 105, -26]
[509, 107, -47]
[495, 115, 27]
[506, 115, 21]
[424, 175, 6]
[536, 177, -77]
[416, 219, 96]
[569, 245, -8]
[408, 170, 198]
[574, 176, 105]
[402, 152, 216]
[582, 158, 113]
[410, 146, 214]
[574, 152, 111]
[415, 151, 201]
[568, 160, 108]
[453, 342, 40]
[509, 348, -40]
[452, 442, 152]
[510, 475, -5]
[436, 535, 260]
[482, 599, 19]
[429, 555, 270]
[466, 624, 21]
[459, 522, 273]
[516, 613, -4]
[501, 106, 39]
[497, 97, 23]
[493, 97, 23]
[489, 97, 23]
[506, 98, 17]
[508, 99, 17]
[511, 99, 17]
[480, 105, -25]
[509, 107, -46]
[495, 115, 28]
[506, 116, 21]
[424, 175, 8]
[536, 177, -77]
[416, 219, 100]
[569, 245, -9]
[409, 169, 205]
[573, 176, 105]
[405, 152, 223]
[582, 157, 113]
[413, 145, 221]
[574, 152, 110]
[418, 150, 208]
[568, 160, 108]
[453, 343, 40]
[509, 349, -40]
[452, 443, 152]
[510, 476, -6]
[436, 535, 259]
[482, 600, 18]
[429, 554, 269]
[466, 625, 20]
[459, 521, 272]
[516, 614, -5]
[497, 107, 42]
[493, 98, 25]
[489, 98, 25]
[485, 98, 25]
[502, 99, 20]
[505, 99, 20]
[507, 100, 20]
[476, 106, -23]
[506, 108, -41]
[491, 116, 30]
[502, 117, 24]
[424, 175, 9]
[535, 178, -72]
[413, 217, 103]
[569, 245, -5]
[404, 166, 207]
[574, 176, 107]
[395, 152, 226]
[582, 158, 115]
[404, 147, 224]
[575, 152, 113]
[409, 150, 210]
[568, 160, 110]
[453, 344, 40]
[509, 349, -40]
[452, 444, 144]
[510, 476, -12]
[436, 537, 242]
[481, 600, 3]
[430, 556, 252]
[466, 624, 5]
[461, 523, 251]
[516, 613, -22]
[495, 108, 41]
[490, 99, 25]
[487, 99, 25]
[482, 100, 25]
[500, 100, 20]
[503, 100, 20]
[505, 100, 20]
[473, 108, -21]
[504, 109, -41]
[489, 118, 30]
[499, 119, 24]
[424, 176, 12]
[535, 178, -74]
[414, 217, 115]
[569, 246, -6]
[409, 166, 232]
[575, 176, 103]
[400, 156, 251]
[584, 159, 110]
[405, 152, 247]
[577, 154, 107]
[413, 153, 235]
[570, 161, 105]
[452, 345, 40]
[509, 350, -40]
[452, 444, 140]
[510, 476, -14]
[436, 538, 238]
[481, 599, 1]
[430, 557, 248]
[465, 624, 2]
[462, 523, 247]
[515, 613, -23]
[494, 109, 44]
[489, 100, 27]
[485, 100, 27]
[481, 100, 27]
[499, 100, 22]
[502, 100, 22]
[505, 101, 22]
[472, 109, -21]
[504, 110, -41]
[488, 119, 32]
[498, 119, 26]
[424, 176, 12]
[533, 178, -73]
[414, 218, 111]
[568, 246, -7]
[409, 168, 220]
[576, 177, 103]
[401, 156, 237]
[586, 161, 111]
[407, 152, 234]
[579, 155, 109]
[412, 154, 223]
[573, 162, 106]
[452, 346, 40]
[509, 350, -40]
[452, 444, 144]
[510, 476, -14]
[436, 538, 247]
[480, 599, 2]
[430, 557, 257]
[465, 623, 4]
[462, 524, 257]
[515, 612, -22]
[492, 109, 43]
[488, 100, 27]
[484, 100, 27]
[479, 101, 27]
[497, 100, 22]
[500, 100, 22]
[503, 101, 22]
[470, 109, -21]
[502, 110, -41]
[486, 120, 32]
[496, 120, 26]
[423, 176, 13]
[531, 179, -77]
[415, 210, 114]
[567, 246, -9]
[409, 168, 227]
[577, 178, 101]
[402, 154, 245]
[589, 162, 108]
[409, 152, 241]
[583, 156, 107]
[413, 154, 229]
[576, 163, 104]
[451, 347, 41]
[508, 351, -41]
[452, 445, 146]
[510, 476, -14]
[436, 539, 250]
[480, 598, 6]
[430, 558, 261]
[465, 622, 9]
[461, 525, 260]
[515, 612, -18]
[491, 109, 41]
[486, 100, 23]
[483, 100, 23]
[478, 101, 23]
[496, 100, 19]
[499, 100, 19]
[502, 101, 19]
[469, 109, -24]
[501, 109, -44]
[485, 120, 29]
[495, 120, 23]
[421, 176, 7]
[530, 179, -79]
[409, 211, 105]
[566, 246, -11]
[405, 166, 213]
[580, 181, 105]
[394, 150, 229]
[593, 166, 113]
[404, 151, 224]
[587, 160, 112]
[410, 153, 215]
[580, 166, 109]
[451, 347, 41]
[508, 352, -41]
[452, 446, 151]
[510, 476, -8]
[438, 538, 260]
[480, 597, 23]
[430, 559, 271]
[465, 622, 27]
[461, 525, 271]
[515, 611, 0]
[491, 109, 30]
[486, 99, 14]
[482, 99, 14]
[478, 100, 14]
[495, 99, 9]
[498, 99, 9]
[501, 100, 9]
[468, 107, -29]
[500, 108, -53]
[484, 119, 20]
[494, 119, 13]
[419, 176, 5]
[527, 179, -89]
[410, 207, 105]
[565, 248, -24]
[406, 167, 216]
[580, 186, 89]
[396, 151, 232]
[594, 172, 96]
[406, 151, 225]
[587, 165, 95]
[410, 155, 217]
[581, 171, 93]
[450, 349, 41]
[507, 353, -41]
[452, 446, 150]
[509, 476, -3]
[438, 538, 256]
[480, 597, 32]
[429, 561, 267]
[465, 622, 36]
[461, 526, 267]
[515, 611, 10]
[490, 108, 28]
[486, 98, 12]
[481, 98, 12]
[477, 99, 12]
[495, 98, 6]
[498, 99, 6]
[501, 99, 6]
[468, 106, -31]
[500, 107, -56]
[484, 118, 18]
[494, 118, 10]
[418, 176, 4]
[526, 179, -92]
[411, 213, 104]
[565, 249, -29]
[407, 167, 216]
[581, 188, 84]
[397, 152, 233]
[594, 174, 90]
[407, 151, 226]
[587, 167, 90]
[411, 156, 217]
[581, 173, 87]
[449, 349, 41]
[506, 353, -41]
[452, 447, 149]
[509, 476, -4]
[438, 538, 255]
[480, 598, 29]
[429, 562, 265]
[465, 622, 33]
[460, 527, 265]
[515, 611, 7]
[491, 108, 26]
[485, 98, 12]
[481, 98, 12]
[477, 98, 12]
[495, 98, 4]
[497, 98, 4]
[500, 98, 4]
[467, 106, -25]
[498, 106, -57]
[484, 118, 18]
[494, 118, 8]
[417, 176, 12]
[523, 179, -97]
[411, 224, 120]
[565, 254, -50]
[435, 182, 239]
[581, 194, 46]
[435, 173, 259]
[594, 181, 50]
[446, 166, 251]
[588, 173, 50]
[448, 169, 240]
[582, 177, 49]
[449, 350, 42]
[505, 354, -42]
[452, 448, 134]
[509, 477, -2]
[437, 544, 229]
[481, 598, 33]
[429, 566, 238]
[466, 623, 36]
[460, 528, 240]
[515, 611, 16]
[490, 108, 26]
[485, 98, 13]
[481, 98, 13]
[477, 98, 13]
[494, 98, 4]
[496, 98, 4]
[499, 98, 4]
[467, 105, -19]
[496, 105, -58]
[483, 118, 19]
[493, 118, 8]
[416, 176, 19]
[520, 179, -101]
[411, 230, 128]
[562, 255, -68]
[436, 190, 249]
[583, 203, 13]
[435, 183, 269]
[599, 191, 15]
[445, 174, 263]
[591, 181, 17]
[449, 177, 250]
[584, 185, 17]
[448, 350, 44]
[505, 354, -44]
[452, 448, 136]
[509, 477, -4]
[437, 548, 233]
[481, 599, 31]
[429, 568, 242]
[467, 624, 35]
[462, 530, 244]
[515, 612, 13]
[490, 108, 31]
[484, 98, 20]
[481, 98, 20]
[476, 98, 20]
[493, 98, 10]
[496, 98, 10]
[498, 98, 10]
[466, 105, -8]
[494, 104, -52]
[483, 118, 26]
[493, 118, 13]
[416, 176, 29]
[519, 179, -97]
[411, 232, 136]
[559, 256, -81]
[435, 191, 257]
[586, 208, -25]
[433, 183, 277]
[602, 197, -24]
[443, 174, 272]
[594, 187, -20]
[447, 177, 258]
[588, 190, -20]
[448, 350, 46]
[504, 354, -46]
[452, 448, 132]
[509, 475, -15]
[440, 547, 221]
[482, 599, 8]
[430, 569, 229]
[468, 624, 11]
[464, 535, 228]
[516, 612, -11]
[490, 108, 35]
[484, 98, 24]
[480, 98, 24]
[476, 98, 24]
[493, 98, 13]
[495, 98, 13]
[497, 97, 13]
[466, 104, -6]
[493, 103, -50]
[482, 118, 29]
[492, 118, 16]
[415, 176, 31]
[518, 178, -96]
[419, 238, 132]
[557, 257, -92]
[443, 207, 248]
[587, 209, -52]
[443, 199, 268]
[605, 198, -54]
[454, 189, 263]
[598, 189, -50]
[458, 192, 249]
[590, 192, -49]
[447, 350, 47]
[503, 354, -47]
[452, 448, 134]
[509, 474, -16]
[440, 545, 228]
[482, 599, 8]
[430, 569, 237]
[468, 624, 11]
[464, 534, 236]
[517, 612, -11]
[489, 108, 35]
[483, 98, 24]
[479, 98, 24]
[475, 98, 24]
[492, 98, 14]
[494, 97, 13]
[497, 97, 13]
[465, 104, -5]
[493, 103, -50]
[481, 118, 29]
[492, 118, 16]
[415, 177, 31]
[517, 178, -99]
[427, 246, 132]
[558, 258, -81]
[453, 227, 243]
[588, 212, -17]
[455, 222, 263]
[605, 201, -16]
[466, 212, 259]
[599, 192, -13]
[469, 214, 246]
[591, 195, -13]
[447, 351, 47]
[503, 354, -47]
[452, 448, 135]
[509, 475, -15]
[440, 544, 231]
[482, 599, 14]
[431, 572, 240]
[468, 624, 17]
[464, 536, 239]
[518, 612, -4]
[488, 108, 46]
[482, 98, 33]
[478, 98, 33]
[474, 98, 33]
[491, 97, 22]
[493, 97, 22]
[496, 97, 22]
[464, 104, -4]
[492, 103, -49]
[480, 119, 37]
[491, 118, 24]
[415, 178, 29]
[517, 179, -97]
[426, 254, 129]
[558, 261, -59]
[461, 247, 233]
[588, 216, 40]
[462, 254, 250]
[605, 204, 46]
[473, 243, 242]
[599, 196, 47]
[475, 243, 232]
[592, 199, 44]
[447, 351, 47]
[503, 354, -47]
[451, 449, 153]
[509, 475, -7]
[441, 544, 262]
[482, 601, 30]
[431, 572, 272]
[468, 627, 34]
[464, 535, 274]
[519, 612, 13]
[486, 108, 48]
[480, 97, 34]
[476, 97, 34]
[472, 97, 34]
[490, 97, 24]
[492, 97, 24]
[495, 97, 24]
[462, 103, -5]
[491, 102, -47]
[478, 119, 38]
[489, 118, 26]
[413, 179, 27]
[518, 179, -97]
[425, 253, 128]
[558, 264, -48]
[461, 235, 228]
[588, 219, 55]
[462, 240, 246]
[605, 207, 61]
[474, 230, 238]
[599, 198, 62]
[475, 231, 228]
[591, 201, 59]
[446, 351, 47]
[503, 355, -47]
[451, 449, 154]
[509, 476, -4]
[441, 543, 261]
[482, 603, 33]
[431, 572, 272]
[468, 629, 37]
[464, 535, 275]
[519, 612, 15]
[486, 108, 50]
[480, 97, 36]
[475, 97, 36]
[471, 97, 36]
[489, 97, 27]
[492, 96, 27]
[494, 96, 27]
[462, 103, -5]
[490, 102, -45]
[478, 119, 40]
[489, 118, 29]
[413, 179, 26]
[518, 179, -95]
[424, 255, 128]
[558, 265, -44]
[461, 233, 227]
[589, 223, 59]
[463, 234, 245]
[605, 211, 65]
[475, 224, 238]
[599, 202, 67]
[476, 226, 227]
[592, 205, 63]
[446, 351, 47]
[502, 355, -47]
[451, 449, 151]
[509, 476, -4]
[441, 543, 256]
[482, 604, 30]
[431, 574, 266]
[468, 631, 33]
[464, 535, 267]
[519, 613, 12]
[484, 108, 52]
[478, 96, 38]
[474, 96, 38]
[469, 96, 38]
[488, 96, 29]
[491, 95, 29]
[493, 95, 29]
[460, 102, -3]
[490, 101, -43]
[476, 118, 42]
[488, 118, 30]
[412, 179, 27]
[518, 179, -94]
[427, 253, 127]
[558, 266, -41]
[463, 249, 228]
[591, 227, 66]
[469, 249, 246]
[606, 216, 73]
[479, 238, 239]
[601, 207, 75]
[481, 238, 228]
[594, 211, 70]
[445, 351, 47]
[502, 356, -47]
[451, 450, 150]
[508, 477, -2]
[441, 543, 253]
[482, 604, 38]
[430, 574, 263]
[468, 631, 42]
[463, 535, 264]
[519, 613, 22]
[484, 108, 49]
[477, 96, 36]
[473, 96, 36]
[469, 96, 36]
[487, 96, 26]
[490, 95, 26]
[493, 95, 26]
[460, 102, -3]
[489, 101, -44]
[476, 118, 40]
[487, 118, 28]
[412, 179, 28]
[518, 179, -96]
[430, 254, 128]
[558, 266, -43]
[467, 242, 228]
[592, 230, 62]
[472, 248, 246]
[608, 220, 68]
[482, 238, 239]
[603, 211, 70]
[483, 238, 229]
[597, 214, 66]
[445, 352, 47]
[502, 356, -47]
[451, 451, 150]
[508, 478, -2]
[441, 542, 253]
[482, 604, 36]
[430, 574, 262]
[468, 631, 40]
[462, 534, 264]
[519, 613, 19]
[483, 108, 48]
[477, 96, 34]
[473, 96, 34]
[469, 96, 34]
[487, 96, 25]
[490, 95, 25]
[492, 95, 25]
[459, 102, -4]
[489, 101, -44]
[475, 118, 39]
[487, 118, 27]
[412, 179, 27]
[518, 179, -97]
[430, 253, 128]
[559, 265, -44]
[467, 236, 229]
[593, 232, 58]
[470, 244, 247]
[609, 222, 64]
[480, 233, 239]
[604, 213, 66]
[482, 234, 229]
[597, 215, 62]
[445, 352, 47]
[502, 357, -47]
[450, 451, 149]
[508, 478, 0]
[440, 540, 251]
[482, 604, 43]
[429, 574, 261]
[468, 630, 48]
[461, 534, 263]
[519, 612, 28]
[483, 108, 47]
[476, 96, 33]
[472, 96, 33]
[468, 96, 33]
[486, 95, 24]
[489, 95, 24]
[492, 95, 24]
[459, 102, -6]
[488, 101, -46]
[475, 118, 37]
[486, 118, 26]
[411, 180, 24]
[518, 179, -100]
[431, 254, 126]
[558, 266, -44]
[467, 236, 229]
[593, 243, 60]
[470, 239, 247]
[611, 238, 66]
[481, 228, 240]
[603, 227, 68]
[482, 229, 229]
[596, 230, 64]
[445, 354, 47]
[502, 357, -47]
[450, 451, 156]
[508, 478, 5]
[440, 536, 264]
[484, 604, 58]
[428, 570, 275]
[470, 630, 64]
[459, 531, 281]
[520, 612, 46]
[480, 108, 49]
[474, 96, 35]
[470, 96, 35]
[465, 96, 35]
[484, 95, 27]
[486, 95, 27]
[489, 95, 27]
[456, 103, -6]
[487, 101, -41]
[473, 119, 39]
[484, 118, 29]
[409, 181, 23]
[518, 179, -96]
[430, 255, 121]
[557, 265, -39]
[468, 236, 229]
[590, 251, 70]
[473, 238, 247]
[607, 249, 77]
[483, 228, 240]
[598, 241, 77]
[484, 228, 229]
[589, 242, 73]
[445, 355, 47]
[502, 358, -47]
[451, 451, 155]
[508, 478, 3]
[436, 541, 260]
[485, 604, 48]
[427, 569, 270]
[471, 630, 53]
[459, 531, 276]
[522, 612, 34]
[478, 108, 52]
[472, 96, 37]
[468, 96, 37]
[463, 96, 37]
[482, 95, 30]
[485, 95, 30]
[488, 95, 30]
[455, 103, -6]
[487, 101, -38]
[471, 119, 40]
[482, 118, 31]
[409, 182, 22]
[518, 179, -93]
[424, 260, 113]
[557, 266, -39]
[469, 244, 215]
[589, 259, 66]
[476, 248, 232]
[607, 260, 73]
[485, 237, 225]
[600, 251, 72]
[486, 237, 215]
[591, 250, 69]
[445, 356, 47]
[502, 359, -47]
[451, 451, 157]
[509, 478, 5]
[434, 544, 260]
[486, 604, 51]
[426, 569, 270]
[471, 630, 56]
[459, 529, 277]
[523, 612, 38]
[477, 108, 53]
[471, 96, 39]
[467, 96, 39]
[463, 96, 38]
[481, 95, 32]
[484, 95, 32]
[487, 95, 32]
[454, 103, -6]
[486, 101, -35]
[470, 119, 41]
[482, 118, 33]
[408, 182, 20]
[518, 179, -89]
[425, 260, 108]
[557, 266, -34]
[470, 246, 213]
[579, 262, 72]
[477, 247, 230]
[597, 262, 80]
[486, 236, 225]
[588, 256, 78]
[486, 236, 214]
[582, 256, 74]
[445, 357, 46]
[502, 359, -46]
[451, 450, 156]
[509, 478, 6]
[433, 544, 259]
[486, 604, 50]
[426, 566, 269]
[472, 630, 55]
[459, 528, 275]
[523, 612, 38]
[477, 108, 53]
[471, 96, 38]
[467, 96, 38]
[463, 96, 38]
[481, 95, 31]
[484, 95, 31]
[487, 94, 30]
[453, 103, -7]
[486, 101, -37]
[470, 119, 41]
[482, 118, 32]
[408, 183, 19]
[518, 179, -89]
[428, 260, 108]
[556, 266, -37]
[471, 243, 214]
[578, 265, 67]
[477, 244, 231]
[597, 266, 75]
[486, 233, 226]
[589, 260, 75]
[487, 234, 215]
[583, 259, 71]
[445, 358, 45]
[502, 359, -45]
[451, 451, 156]
[509, 478, 12]
[432, 544, 258]
[486, 605, 65]
[426, 566, 268]
[472, 630, 71]
[457, 528, 275]
[522, 612, 55]
[478, 107, 37]
[471, 95, 24]
[467, 95, 24]
[463, 96, 24]
[481, 94, 16]
[484, 93, 16]
[487, 93, 16]
[453, 103, -15]
[486, 100, -51]
[470, 119, 28]
[482, 118, 17]
[408, 184, 15]
[519, 179, -107]
[428, 264, 105]
[553, 268, -68]
[469, 267, 208]
[590, 281, 23]
[477, 271, 225]
[614, 284, 25]
[486, 261, 217]
[610, 274, 26]
[487, 260, 208]
[601, 274, 26]
[445, 360, 46]
[502, 362, -46]
[451, 453, 158]
[509, 482, 26]
[432, 545, 264]
[487, 607, 103]
[425, 566, 275]
[473, 632, 112]
[455, 527, 281]
[522, 612, 97]
[478, 106, 31]
[471, 94, 18]
[467, 95, 18]
[463, 95, 18]
[481, 93, 10]
[484, 93, 10]
[487, 92, 10]
[453, 103, -19]
[486, 99, -56]
[470, 119, 22]
[482, 117, 11]
[407, 184, 13]
[519, 178, -110]
[428, 265, 105]
[551, 269, -70]
[468, 267, 205]
[593, 286, 20]
[475, 270, 221]
[616, 287, 22]
[484, 260, 213]
[612, 277, 22]
[486, 259, 204]
[604, 277, 23]
[444, 361, 46]
[502, 362, -46]
[451, 455, 158]
[509, 484, 25]
[432, 546, 264]
[487, 609, 100]
[425, 566, 275]
[473, 634, 108]
[455, 527, 280]
[522, 614, 92]
[478, 105, 23]
[471, 93, 10]
[467, 93, 10]
[463, 94, 10]
[482, 92, 2]
[484, 91, 2]
[488, 91, 2]
[453, 102, -27]
[486, 98, -63]
[471, 117, 14]
[482, 116, 4]
[408, 184, 4]
[521, 178, -117]
[419, 273, 94]
[551, 275, -86]
[460, 276, 192]
[606, 294, -12]
[467, 280, 207]
[628, 297, -14]
[478, 270, 199]
[624, 287, -12]
[479, 269, 191]
[617, 287, -10]
[444, 361, 47]
[503, 363, -47]
[451, 457, 164]
[509, 487, 32]
[432, 548, 278]
[487, 612, 113]
[425, 567, 290]
[473, 637, 122]
[455, 527, 295]
[520, 617, 105]
[479, 102, 24]
[472, 91, 10]
[467, 92, 10]
[463, 93, 10]
[482, 90, 3]
[485, 90, 3]
[488, 89, 3]
[453, 101, -30]
[486, 97, -62]
[471, 116, 14]
[483, 114, 5]
[408, 184, 0]
[522, 178, -115]
[413, 279, 85]
[552, 278, -78]
[455, 285, 181]
[607, 299, 6]
[463, 289, 196]
[629, 303, 7]
[473, 280, 188]
[625, 294, 8]
[473, 280, 180]
[617, 293, 8]
[445, 361, 46]
[503, 364, -46]
[451, 459, 165]
[509, 492, 33]
[431, 548, 280]
[487, 616, 109]
[424, 567, 291]
[473, 641, 118]
[454, 527, 297]
[518, 620, 101]
[480, 101, 28]
[472, 90, 14]
[468, 90, 14]
[464, 91, 14]
[482, 89, 7]
[485, 89, 7]
[488, 88, 6]
[454, 100, -28]
[486, 96, -59]
[472, 115, 18]
[485, 113, 8]
[408, 184, 0]
[524, 178, -112]
[411, 280, 76]
[552, 279, -72]
[452, 292, 160]
[605, 302, 10]
[460, 298, 173]
[626, 306, 13]
[469, 291, 165]
[621, 297, 15]
[469, 290, 159]
[613, 296, 14]
[445, 361, 46]
[504, 364, -46]
[451, 458, 170]
[508, 493, 29]
[431, 548, 284]
[486, 619, 100]
[424, 567, 296]
[473, 644, 108]
[454, 526, 303]
[518, 623, 90]
[481, 101, 23]
[472, 89, 10]
[468, 90, 10]
[464, 91, 10]
[482, 88, 2]
[485, 88, 2]
[488, 88, 2]
[454, 100, -30]
[486, 96, -62]
[473, 115, 13]
[485, 113, 4]
[409, 184, 0]
[525, 178, -113]
[413, 278, 79]
[551, 278, -70]
[452, 288, 170]
[603, 302, 20]
[460, 292, 184]
[618, 304, 25]
[469, 285, 177]
[617, 297, 27]
[469, 284, 169]
[610, 297, 24]
[445, 361, 46]
[504, 364, -46]
[451, 458, 170]
[508, 492, 39]
[430, 545, 284]
[486, 617, 120]
[423, 564, 296]
[473, 643, 129]
[453, 524, 305]
[518, 622, 114]
[481, 101, 26]
[473, 89, 13]
[468, 90, 13]
[464, 91, 13]
[483, 88, 5]
[485, 88, 5]
[488, 88, 5]
[454, 100, -27]
[486, 96, -60]
[473, 115, 16]
[485, 112, 7]
[410, 184, 1]
[526, 178, -112]
[414, 276, 84]
[551, 278, -70]
[453, 285, 176]
[602, 306, 24]
[461, 290, 190]
[616, 311, 28]
[470, 283, 183]
[616, 303, 29]
[469, 282, 175]
[609, 303, 27]
[445, 361, 46]
[504, 364, -46]
[451, 457, 170]
[508, 491, 36]
[429, 544, 284]
[487, 617, 114]
[422, 563, 295]
[473, 642, 123]
[453, 524, 304]
[518, 622, 108]
[481, 99, 45]
[472, 88, 32]
[468, 88, 32]
[464, 90, 32]
[483, 87, 24]
[485, 87, 24]
[488, 87, 24]
[454, 99, -12]
[486, 95, -46]
[473, 113, 33]
[485, 111, 23]
[410, 183, 10]
[528, 177, -109]
[414, 276, 70]
[551, 278, -76]
[454, 302, 133]
[601, 321, 4]
[462, 311, 146]
[614, 336, 5]
[471, 306, 139]
[618, 330, 9]
[470, 303, 132]
[608, 326, 8]
[445, 361, 47]
[506, 363, -47]
[451, 457, 170]
[509, 491, 34]
[429, 544, 277]
[487, 617, 110]
[422, 563, 287]
[474, 643, 118]
[453, 524, 291]
[520, 622, 101]
[481, 98, 47]
[472, 87, 34]
[468, 88, 34]
[464, 89, 34]
[483, 86, 26]
[485, 86, 26]
[488, 86, 26]
[454, 99, -10]
[486, 94, -43]
[473, 112, 35]
[486, 110, 25]
[410, 183, 12]
[529, 177, -108]
[415, 275, 69]
[551, 278, -77]
[455, 304, 132]
[601, 323, 5]
[463, 313, 144]
[613, 338, 7]
[472, 308, 137]
[618, 331, 11]
[471, 305, 131]
[607, 329, 9]
[445, 361, 48]
[506, 363, -48]
[451, 456, 169]
[509, 491, 34]
[429, 544, 277]
[488, 617, 111]
[422, 563, 286]
[474, 643, 119]
[453, 524, 289]
[522, 622, 102]
[480, 98, 71]
[471, 87, 56]
[467, 88, 56]
[462, 89, 56]
[482, 86, 49]
[485, 86, 49]
[488, 86, 49]
[454, 99, 1]
[487, 94, -28]
[472, 112, 55]
[485, 110, 46]
[411, 183, 15]
[530, 177, -98]
[416, 275, 53]
[551, 277, -76]
[456, 315, 92]
[600, 327, -4]
[465, 324, 102]
[609, 341, -4]
[472, 321, 96]
[612, 336, 1]
[472, 318, 91]
[604, 331, 0]
[445, 361, 48]
[507, 363, -48]
[451, 455, 174]
[509, 490, 36]
[429, 542, 287]
[489, 617, 118]
[422, 561, 298]
[474, 643, 127]
[452, 524, 300]
[522, 623, 106]
[480, 99, 70]
[471, 88, 55]
[467, 89, 55]
[462, 90, 55]
[482, 87, 48]
[485, 87, 48]
[488, 87, 48]
[454, 100, 2]
[488, 95, -28]
[472, 112, 54]
[485, 110, 46]
[412, 184, 17]
[531, 177, -96]
[417, 277, 56]
[551, 278, -70]
[456, 322, 102]
[597, 330, 12]
[464, 334, 112]
[605, 345, 14]
[471, 329, 106]
[605, 339, 22]
[471, 325, 100]
[600, 335, 17]
[445, 361, 49]
[508, 363, -49]
[451, 455, 179]
[510, 490, 37]
[429, 540, 298]
[489, 617, 118]
[422, 560, 309]
[474, 643, 127]
[452, 524, 312]
[523, 622, 106]
[479, 100, 68]
[471, 89, 54]
[467, 90, 54]
[462, 91, 54]
[482, 88, 47]
[485, 88, 47]
[488, 88, 47]
[454, 101, 2]
[490, 96, -27]
[472, 113, 54]
[485, 111, 45]
[413, 184, 18]
[532, 177, -93]
[419, 277, 56]
[551, 279, -69]
[456, 326, 100]
[593, 332, 12]
[462, 339, 110]
[601, 346, 14]
[470, 334, 104]
[601, 341, 21]
[470, 330, 98]
[595, 338, 17]
[446, 361, 49]
[508, 363, -49]
[451, 455, 176]
[510, 490, 36]
[429, 540, 292]
[489, 618, 114]
[422, 560, 303]
[475, 644, 123]
[452, 525, 306]
[524, 624, 100]
[479, 101, 65]
[471, 90, 51]
[467, 91, 51]
[462, 92, 51]
[482, 89, 45]
[485, 89, 45]
[489, 89, 45]
[454, 102, 1]
[490, 97, -27]
[472, 114, 51]
[485, 112, 43]
[414, 185, 19]
[533, 177, -93]
[419, 277, 61]
[551, 280, -74]
[453, 327, 113]
[593, 338, -2]
[459, 340, 126]
[602, 353, -2]
[467, 336, 119]
[601, 349, 5]
[467, 332, 111]
[596, 345, 1]
[446, 361, 49]
[508, 363, -49]
[451, 456, 173]
[510, 490, 36]
[429, 544, 288]
[490, 618, 115]
[422, 564, 299]
[475, 644, 123]
[452, 528, 299]
[524, 624, 102]
[478, 102, 71]
[471, 91, 56]
[467, 92, 56]
[462, 93, 56]
[482, 90, 50]
[485, 90, 50]
[489, 90, 50]
[454, 103, 4]
[491, 98, -23]
[472, 115, 56]
[485, 113, 48]
[414, 187, 20]
[533, 177, -91]
[420, 277, 57]
[551, 280, -77]
[452, 329, 103]
[592, 341, -12]
[457, 342, 116]
[601, 357, -12]
[467, 338, 108]
[602, 354, -4]
[467, 333, 101]
[595, 350, -8]
[446, 361, 48]
[508, 363, -48]
[451, 457, 166]
[510, 492, 36]
[430, 546, 277]
[490, 619, 113]
[422, 566, 287]
[476, 645, 122]
[452, 529, 285]
[524, 626, 100]
[478, 102, 70]
[471, 92, 56]
[467, 92, 56]
[462, 93, 56]
[482, 91, 50]
[485, 90, 50]
[489, 90, 50]
[454, 103, 4]
[491, 98, -21]
[472, 115, 56]
[485, 114, 48]
[415, 187, 21]
[535, 178, -89]
[422, 277, 59]
[552, 281, -76]
[452, 332, 115]
[592, 349, -10]
[457, 346, 128]
[602, 366, -10]
[466, 343, 121]
[602, 364, -3]
[466, 338, 113]
[596, 359, -6]
[447, 362, 48]
[508, 363, -48]
[452, 465, 161]
[510, 495, 35]
[430, 558, 271]
[490, 622, 112]
[423, 579, 281]
[476, 648, 120]
[456, 538, 279]
[524, 629, 95]
[479, 102, 67]
[471, 92, 53]
[467, 92, 53]
[463, 93, 53]
[483, 91, 47]
[486, 90, 47]
[489, 90, 47]
[455, 103, 2]
[492, 98, -24]
[472, 115, 53]
[485, 114, 45]
[415, 187, 21]
[536, 178, -91]
[422, 277, 62]
[552, 282, -78]
[451, 333, 119]
[592, 351, -15]
[455, 347, 132]
[602, 368, -16]
[464, 344, 125]
[602, 366, -8]
[465, 339, 118]
[597, 361, -11]
[447, 362, 48]
[508, 364, -48]
[452, 468, 162]
[510, 496, 37]
[430, 561, 272]
[490, 623, 114]
[423, 582, 282]
[475, 649, 123]
[458, 541, 283]
[523, 629, 99]
[479, 102, 69]
[472, 92, 54]
[468, 92, 54]
[464, 93, 54]
[483, 91, 48]
[487, 91, 48]
[490, 91, 48]
[456, 103, 2]
[493, 98, -23]
[473, 115, 54]
[485, 114, 46]
[416, 187, 20]
[537, 178, -91]
[423, 277, 62]
[552, 282, -78]
[452, 330, 121]
[591, 353, -14]
[455, 343, 134]
[602, 369, -15]
[465, 340, 127]
[602, 366, -7]
[466, 335, 120]
[596, 362, -10]
[447, 363, 48]
[508, 364, -48]
[452, 468, 163]
[510, 497, 44]
[430, 559, 279]
[489, 623, 133]
[423, 580, 289]
[475, 648, 142]
[459, 539, 288]
[523, 629, 121]
[479, 105, 67]
[472, 95, 53]
[468, 95, 53]
[464, 96, 53]
[483, 93, 47]
[487, 93, 47]
[491, 93, 46]
[457, 105, 0]
[493, 100, -24]
[473, 118, 52]
[485, 117, 45]
[418, 188, 20]
[538, 178, -91]
[424, 277, 64]
[552, 282, -85]
[452, 330, 127]
[591, 355, -30]
[456, 342, 143]
[602, 372, -33]
[465, 338, 134]
[602, 370, -24]
[466, 334, 125]
[596, 365, -26]
[447, 364, 48]
[509, 365, -48]
[454, 467, 168]
[511, 497, 46]
[430, 558, 289]
[489, 623, 138]
[423, 579, 300]
[475, 648, 148]
[459, 538, 301]
[522, 629, 128]
[479, 107, 68]
[472, 96, 53]
[468, 97, 53]
[464, 98, 53]
[484, 95, 47]
[487, 94, 47]
[491, 94, 47]
[457, 106, 0]
[494, 102, -23]
[473, 120, 52]
[486, 118, 46]
[418, 188, 20]
[540, 179, -92]
[424, 277, 65]
[552, 282, -84]
[452, 331, 126]
[591, 357, -25]
[455, 344, 142]
[602, 373, -26]
[465, 340, 134]
[602, 371, -19]
[466, 335, 124]
[596, 367, -21]
[448, 365, 48]
[510, 365, -48]
[454, 468, 169]
[511, 498, 45]
[430, 557, 288]
[489, 624, 135]
[423, 578, 299]
[475, 649, 145]
[458, 538, 299]
[522, 631, 124]
[480, 107, 71]
[473, 96, 55]
[469, 97, 55]
[465, 98, 55]
[484, 95, 50]
[488, 94, 50]
[491, 94, 50]
[458, 107, 0]
[494, 102, -22]
[474, 120, 55]
[486, 118, 49]
[419, 189, 20]
[540, 179, -92]
[423, 277, 68]
[552, 283, -83]
[450, 331, 130]
[591, 358, -19]
[453, 344, 146]
[602, 375, -20]
[463, 340, 137]
[602, 373, -13]
[464, 336, 128]
[596, 368, -15]
[449, 365, 48]
[511, 366, -48]
[454, 469, 172]
[512, 499, 45]
[431, 558, 292]
[490, 625, 135]
[423, 579, 304]
[476, 650, 145]
[459, 537, 306]
[522, 631, 124]
[480, 107, 70]
[474, 96, 54]
[470, 97, 54]
[466, 98, 54]
[485, 94, 49]
[489, 94, 49]
[492, 94, 49]
[459, 107, -3]
[495, 102, -23]
[474, 120, 54]
[487, 118, 48]
[419, 189, 12]
[541, 180, -91]
[423, 278, 61]
[553, 284, -74]
[450, 333, 128]
[589, 359, -1]
[454, 347, 144]
[597, 376, 0]
[464, 344, 136]
[595, 374, 6]
[464, 339, 126]
[591, 369, 2]
[449, 365, 47]
[512, 366, -47]
[454, 469, 171]
[512, 500, 53]
[431, 557, 291]
[490, 625, 149]
[424, 579, 302]
[476, 650, 160]
[459, 537, 305]
[521, 631, 141]
[482, 107, 69]
[475, 96, 51]
[471, 96, 51]
[467, 97, 51]
[486, 94, 48]
[490, 94, 48]
[494, 94, 48]
[460, 107, -7]
[496, 102, -24]
[476, 120, 51]
[488, 118, 47]
[420, 189, 8]
[542, 180, -91]
[423, 278, 55]
[553, 285, -74]
[450, 334, 117]
[588, 362, -2]
[453, 348, 132]
[596, 379, -1]
[463, 345, 125]
[595, 378, 5]
[464, 340, 116]
[590, 373, 1]
[450, 365, 46]
[513, 367, -46]
[455, 469, 176]
[512, 500, 55]
[432, 556, 300]
[490, 625, 152]
[425, 577, 312]
[476, 650, 163]
[459, 536, 316]
[520, 631, 144]
[483, 107, 69]
[476, 96, 51]
[472, 97, 51]
[468, 98, 51]
[488, 95, 48]
[491, 94, 48]
[495, 94, 48]
[461, 107, -7]
[497, 102, -25]
[477, 120, 51]
[489, 119, 47]
[420, 189, 8]
[543, 180, -93]
[423, 278, 52]
[553, 286, -75]
[449, 335, 110]
[587, 363, -3]
[452, 349, 124]
[595, 380, -2]
[462, 346, 117]
[594, 379, 4]
[463, 341, 109]
[588, 374, 0]
[450, 365, 46]
[513, 367, -46]
[455, 468, 179]
[512, 500, 56]
[432, 554, 304]
[490, 624, 155]
[425, 575, 316]
[476, 649, 167]
[459, 531, 320]
[520, 631, 147]
[484, 106, 68]
[478, 96, 51]
[474, 96, 51]
[470, 97, 51]
[489, 94, 47]
[493, 94, 47]
[497, 94, 47]
[462, 107, -8]
[498, 102, -26]
[478, 120, 51]
[491, 118, 46]
[421, 189, 7]
[543, 180, -94]
[424, 278, 48]
[554, 286, -77]
[448, 335, 103]
[585, 363, -11]
[451, 349, 117]
[594, 380, -11]
[462, 346, 110]
[593, 380, -5]
[463, 341, 102]
[586, 375, -7]
[450, 365, 46]
[513, 367, -46]
[455, 466, 180]
[512, 500, 60]
[432, 553, 306]
[490, 624, 163]
[425, 574, 318]
[476, 649, 175]
[459, 528, 321]
[519, 630, 155]
[487, 106, 68]
[479, 95, 50]
[476, 96, 50]
[472, 97, 50]
[491, 94, 47]
[495, 94, 47]
[498, 94, 47]
[464, 107, -8]
[500, 102, -27]
[480, 119, 50]
[493, 118, 46]
[422, 189, 5]
[544, 180, -94]
[424, 278, 43]
[554, 286, -77]
[448, 335, 94]
[583, 363, -11]
[451, 349, 107]
[591, 381, -11]
[462, 346, 100]
[589, 380, -4]
[463, 341, 93]
[583, 375, -7]
[450, 365, 46]
[513, 367, -46]
[455, 463, 183]
[512, 499, 59]
[433, 549, 311]
[489, 623, 160]
[426, 570, 323]
[475, 648, 171]
[459, 526, 327]
[519, 629, 151]
[488, 105, 69]
[481, 95, 52]
[477, 95, 52]
[473, 96, 52]
[492, 93, 48]
[496, 93, 48]
[500, 93, 48]
[465, 107, -8]
[501, 102, -25]
[481, 119, 51]
[494, 118, 47]
[422, 189, 5]
[545, 180, -90]
[425, 278, 39]
[554, 285, -74]
[448, 336, 81]
[581, 364, -10]
[452, 351, 93]
[590, 382, -10]
[462, 348, 86]
[587, 382, -4]
[463, 343, 80]
[581, 376, -6]
[450, 365, 46]
[513, 366, -46]
[455, 461, 181]
[512, 498, 57]
[433, 548, 306]
[489, 622, 155]
[426, 569, 318]
[475, 647, 166]
[458, 526, 322]
[519, 627, 145]
