[464, 136, -281]
[479, 117, -275]
[488, 117, -275]
[497, 117, -275]
[459, 119, -260]
[453, 119, -259]
[448, 120, -260]
[521, 130, -201]
[455, 130, -121]
[481, 156, -250]
[457, 157, -229]
[590, 256, -188]
[426, 254, -5]
[604, 421, -198]
[414, 405, 59]
[584, 570, -288]
[382, 515, -81]
[590, 620, -332]
[375, 547, -106]
[562, 618, -351]
[376, 542, -150]
[556, 597, -298]
[381, 530, -103]
[533, 542, -71]
[427, 527, 72]
[536, 763, -43]
[425, 755, 122]
[529, 954, 170]
[417, 954, 282]
[535, 983, 179]
[419, 987, 292]
[500, 1014, 21]
[395, 1003, 138]
[463, 135, -286]
[478, 116, -282]
[487, 116, -282]
[496, 117, -282]
[458, 118, -265]
[453, 119, -265]
[447, 119, -265]
[521, 129, -209]
[455, 129, -127]
[481, 155, -257]
[457, 156, -233]
[590, 255, -190]
[424, 253, -7]
[603, 420, -205]
[413, 402, 74]
[584, 566, -290]
[383, 512, -55]
[590, 616, -334]
[373, 543, -76]
[571, 615, -353]
[376, 538, -121]
[555, 590, -300]
[382, 527, -77]
[533, 540, -71]
[427, 527, 72]
[535, 757, -46]
[422, 747, 123]
[526, 950, 159]
[413, 946, 283]
[531, 979, 168]
[415, 979, 293]
[499, 1008, 10]
[393, 996, 145]
[463, 135, -281]
[478, 116, -278]
[487, 116, -278]
[496, 116, -278]
[457, 118, -260]
[452, 118, -260]
[447, 119, -260]
[520, 128, -209]
[455, 128, -123]
[480, 154, -253]
[457, 155, -228]
[590, 255, -195]
[424, 251, 0]
[603, 420, -208]
[413, 401, 84]
[582, 564, -288]
[385, 511, -47]
[586, 613, -331]
[376, 540, -67]
[565, 609, -349]
[378, 536, -110]
[555, 586, -297]
[386, 525, -69]
[533, 539, -71]
[427, 526, 72]
[534, 754, -49]
[421, 744, 124]
[523, 948, 153]
[411, 942, 284]
[528, 978, 162]
[413, 975, 294]
[496, 1005, 8]
[390, 992, 147]
[462, 135, -278]
[478, 116, -275]
[486, 115, -275]
[495, 115, -275]
[457, 117, -257]
[452, 118, -257]
[447, 118, -257]
[520, 128, -208]
[456, 128, -120]
[480, 154, -250]
[456, 155, -226]
[590, 253, -202]
[425, 250, 4]
[603, 419, -215]
[413, 401, 92]
[583, 565, -289]
[382, 512, -27]
[589, 614, -332]
[374, 540, -44]
[571, 614, -353]
[376, 536, -91]
[556, 590, -299]
[383, 525, -50]
[533, 538, -74]
[427, 525, 75]
[530, 753, -49]
[417, 742, 142]
[517, 947, 151]
[405, 938, 306]
[522, 977, 160]
[407, 971, 317]
[487, 1002, 7]
[383, 989, 168]
[462, 134, -277]
[478, 115, -275]
[486, 115, -275]
[495, 115, -275]
[457, 117, -256]
[452, 118, -256]
[447, 118, -256]
[520, 128, -203]
[456, 128, -112]
[480, 153, -249]
[456, 154, -224]
[590, 252, -199]
[425, 250, 16]
[603, 418, -214]
[413, 401, 102]
[582, 565, -293]
[383, 511, -27]
[589, 613, -336]
[373, 539, -44]
[573, 614, -355]
[375, 535, -91]
[560, 587, -302]
[381, 524, -50]
[533, 537, -74]
[426, 524, 75]
[529, 753, -49]
[417, 742, 137]
[516, 947, 156]
[406, 938, 304]
[522, 977, 167]
[407, 971, 315]
[486, 1002, 12]
[383, 989, 163]
[462, 133, -279]
[478, 114, -276]
[486, 114, -276]
[495, 114, -276]
[457, 116, -258]
[452, 117, -258]
[447, 118, -258]
[520, 127, -204]
[456, 128, -116]
[480, 152, -250]
[456, 154, -226]
[589, 251, -199]
[425, 250, 9]
[602, 415, -214]
[413, 401, 97]
[581, 562, -298]
[383, 511, -31]
[588, 612, -343]
[371, 539, -51]
[571, 613, -365]
[373, 535, -97]
[559, 583, -308]
[380, 524, -53]
[533, 536, -73]
[426, 523, 74]
[529, 754, -45]
[417, 742, 136]
[518, 947, 168]
[406, 938, 303]
[524, 977, 180]
[408, 971, 314]
[487, 1002, 29]
[384, 990, 163]
[462, 133, -278]
[477, 114, -274]
[486, 114, -274]
[495, 114, -274]
[457, 116, -257]
[452, 117, -257]
[447, 117, -257]
[520, 127, -205]
[456, 127, -116]
[480, 152, -249]
[456, 153, -225]
[589, 250, -207]
[425, 249, 13]
[602, 414, -226]
[413, 401, 106]
[574, 562, -309]
[381, 511, -19]
[581, 611, -355]
[370, 538, -37]
[560, 612, -373]
[367, 534, -84]
[553, 582, -318]
[377, 524, -42]
[534, 536, -76]
[427, 523, 77]
[530, 755, -46]
[417, 743, 139]
[518, 947, 180]
[406, 939, 317]
[524, 977, 193]
[408, 971, 329]
[487, 1003, 46]
[384, 992, 181]
[462, 132, -274]
[477, 114, -271]
[486, 114, -271]
[495, 114, -271]
[457, 116, -254]
[452, 117, -254]
[447, 117, -254]
[520, 127, -205]
[456, 127, -115]
[480, 152, -247]
[456, 153, -222]
[590, 249, -206]
[425, 249, 13]
[602, 411, -225]
[413, 398, 106]
[570, 557, -309]
[381, 506, -19]
[573, 609, -354]
[371, 530, -38]
[550, 603, -372]
[366, 530, -83]
[546, 573, -317]
[376, 521, -42]
[533, 536, -76]
[427, 523, 77]
[529, 753, -47]
[417, 738, 143]
[517, 940, 174]
[407, 929, 320]
[524, 968, 187]
[409, 961, 333]
[484, 997, 44]
[383, 980, 195]
[463, 132, -253]
[479, 114, -252]
[487, 113, -252]
[497, 114, -252]
[458, 116, -232]
[453, 117, -232]
[448, 117, -232]
[521, 127, -190]
[457, 127, -91]
[481, 152, -228]
[457, 153, -200]
[590, 248, -205]
[426, 249, 41]
[603, 408, -227]
[410, 397, 135]
[556, 550, -311]
[369, 502, 10]
[557, 602, -357]
[343, 525, -7]
[533, 593, -373]
[344, 521, -54]
[532, 569, -317]
[349, 519, -12]
[534, 537, -79]
[427, 523, 79]
[530, 755, -45]
[419, 740, 144]
[518, 940, 197]
[408, 929, 325]
[525, 968, 213]
[411, 962, 339]
[485, 997, 74]
[385, 982, 198]
[465, 132, -246]
[480, 113, -245]
[489, 113, -245]
[498, 113, -245]
[460, 115, -224]
[455, 116, -224]
[450, 117, -224]
[522, 126, -183]
[458, 127, -83]
[483, 152, -221]
[459, 153, -192]
[590, 247, -198]
[426, 249, 53]
[605, 404, -231]
[406, 397, 150]
[555, 542, -338]
[352, 496, 25]
[558, 592, -387]
[323, 515, 7]
[534, 582, -403]
[316, 516, -41]
[530, 555, -346]
[331, 512, 1]
[533, 537, -81]
[425, 525, 81]
[527, 755, -62]
[418, 740, 131]
[511, 939, 187]
[405, 928, 321]
[519, 966, 203]
[408, 958, 338]
[477, 994, 63]
[379, 979, 191]
[466, 132, -245]
[481, 113, -241]
[490, 113, -241]
[499, 113, -242]
[461, 115, -223]
[456, 116, -223]
[451, 117, -223]
[522, 126, -174]
[459, 127, -83]
[484, 152, -218]
[460, 153, -192]
[590, 246, -178]
[426, 249, 46]
[606, 402, -218]
[404, 393, 141]
[545, 529, -331]
[347, 493, 17]
[540, 566, -379]
[320, 514, -1]
[519, 554, -393]
[311, 512, -48]
[519, 537, -338]
[327, 506, -4]
[533, 534, -76]
[425, 520, 77]
[526, 747, -47]
[419, 735, 131]
[511, 927, 197]
[406, 921, 318]
[518, 952, 214]
[409, 949, 332]
[478, 983, 84]
[380, 974, 195]
[467, 132, -240]
[482, 113, -237]
[491, 113, -237]
[501, 113, -237]
[463, 115, -217]
[457, 116, -217]
[452, 117, -217]
[523, 126, -172]
[460, 127, -77]
[486, 151, -214]
[461, 153, -186]
[591, 245, -181]
[427, 249, 53]
[610, 397, -217]
[404, 393, 155]
[544, 520, -327]
[343, 486, 35]
[537, 552, -372]
[317, 506, 18]
[519, 541, -381]
[310, 504, -27]
[519, 528, -330]
[325, 497, 13]
[544, 534, -76]
[434, 520, 77]
[550, 748, -34]
[440, 739, 134]
[541, 930, 220]
[435, 925, 320]
[549, 955, 238]
[439, 951, 334]
[513, 985, 104]
[418, 980, 195]
[468, 132, -244]
[483, 113, -241]
[492, 113, -241]
[501, 113, -242]
[464, 115, -222]
[459, 116, -222]
[454, 117, -222]
[523, 126, -177]
[462, 127, -83]
[486, 152, -218]
[462, 153, -191]
[592, 245, -184]
[428, 249, 48]
[614, 395, -221]
[403, 390, 159]
[545, 500, -337]
[342, 468, 44]
[540, 540, -381]
[318, 490, 28]
[516, 513, -391]
[313, 475, -16]
[518, 503, -341]
[327, 465, 22]
[544, 530, -75]
[434, 518, 76]
[546, 743, -38]
[438, 736, 130]
[536, 925, 205]
[432, 922, 313]
[544, 950, 221]
[436, 949, 328]
[507, 981, 86]
[413, 977, 192]
[468, 132, -249]
[484, 113, -248]
[492, 113, -248]
[501, 113, -248]
[465, 115, -227]
[460, 116, -226]
[455, 117, -227]
[524, 126, -187]
[464, 127, -84]
[487, 152, -224]
[463, 153, -194]
[592, 245, -201]
[430, 248, 51]
[615, 396, -242]
[402, 388, 157]
[518, 501, -337]
[328, 456, 40]
[491, 532, -382]
[313, 476, 25]
[472, 513, -389]
[309, 464, -19]
[478, 501, -340]
[321, 455, 17]
[538, 531, -79]
[431, 518, 80]
[527, 745, -37]
[425, 736, 162]
[512, 927, 199]
[413, 923, 350]
[520, 953, 214]
[417, 951, 364]
[478, 981, 77]
[386, 978, 225]
[469, 132, -219]
[484, 113, -222]
[492, 113, -222]
[501, 113, -222]
[465, 115, -200]
[460, 116, -199]
[455, 117, -200]
[524, 126, -180]
[464, 127, -75]
[487, 152, -202]
[463, 153, -172]
[592, 245, -200]
[432, 248, 59]
[614, 396, -239]
[401, 388, 153]
[520, 494, -320]
[308, 441, 39]
[496, 531, -356]
[294, 457, 27]
[481, 512, -359]
[285, 444, -14]
[478, 491, -320]
[282, 442, 17]
[538, 531, -79]
[433, 519, 79]
[527, 745, -66]
[427, 738, 140]
[513, 928, 131]
[420, 924, 282]
[524, 954, 144]
[427, 952, 292]
[478, 983, 25]
[388, 978, 174]
[469, 132, -188]
[484, 113, -190]
[492, 112, -190]
[502, 113, -190]
[465, 115, -170]
[460, 116, -170]
[456, 117, -170]
[524, 126, -151]
[464, 127, -53]
[487, 151, -171]
[464, 153, -143]
[592, 245, -179]
[434, 248, 77]
[614, 397, -214]
[400, 386, 175]
[514, 470, -282]
[301, 422, 97]
[492, 506, -315]
[276, 442, 91]
[480, 484, -320]
[268, 427, 53]
[484, 470, -283]
[274, 420, 77]
[538, 530, -76]
[436, 519, 76]
[527, 745, -68]
[432, 738, 125]
[515, 925, 107]
[428, 925, 239]
[529, 950, 119]
[435, 953, 246]
[479, 980, 10]
[390, 977, 136]
[469, 131, -211]
[484, 112, -211]
[492, 112, -211]
[502, 112, -211]
[465, 114, -191]
[460, 115, -191]
[456, 116, -191]
[524, 125, -152]
[464, 126, -61]
[488, 151, -190]
[464, 152, -162]
[592, 244, -181]
[434, 247, 69]
[614, 397, -249]
[397, 385, 171]
[520, 426, -396]
[297, 402, 80]
[494, 452, -438]
[272, 409, 62]
[487, 425, -438]
[262, 397, 12]
[490, 412, -397]
[274, 396, 53]
[540, 529, -74]
[437, 519, 75]
[531, 743, -59]
[439, 736, 125]
[524, 922, 136]
[435, 924, 263]
[538, 947, 150]
[441, 953, 273]
[484, 977, 20]
[403, 974, 151]
[470, 131, -255]
[484, 112, -250]
[492, 112, -250]
[502, 112, -250]
[465, 114, -233]
[460, 115, -233]
[456, 115, -233]
[524, 125, -175]
[464, 126, -95]
[488, 151, -226]
[464, 152, -202]
[592, 244, -179]
[434, 247, 43]
[616, 397, -275]
[397, 383, 159]
[523, 399, -472]
[300, 389, 58]
[499, 405, -520]
[275, 391, 44]
[488, 379, -515]
[265, 381, 1]
[493, 377, -473]
[278, 383, 35]
[541, 529, -73]
[438, 519, 73]
[533, 739, -30]
[446, 732, 149]
[531, 916, 145]
[445, 920, 293]
[545, 941, 159]
[452, 950, 303]
[493, 969, 22]
[413, 964, 189]
[470, 131, -236]
[484, 112, -232]
[492, 112, -232]
[501, 112, -232]
[465, 114, -216]
[460, 115, -216]
[456, 115, -216]
[524, 125, -165]
[464, 126, -85]
[488, 151, -209]
[464, 152, -186]
[592, 243, -159]
[434, 247, 49]
[616, 397, -274]
[397, 378, 191]
[524, 382, -486]
[292, 375, 154]
[497, 381, -532]
[261, 372, 155]
[492, 356, -528]
[256, 362, 116]
[494, 356, -487]
[270, 361, 136]
[541, 529, -69]
[438, 519, 70]
[534, 737, -28]
[449, 727, 153]
[532, 912, 143]
[448, 915, 295]
[545, 936, 156]
[455, 945, 305]
[498, 964, 31]
[417, 956, 194]
[470, 131, -239]
[484, 112, -235]
[492, 112, -235]
[501, 112, -235]
[465, 114, -219]
[460, 114, -219]
[455, 115, -219]
[524, 124, -169]
[464, 126, -86]
[488, 151, -210]
[464, 152, -188]
[592, 243, -162]
[434, 246, 52]
[616, 397, -283]
[394, 375, 226]
[525, 371, -506]
[282, 358, 215]
[498, 366, -554]
[251, 349, 219]
[493, 349, -552]
[248, 336, 184]
[495, 349, -509]
[259, 341, 200]
[541, 529, -69]
[438, 519, 70]
[537, 737, -32]
[449, 727, 149]
[535, 913, 147]
[447, 914, 306]
[547, 938, 160]
[452, 944, 318]
[501, 966, 39]
[420, 959, 195]
[470, 131, -257]
[484, 111, -251]
[492, 111, -251]
[501, 111, -251]
[465, 113, -236]
[460, 114, -236]
[455, 114, -236]
[523, 124, -171]
[464, 125, -100]
[488, 150, -225]
[464, 151, -204]
[593, 243, -157]
[434, 245, 36]
[623, 398, -289]
[394, 373, 167]
[525, 370, -538]
[283, 345, 103]
[500, 363, -590]
[252, 338, 102]
[494, 343, -584]
[251, 324, 79]
[498, 345, -540]
[261, 327, 92]
[542, 529, -64]
[438, 520, 65]
[539, 737, -35]
[447, 727, 150]
[537, 910, 150]
[445, 912, 330]
[548, 933, 163]
[451, 941, 345]
[504, 966, 40]
[419, 959, 220]
[470, 130, -253]
[484, 111, -249]
[492, 111, -249]
[501, 111, -249]
[465, 113, -232]
[460, 114, -232]
[455, 114, -232]
[523, 124, -170]
[464, 125, -98]
[488, 150, -223]
[464, 151, -201]
[593, 243, -149]
[433, 245, 35]
[627, 397, -295]
[394, 370, 124]
[548, 366, -567]
[284, 338, 2]
[518, 356, -621]
[253, 332, -10]
[518, 335, -616]
[248, 318, -42]
[524, 338, -570]
[262, 320, -14]
[543, 529, -60]
[438, 521, 61]
[541, 733, -36]
[447, 727, 149]
[539, 907, 151]
[445, 911, 326]
[550, 930, 164]
[450, 939, 339]
[508, 964, 40]
[422, 959, 212]
[469, 130, -256]
[483, 111, -252]
[491, 111, -252]
[500, 111, -252]
[465, 113, -234]
[460, 113, -234]
[455, 114, -234]
[523, 124, -177]
[464, 125, -96]
[486, 150, -228]
[464, 151, -204]
[591, 242, -156]
[430, 244, 34]
[626, 396, -319]
[394, 371, 60]
[545, 331, -574]
[289, 328, -140]
[507, 313, -625]
[256, 320, -163]
[511, 299, -614]
[258, 304, -189]
[520, 304, -573]
[268, 307, -156]
[543, 526, -59]
[436, 521, 60]
[542, 729, -51]
[447, 726, 147]
[541, 905, 125]
[444, 911, 321]
[551, 929, 136]
[449, 937, 334]
[510, 961, 6]
[423, 960, 207]
[469, 130, -272]
[483, 111, -268]
[491, 111, -268]
[500, 111, -268]
[465, 113, -249]
[460, 113, -249]
[455, 114, -249]
[523, 124, -195]
[464, 124, -106]
[485, 150, -244]
[463, 151, -218]
[590, 242, -174]
[429, 244, 28]
[625, 396, -345]
[394, 372, 51]
[543, 328, -590]
[294, 317, -139]
[503, 310, -641]
[259, 308, -159]
[508, 297, -626]
[268, 294, -182]
[522, 300, -587]
[276, 296, -153]
[543, 526, -59]
[436, 521, 60]
[543, 730, -63]
[448, 726, 171]
[543, 906, 118]
[447, 909, 376]
[553, 929, 129]
[451, 936, 392]
[511, 962, -1]
[423, 958, 267]
[469, 130, -271]
[483, 111, -265]
[491, 111, -265]
[500, 111, -265]
[465, 112, -247]
[460, 113, -247]
[455, 114, -247]
[523, 124, -193]
[463, 124, -104]
[485, 150, -241]
[463, 151, -217]
[588, 241, -167]
[426, 243, 21]
[619, 396, -317]
[391, 372, -65]
[533, 316, -532]
[314, 308, -390]
[493, 298, -580]
[279, 298, -431]
[497, 286, -576]
[289, 283, -442]
[508, 291, -531]
[295, 287, -403]
[544, 525, -54]
[434, 521, 54]
[547, 729, -61]
[448, 726, 165]
[545, 907, 150]
[446, 909, 391]
[554, 930, 163]
[451, 936, 409]
[518, 963, 4]
[424, 958, 274]
[469, 130, -282]
[483, 110, -276]
[491, 110, -276]
[500, 110, -276]
[465, 112, -257]
[460, 112, -257]
[455, 113, -258]
[523, 123, -200]
[463, 124, -110]
[485, 150, -253]
[463, 150, -228]
[587, 239, -185]
[425, 243, 21]
[618, 396, -370]
[391, 373, -6]
[529, 309, -617]
[318, 301, -257]
[490, 294, -670]
[287, 290, -286]
[492, 281, -651]
[296, 273, -300]
[502, 285, -612]
[302, 278, -270]
[544, 523, -54]
[434, 521, 55]
[551, 728, -58]
[448, 725, 184]
[548, 907, 179]
[446, 907, 444]
[556, 931, 195]
[450, 934, 466]
[520, 963, 41]
[429, 958, 325]
[469, 130, -287]
[483, 110, -280]
[491, 110, -280]
[500, 110, -280]
[465, 112, -261]
[460, 112, -261]
[455, 113, -261]
[523, 123, -199]
[463, 124, -109]
[485, 150, -256]
[463, 150, -231]
[584, 239, -187]
[424, 243, 24]
[618, 396, -361]
[387, 376, -33]
[535, 307, -599]
[320, 293, -335]
[492, 290, -651]
[290, 280, -370]
[506, 280, -632]
[298, 264, -381]
[508, 283, -594]
[308, 271, -347]
[545, 523, -58]
[434, 521, 58]
[554, 728, -60]
[448, 725, 195]
[552, 909, 170]
[446, 908, 449]
[561, 935, 185]
[450, 935, 470]
[524, 966, 28]
[432, 961, 329]
[468, 130, -302]
[483, 111, -291]
[491, 111, -291]
[500, 111, -291]
[465, 112, -273]
[459, 112, -273]
[455, 113, -273]
[522, 124, -197]
[463, 124, -113]
[483, 150, -267]
[461, 151, -244]
[579, 239, -184]
[423, 244, 25]
[618, 396, -364]
[386, 377, 7]
[559, 302, -618]
[320, 290, -219]
[543, 295, -670]
[289, 279, -242]
[548, 274, -652]
[298, 262, -254]
[546, 280, -615]
[312, 269, -229]
[544, 523, -62]
[434, 521, 63]
[554, 729, -68]
[448, 726, 200]
[551, 909, 151]
[446, 908, 454]
[560, 935, 165]
[450, 935, 475]
[523, 966, 10]
[430, 961, 333]
[467, 130, -299]
[482, 111, -288]
[490, 111, -288]
[500, 112, -288]
[464, 112, -271]
[459, 113, -271]
[454, 113, -272]
[522, 124, -194]
[462, 124, -113]
[482, 151, -264]
[460, 151, -242]
[575, 239, -183]
[420, 244, 25]
[618, 397, -365]
[369, 360, -9]
[590, 308, -618]
[300, 294, -240]
[579, 292, -672]
[285, 285, -265]
[581, 272, -657]
[293, 270, -275]
[578, 279, -617]
[302, 267, -251]
[544, 523, -63]
[434, 521, 63]
[555, 729, -77]
[448, 726, 191]
[551, 909, 147]
[446, 908, 444]
[560, 935, 160]
[449, 935, 464]
[524, 967, 4]
[430, 961, 315]
[467, 130, -291]
[482, 111, -287]
[491, 111, -287]
[500, 112, -287]
[464, 112, -267]
[458, 112, -267]
[454, 113, -267]
[521, 125, -175]
[459, 124, -103]
[482, 151, -261]
[460, 151, -236]
[573, 239, -168]
[413, 244, 31]
[616, 397, -362]
[366, 361, -25]
[580, 305, -627]
[295, 282, -292]
[576, 286, -681]
[284, 275, -320]
[578, 265, -662]
[284, 259, -325]
[567, 278, -624]
[295, 261, -301]
[543, 523, -63]
[434, 521, 64]
[554, 729, -76]
[447, 726, 195]
[552, 909, 131]
[447, 908, 443]
[560, 935, 144]
[450, 935, 463]
[526, 967, -7]
[433, 961, 320]
[467, 129, -306]
[482, 111, -295]
[491, 111, -295]
[500, 112, -295]
[464, 111, -281]
[458, 112, -281]
[454, 112, -281]
[521, 125, -186]
[459, 124, -124]
[482, 151, -271]
[459, 150, -251]
[566, 235, -169]
[414, 240, 23]
[641, 346, -355]
[367, 344, 149]
[692, 308, -639]
[294, 293, 154]
[711, 299, -696]
[283, 279, 164]
[707, 279, -705]
[284, 263, 146]
[692, 287, -651]
[288, 264, 148]
[542, 521, -69]
[434, 520, 70]
[550, 724, -92]
[444, 719, 195]
[547, 901, 99]
[447, 895, 438]
[554, 927, 109]
[450, 921, 456]
[525, 955, -41]
[433, 947, 310]
[467, 129, -323]
[483, 111, -309]
[492, 112, -309]
[501, 113, -309]
[464, 111, -295]
[458, 112, -295]
[454, 112, -295]
[521, 126, -198]
[459, 124, -136]
[482, 151, -284]
[459, 150, -266]
[565, 235, -172]
[412, 241, 6]
[637, 361, -354]
[368, 349, 31]
[655, 308, -625]
[293, 296, -112]
[660, 299, -683]
[282, 284, -126]
[656, 280, -681]
[282, 263, -137]
[647, 286, -631]
[287, 265, -119]
[542, 520, -69]
[434, 520, 70]
[551, 724, -85]
[444, 720, 184]
[550, 902, 118]
[447, 897, 427]
[557, 927, 132]
[450, 923, 446]
[527, 957, -25]
[439, 949, 304]
[467, 129, -309]
[483, 111, -298]
[492, 112, -298]
[501, 113, -298]
[464, 111, -283]
[458, 112, -283]
[453, 112, -284]
[520, 126, -200]
[459, 124, -130]
[482, 152, -273]
[459, 150, -254]
[566, 236, -178]
[411, 242, 12]
[632, 380, -383]
[370, 375, -10]
[628, 293, -666]
[296, 293, -243]
[624, 268, -722]
[281, 281, -268]
[621, 248, -704]
[284, 264, -275]
[616, 269, -665]
[290, 268, -252]
[542, 520, -69]
[434, 520, 69]
[552, 724, -81]
[444, 723, 188]
[551, 904, 151]
[447, 899, 448]
[559, 929, 167]
[450, 924, 470]
[528, 961, 11]
[439, 956, 324]
[467, 130, -317]
[483, 112, -305]
[492, 113, -305]
[501, 114, -305]
[464, 112, -289]
[458, 112, -289]
[453, 113, -289]
[519, 127, -207]
[459, 124, -129]
[482, 153, -281]
[459, 152, -259]
[567, 236, -179]
[411, 244, 10]
[631, 381, -382]
[371, 378, 7]
[631, 291, -674]
[292, 290, -137]
[629, 267, -730]
[266, 281, -149]
[631, 247, -718]
[277, 266, -156]
[623, 259, -677]
[287, 269, -142]
[542, 518, -69]
[435, 520, 69]
[556, 723, -79]
[444, 724, 173]
[554, 904, 151]
[447, 900, 417]
[562, 929, 166]
[450, 924, 437]
[531, 962, 13]
[441, 960, 283]
[467, 130, -328]
[483, 112, -318]
[492, 113, -318]
[501, 114, -318]
[464, 112, -299]
[458, 112, -299]
[453, 113, -299]
[519, 127, -224]
[459, 125, -135]
[482, 153, -294]
[459, 152, -268]
[568, 236, -191]
[413, 245, 12]
[631, 372, -401]
[372, 378, 96]
[642, 292, -705]
[292, 292, 9]
[641, 273, -762]
[261, 285, 7]
[641, 253, -755]
[273, 269, -5]
[633, 262, -710]
[286, 271, 3]
[542, 517, -73]
[435, 519, 74]
[555, 723, -87]
[443, 724, 173]
[554, 904, 119]
[446, 900, 403]
[562, 930, 131]
[449, 925, 421]
[530, 962, -23]
[441, 960, 268]
[467, 131, -319]
[483, 113, -311]
[492, 114, -311]
[501, 115, -311]
[464, 113, -291]
[458, 113, -291]
[454, 113, -292]
[519, 127, -226]
[459, 125, -133]
[483, 154, -286]
[459, 153, -261]
[573, 240, -205]
[416, 248, 13]
[613, 383, -392]
[378, 378, 85]
[520, 296, -680]
[300, 295, -106]
[487, 275, -757]
[269, 287, -123]
[499, 255, -708]
[278, 270, -138]
[504, 263, -691]
[287, 276, -116]
[541, 518, -72]
[434, 519, 73]
[552, 725, -66]
[440, 724, 169]
[551, 907, 154]
[443, 903, 400]
[559, 933, 168]
[446, 927, 418]
[526, 965, 16]
[436, 963, 268]
[467, 133, -336]
[484, 114, -329]
[492, 114, -329]
[501, 115, -329]
[464, 114, -310]
[458, 114, -310]
[454, 115, -310]
[519, 127, -239]
[460, 126, -145]
[483, 155, -302]
[459, 155, -276]
[578, 241, -198]
[420, 250, 0]
[618, 381, -362]
[382, 380, 68]
[675, 302, -658]
[299, 298, -71]
[689, 280, -725]
[269, 288, -80]
[661, 265, -700]
[276, 271, -95]
[654, 277, -662]
[286, 279, -80]
[541, 519, -70]
[434, 519, 71]
[550, 726, -66]
[435, 725, 169]
[548, 909, 152]
[437, 903, 399]
[556, 935, 166]
[438, 928, 418]
[521, 967, 14]
[434, 965, 265]
[466, 133, -338]
[483, 114, -332]
[492, 114, -333]
[501, 115, -333]
[464, 114, -313]
[458, 114, -313]
[454, 115, -313]
[519, 127, -248]
[460, 126, -154]
[483, 155, -305]
[459, 155, -278]
[582, 242, -197]
[425, 249, -8]
[627, 381, -362]
[389, 379, 99]
[707, 318, -676]
[293, 309, 30]
[712, 303, -733]
[262, 298, 31]
[704, 285, -739]
[264, 284, 6]
[689, 288, -687]
[275, 289, 19]
[541, 521, -70]
[434, 519, 71]
[545, 732, -70]
[435, 725, 183]
[541, 910, 135]
[437, 903, 411]
[551, 935, 148]
[439, 928, 429]
[514, 967, 2]
[426, 963, 284]
[468, 132, -308]
[485, 113, -302]
[494, 113, -302]
[503, 114, -302]
[464, 114, -284]
[459, 114, -284]
[455, 114, -284]
[520, 127, -217]
[460, 125, -130]
[486, 154, -275]
[460, 154, -250]
[583, 244, -179]
[428, 246, 13]
[624, 382, -361]
[394, 375, 125]
[697, 338, -687]
[293, 328, 30]
[670, 327, -750]
[262, 317, 25]
[661, 300, -753]
[261, 304, -6]
[653, 303, -696]
[273, 308, 15]
[540, 523, -70]
[434, 519, 71]
[543, 734, -71]
[437, 725, 178]
[541, 909, 134]
[441, 903, 394]
[551, 934, 147]
[445, 928, 411]
[513, 966, 8]
[426, 958, 278]
[469, 131, -299]
[486, 112, -292]
[495, 113, -292]
[504, 114, -292]
[465, 113, -275]
[460, 113, -275]
[455, 113, -275]
[521, 126, -208]
[461, 125, -123]
[487, 153, -266]
[460, 153, -242]
[586, 245, -179]
[431, 243, 32]
[623, 385, -361]
[395, 371, 215]
[546, 349, -674]
[287, 343, 205]
[512, 339, -740]
[251, 331, 210]
[514, 317, -723]
[250, 318, 173]
[520, 319, -672]
[260, 323, 189]
[539, 524, -71]
[434, 519, 71]
[542, 735, -54]
[437, 725, 157]
[540, 909, 161]
[441, 903, 355]
[550, 933, 176]
[445, 928, 370]
[512, 966, 47]
[425, 958, 237]
[469, 130, -288]
[485, 111, -283]
[494, 112, -283]
[503, 113, -283]
[465, 112, -266]
[460, 113, -266]
[455, 113, -266]
[521, 126, -201]
[461, 125, -118]
[487, 153, -255]
[460, 153, -231]
[587, 244, -179]
[431, 243, 36]
[623, 386, -335]
[400, 372, 183]
[529, 368, -585]
[305, 378, 122]
[497, 365, -641]
[282, 392, 119]
[493, 340, -629]
[277, 372, 83]
[505, 340, -584]
[288, 368, 106]
[539, 526, -71]
[434, 519, 72]
[541, 737, -50]
[436, 726, 159]
[540, 911, 165]
[440, 905, 359]
[550, 935, 180]
[445, 931, 375]
[510, 968, 45]
[422, 960, 236]
[468, 130, -245]
[484, 111, -242]
[493, 111, -242]
[502, 112, -242]
[464, 111, -224]
[459, 112, -224]
[454, 113, -224]
[521, 125, -174]
[461, 124, -86]
[486, 152, -217]
[460, 153, -192]
[587, 244, -167]
[432, 243, 59]
[618, 386, -308]
[399, 372, 222]
[528, 370, -543]
[304, 374, 195]
[506, 371, -595]
[282, 396, 197]
[498, 349, -590]
[277, 377, 159]
[506, 347, -545]
[288, 372, 179]
[539, 526, -71]
[434, 518, 72]
[538, 736, -50]
[436, 724, 148]
[536, 908, 161]
[440, 904, 329]
[547, 931, 175]
[446, 931, 342]
[506, 964, 50]
[420, 957, 217]
[466, 130, -243]
[482, 110, -241]
[491, 111, -242]
[500, 111, -242]
[463, 111, -224]
[458, 112, -224]
[454, 112, -224]
[521, 125, -178]
[461, 124, -91]
[484, 152, -217]
[459, 153, -192]
[587, 243, -166]
[431, 243, 46]
[611, 390, -269]
[399, 374, 171]
[525, 385, -447]
[323, 433, 103]
[492, 385, -493]
[306, 460, 124]
[493, 366, -484]
[299, 444, 83]
[499, 364, -446]
[310, 435, 112]
[539, 526, -68]
[433, 518, 69]
[536, 737, -45]
[436, 724, 155]
[535, 907, 166]
[441, 904, 348]
[545, 930, 181]
[449, 931, 364]
[506, 963, 56]
[416, 953, 249]
[464, 130, -250]
[480, 110, -249]
[489, 110, -249]
[498, 111, -249]
[462, 111, -231]
[458, 112, -231]
[453, 112, -231]
[520, 125, -184]
[460, 124, -96]
[481, 152, -224]
[457, 152, -198]
[587, 243, -169]
[431, 243, 44]
[604, 393, -264]
[402, 377, 118]
[520, 393, -430]
[342, 448, -14]
[488, 395, -475]
[328, 477, -28]
[490, 374, -465]
[321, 460, -67]
[496, 369, -427]
[332, 450, -31]
[539, 526, -67]
[432, 518, 68]
[535, 737, -48]
[435, 726, 161]
[534, 907, 163]
[441, 905, 353]
[543, 931, 178]
[449, 933, 368]
[506, 963, 49]
[413, 954, 260]
[463, 130, -245]
[479, 110, -246]
[488, 110, -246]
[498, 111, -246]
[461, 111, -226]
[456, 112, -226]
[452, 112, -226]
[520, 124, -188]
[459, 124, -95]
[480, 152, -222]
[456, 152, -194]
[587, 243, -175]
[431, 243, 42]
[602, 397, -277]
[395, 379, 137]
[527, 407, -460]
[327, 416, 27]
[499, 417, -508]
[311, 448, 12]
[495, 394, -504]
[296, 431, -46]
[504, 383, -461]
[310, 424, 3]
[538, 526, -67]
[431, 519, 68]
[531, 740, -49]
[433, 728, 155]
[531, 908, 162]
[440, 908, 347]
[541, 932, 178]
[448, 938, 361]
[503, 964, 51]
[407, 955, 240]
[463, 130, -233]
[479, 110, -235]
[488, 110, -236]
[497, 110, -236]
[461, 111, -214]
[456, 112, -214]
[451, 112, -214]
[520, 124, -187]
[459, 124, -87]
[480, 151, -213]
[456, 152, -184]
[587, 243, -191]
[431, 244, 55]
[603, 397, -280]
[393, 382, 175]
[522, 425, -432]
[311, 419, 98]
[491, 448, -476]
[277, 449, 91]
[481, 423, -475]
[266, 435, 49]
[491, 415, -433]
[281, 428, 77]
[538, 526, -68]
[431, 520, 68]
[530, 740, -41]
[433, 728, 151]
[531, 909, 177]
[440, 909, 336]
[541, 933, 193]
[448, 938, 350]
[500, 964, 71]
[408, 956, 228]
[463, 129, -213]
[479, 110, -217]
[488, 110, -217]
[497, 110, -217]
[461, 111, -193]
[456, 112, -193]
[451, 112, -193]
[520, 124, -180]
[459, 124, -68]
[480, 151, -197]
[456, 152, -164]
[588, 244, -194]
[431, 245, 68]
[603, 398, -264]
[393, 382, 161]
[521, 452, -369]
[311, 427, 51]
[487, 485, -409]
[278, 443, 38]
[476, 462, -408]
[268, 431, -7]
[483, 451, -368]
[282, 429, 26]
[536, 525, -73]
[431, 520, 73]
[524, 743, -84]
[427, 733, 135]
[521, 917, 128]
[434, 919, 299]
[531, 941, 143]
[443, 947, 311]
[493, 971, 26]
[400, 968, 189]
[462, 130, -215]
[477, 110, -218]
[485, 110, -218]
[494, 110, -218]
[459, 112, -196]
[455, 112, -196]
[450, 113, -196]
[518, 123, -179]
[459, 124, -74]
[479, 151, -198]
[456, 152, -168]
[588, 243, -192]
[430, 244, 58]
[603, 398, -226]
[392, 381, 124]
[511, 467, -289]
[322, 438, -7]
[484, 492, -327]
[289, 455, -24]
[461, 483, -328]
[282, 441, -64]
[468, 469, -289]
[298, 434, -28]
[532, 521, -73]
[431, 516, 73]
[522, 739, -94]
[423, 730, 104]
[516, 916, 93]
[429, 918, 231]
[526, 941, 105]
[438, 947, 239]
[488, 971, -9]
[397, 967, 121]
[459, 130, -217]
[474, 110, -227]
[482, 110, -227]
[491, 110, -227]
[457, 112, -198]
[453, 112, -198]
[448, 113, -198]
[516, 123, -191]
[458, 123, -81]
[476, 151, -206]
[454, 152, -170]
[587, 242, -200]
[428, 243, 57]
[604, 396, -238]
[392, 381, 127]
[517, 482, -330]
[327, 446, -3]
[491, 511, -375]
[303, 464, -22]
[472, 500, -381]
[294, 462, -66]
[476, 489, -332]
[309, 456, -26]
[532, 521, -73]
[431, 515, 73]
[523, 739, -95]
[424, 730, 104]
[518, 918, 117]
[430, 918, 265]
[527, 943, 131]
[439, 946, 277]
[489, 973, 8]
[398, 970, 147]
[458, 130, -222]
[473, 110, -227]
[481, 110, -227]
[490, 110, -227]
[456, 112, -202]
[451, 112, -202]
[447, 113, -202]
[515, 122, -188]
[457, 123, -82]
[475, 150, -209]
[453, 151, -172]
[587, 240, -183]
[426, 242, 46]
[608, 392, -216]
[392, 380, 124]
[518, 488, -334]
[348, 462, -13]
[500, 517, -382]
[324, 484, -36]
[473, 503, -391]
[319, 482, -80]
[482, 494, -338]
[334, 476, -35]
[532, 521, -68]
[431, 514, 69]
[522, 742, -89]
[419, 733, 84]
[514, 921, 155]
[422, 920, 261]
[521, 945, 173]
[429, 947, 274]
[488, 977, 43]
[399, 977, 137]
[456, 130, -231]
[472, 110, -233]
[480, 110, -234]
[489, 110, -234]
[453, 112, -211]
[449, 112, -211]
[444, 113, -211]
[515, 122, -188]
[456, 122, -84]
[474, 150, -212]
[452, 151, -181]
[587, 240, -183]
[424, 241, 45]
[608, 391, -211]
[392, 380, 129]
[521, 500, -309]
[349, 469, -5]
[512, 530, -354]
[330, 492, -17]
[485, 516, -363]
[323, 491, -57]
[486, 505, -313]
[336, 484, -22]
[532, 521, -68]
[429, 513, 69]
[518, 742, -90]
[412, 732, 87]
[509, 920, 159]
[416, 919, 264]
[516, 945, 177]
[423, 945, 277]
[485, 977, 51]
[397, 976, 145]
[454, 130, -231]
[470, 110, -232]
[479, 110, -232]
[488, 110, -232]
[451, 112, -210]
[447, 112, -210]
[442, 113, -210]
[514, 121, -185]
[453, 122, -82]
[472, 150, -210]
[450, 151, -180]
[587, 240, -187]
[422, 241, 50]
[608, 391, -211]
[392, 380, 157]
[524, 513, -282]
[345, 473, 52]
[516, 544, -323]
[326, 494, 40]
[485, 531, -332]
[319, 492, -2]
[489, 519, -285]
[332, 486, 32]
[531, 524, -70]
[428, 512, 71]
[517, 742, -70]
[412, 730, 89]
[509, 920, 165]
[415, 916, 281]
[518, 945, 182]
[422, 943, 294]
[483, 977, 63]
[396, 971, 160]
[454, 130, -234]
[470, 110, -234]
[479, 109, -234]
[488, 109, -234]
[451, 111, -213]
[446, 112, -213]
[441, 112, -213]
[514, 120, -188]
[452, 121, -90]
[472, 150, -214]
[450, 151, -186]
[586, 240, -192]
[421, 240, 38]
[605, 392, -212]
[392, 380, 140]
[526, 525, -286]
[344, 476, 34]
[523, 561, -327]
[325, 499, 18]
[489, 555, -338]
[319, 497, -27]
[489, 531, -289]
[331, 490, 12]
[521, 525, -71]
[420, 512, 71]
[505, 742, -70]
[399, 722, 97]
[496, 920, 161]
[399, 907, 287]
[505, 945, 178]
[406, 935, 300]
[468, 977, 56]
[381, 962, 165]
[452, 128, -242]
[468, 108, -243]
[477, 108, -243]
[486, 107, -243]
[449, 110, -220]
[445, 110, -220]
[440, 111, -220]
[513, 119, -198]
[451, 120, -93]
[469, 148, -224]
[448, 149, -193]
[586, 240, -199]
[419, 240, 33]
[605, 394, -220]
[392, 386, 133]
[536, 534, -304]
[343, 485, 8]
[531, 585, -347]
[324, 510, -10]
[499, 574, -361]
[311, 507, -57]
[500, 543, -310]
[326, 500, -14]
[520, 531, -70]
[413, 516, 70]
[504, 750, -77]
[392, 727, 93]
[496, 929, 163]
[394, 915, 270]
[505, 955, 180]
[400, 943, 282]
[470, 987, 52]
[379, 973, 145]
[451, 127, -249]
[468, 107, -248]
[476, 106, -248]
[486, 106, -248]
[449, 108, -226]
[444, 109, -226]
[439, 109, -226]
[512, 118, -198]
[451, 118, -94]
[468, 147, -228]
[447, 148, -198]
[585, 240, -197]
[417, 241, 29]
[604, 395, -221]
[391, 387, 131]
[548, 534, -319]
[338, 488, 3]
[549, 590, -363]
[307, 514, -16]
[521, 582, -378]
[298, 509, -64]
[520, 546, -326]
[314, 502, -20]
[516, 533, -69]
[407, 520, 70]
[501, 755, -77]
[391, 729, 94]
[492, 935, 162]
[387, 920, 296]
[499, 962, 179]
[391, 949, 309]
[465, 993, 48]
[371, 976, 161]
[450, 126, -273]
[467, 106, -272]
[476, 105, -272]
[485, 105, -272]
[447, 107, -250]
[443, 108, -250]
[438, 108, -250]
[512, 118, -216]
[450, 117, -109]
[467, 146, -251]
[445, 147, -220]
[584, 240, -222]
[416, 241, 27]
[603, 399, -240]
[392, 388, 130]
[554, 546, -326]
[341, 491, 5]
[555, 606, -371]
[314, 516, -11]
[527, 598, -385]
[305, 513, -59]
[524, 575, -333]
[320, 506, -18]
[515, 536, -77]
[408, 522, 78]
[498, 758, -77]
[389, 731, 150]
[489, 939, 164]
[383, 922, 358]
[498, 966, 180]
[387, 952, 373]
[458, 996, 48]
[362, 977, 238]
[449, 125, -284]
[466, 106, -284]
[475, 105, -284]
[484, 105, -284]
[446, 107, -263]
[442, 107, -263]
[437, 107, -263]
[511, 118, -227]
[449, 117, -126]
[466, 146, -261]
[444, 147, -231]
[584, 241, -231]
[416, 241, 7]
[600, 401, -249]
[392, 389, 99]
[557, 550, -332]
[345, 495, -21]
[559, 609, -377]
[326, 521, -38]
[539, 598, -389]
[321, 519, -87]
[533, 571, -338]
[328, 513, -45]
[516, 538, -77]
[409, 524, 78]
[500, 760, -52]
[392, 732, 179]
[492, 941, 181]
[387, 922, 394]
[501, 968, 196]
[391, 954, 410]
[460, 998, 59]
[362, 976, 279]
[448, 124, -283]
[466, 105, -282]
[475, 104, -283]
[484, 105, -283]
[446, 106, -262]
[441, 106, -262]
[436, 106, -262]
[511, 118, -224]
[448, 116, -124]
[466, 146, -259]
[443, 146, -230]
[583, 241, -227]
[414, 241, 10]
[598, 403, -249]
[394, 394, 99]
[561, 551, -320]
[347, 501, -22]
[565, 602, -364]
[329, 526, -40]
[548, 599, -380]
[325, 526, -87]
[542, 571, -327]
[336, 518, -45]
[516, 538, -79]
[409, 525, 79]
[502, 760, -58]
[392, 734, 177]
[494, 941, 176]
[390, 924, 390]
[503, 968, 193]
[394, 957, 406]
[461, 998, 51]
[363, 977, 274]
[448, 123, -292]
[466, 104, -290]
[475, 104, -290]
[484, 104, -290]
[446, 105, -269]
[441, 105, -269]
[436, 105, -269]
[511, 117, -224]
[447, 115, -126]
[466, 145, -266]
[442, 145, -238]
[581, 242, -227]
[414, 241, 10]
[598, 407, -248]
[395, 396, 100]
[566, 561, -326]
[348, 505, -25]
[572, 610, -371]
[330, 530, -42]
[555, 610, -382]
[326, 531, -90]
[548, 581, -333]
[338, 522, -48]
[517, 539, -81]
[408, 526, 81]
[503, 763, -58]
[394, 739, 193]
[494, 946, 164]
[389, 929, 417]
[503, 975, 177]
[392, 962, 435]
[461, 1003, 31]
[360, 980, 299]
[448, 123, -290]
[466, 104, -287]
[475, 104, -287]
[484, 104, -287]
[446, 104, -267]
[441, 105, -267]
[435, 105, -267]
[511, 117, -221]
[446, 115, -124]
[465, 144, -263]
[442, 145, -235]
[580, 242, -222]
[414, 241, 13]
[596, 410, -234]
[398, 396, 105]
[564, 563, -299]
[355, 505, -16]
[568, 621, -341]
[346, 536, -33]
[548, 618, -358]
[346, 531, -80]
[543, 595, -306]
[350, 521, -39]
[516, 539, -80]
[406, 527, 81]
[503, 764, -61]
[396, 740, 198]
[494, 947, 156]
[389, 931, 419]
[503, 976, 169]
[393, 964, 436]
[460, 1004, 26]
[359, 981, 305]
[448, 122, -289]
[466, 103, -285]
[475, 103, -286]
[484, 104, -286]
[446, 104, -266]
[441, 104, -266]
[435, 104, -266]
[511, 117, -220]
[446, 114, -124]
[466, 144, -261]
[441, 144, -235]
[579, 242, -215]
[414, 240, 13]
[594, 412, -213]
[400, 396, 105]
[563, 564, -275]
[359, 505, -13]
[568, 614, -314]
[360, 538, -30]
[544, 620, -333]
[360, 534, -75]
[540, 598, -282]
[364, 521, -35]
[517, 539, -80]
[407, 527, 81]
[503, 764, -61]
[396, 742, 183]
[492, 947, 151]
[388, 933, 394]
[501, 976, 164]
[391, 967, 409]
[458, 1004, 23]
[357, 984, 277]
[448, 122, -289]
[466, 103, -285]
[475, 103, -285]
[484, 104, -285]
[446, 104, -266]
[440, 104, -266]
[435, 104, -266]
[511, 117, -217]
[446, 114, -122]
[466, 144, -260]
[441, 144, -234]
[579, 242, -215]
[414, 240, 17]
[593, 412, -215]
[401, 396, 111]
[563, 561, -273]
[360, 504, 2]
[566, 616, -311]
[360, 537, -10]
[543, 615, -328]
[360, 533, -54]
[539, 594, -280]
[360, 520, -18]
[517, 539, -80]
[407, 526, 80]
[503, 763, -69]
[397, 742, 175]
[490, 946, 135]
[386, 933, 365]
[498, 974, 148]
[388, 966, 379]
[454, 1003, 10]
[352, 984, 247]
[448, 122, -285]
[466, 103, -282]
[475, 103, -282]
[484, 104, -282]
[446, 104, -263]
[440, 104, -263]
[435, 104, -263]
[511, 117, -215]
[445, 114, -121]
[466, 144, -258]
[441, 144, -231]
[579, 243, -210]
[414, 240, 16]
[593, 412, -206]
[401, 396, 112]
[564, 561, -262]
[359, 504, 2]
[565, 616, -300]
[356, 536, -11]
[542, 613, -318]
[354, 531, -55]
[538, 591, -269]
[356, 520, -18]
[517, 539, -78]
[407, 527, 79]
[505, 763, -53]
[399, 742, 184]
[491, 945, 144]
[386, 933, 389]
[499, 973, 154]
[390, 966, 405]
[454, 1002, 12]
[354, 984, 273]
