[286, 62, -209]
[296, 50, -199]
[302, 50, -199]
[308, 50, -199]
[280, 50, -196]
[276, 50, -196]
[273, 50, -196]
[316, 58, -125]
[269, 57, -110]
[298, 78, -181]
[278, 78, -177]
[357, 144, -89]
[233, 140, -48]
[366, 250, -81]
[222, 247, -27]
[367, 332, -138]
[217, 327, -106]
[371, 356, -160]
[212, 350, -124]
[369, 361, -175]
[215, 354, -151]
[365, 349, -145]
[219, 343, -119]
[330, 332, -19]
[250, 329, 19]
[323, 476, -21]
[245, 471, 43]
[322, 596, 157]
[245, 595, 178]
[324, 612, 170]
[245, 613, 188]
[310, 639, 76]
[247, 635, 86]
[284, 63, -218]
[294, 51, -208]
[300, 52, -208]
[306, 52, -208]
[278, 52, -206]
[274, 52, -206]
[271, 52, -206]
[314, 59, -133]
[268, 58, -120]
[296, 79, -190]
[275, 79, -186]
[357, 145, -96]
[232, 142, -55]
[365, 250, -79]
[222, 246, -25]
[367, 338, -134]
[216, 333, -104]
[372, 360, -155]
[210, 355, -121]
[368, 364, -171]
[212, 357, -148]
[363, 353, -141]
[217, 347, -116]
[327, 334, -23]
[249, 332, 23]
[320, 478, -15]
[244, 473, 45]
[319, 598, 157]
[244, 597, 179]
[320, 615, 169]
[245, 616, 188]
[307, 640, 74]
[243, 635, 87]
[290, 99, -151]
[296, 103, -154]
[300, 104, -154]
[306, 103, -154]
[289, 98, -152]
[287, 96, -151]
[286, 93, -151]
[313, 96, -121]
[284, 84, -113]
[299, 102, -139]
[288, 100, -137]
[327, 107, -101]
[276, 99, -64]
[344, 188, -92]
[277, 160, -47]
[366, 291, -103]
[284, 183, -62]
[363, 306, -110]
[293, 195, -65]
[354, 305, -115]
[290, 196, -71]
[349, 300, -105]
[291, 195, -66]
[323, 215, -16]
[279, 208, 15]
[332, 250, 62]
[258, 246, 33]
[352, 307, 156]
[242, 319, 84]
[354, 316, 166]
[242, 324, 89]
[372, 342, 128]
[231, 352, 54]
[293, 42, -110]
[297, 36, -106]
[300, 36, -106]
[306, 35, -106]
[292, 36, -106]
[290, 36, -106]
[288, 35, -106]
[312, 36, -67]
[284, 35, -66]
[299, 46, -95]
[291, 46, -95]
[330, 79, -41]
[269, 75, -37]
[342, 134, -13]
[271, 120, -19]
[345, 174, -32]
[273, 168, -44]
[344, 182, -42]
[276, 175, -53]
[344, 182, -52]
[276, 172, -64]
[340, 180, -37]
[278, 171, -50]
[322, 180, -2]
[277, 179, 2]
[335, 250, 37]
[258, 252, 14]
[352, 314, 108]
[239, 320, 68]
[351, 323, 113]
[241, 328, 72]
[362, 339, 73]
[231, 348, 22]
[297, 38, -113]
[299, 30, -107]
[302, 30, -107]
[307, 30, -107]
[295, 30, -109]
[292, 30, -109]
[289, 29, -108]
[312, 33, -60]
[285, 32, -66]
[301, 45, -94]
[293, 45, -96]
[331, 76, -26]
[269, 74, -35]
[336, 127, 1]
[269, 116, -20]
[343, 165, -30]
[272, 159, -51]
[341, 176, -42]
[272, 168, -63]
[341, 174, -54]
[277, 165, -73]
[339, 171, -37]
[279, 160, -57]
[322, 185, 0]
[277, 184, 0]
[336, 255, 37]
[259, 255, 15]
[351, 318, 117]
[238, 323, 81]
[349, 327, 123]
[239, 331, 86]
[362, 339, 74]
[232, 349, 32]
[299, 39, -106]
[301, 31, -99]
[303, 31, -99]
[307, 31, -99]
[296, 31, -101]
[293, 31, -101]
[290, 31, -101]
[312, 33, -49]
[285, 34, -58]
[302, 46, -86]
[295, 46, -88]
[331, 76, -14]
[269, 74, -33]
[332, 122, -3]
[273, 110, -54]
[340, 157, -48]
[283, 123, -114]
[338, 165, -60]
[284, 124, -130]
[338, 164, -73]
[287, 116, -127]
[337, 160, -54]
[287, 116, -116]
[322, 179, 4]
[279, 179, -4]
[336, 252, 31]
[259, 258, 0]
[351, 318, 94]
[237, 323, 51]
[348, 328, 98]
[236, 330, 54]
[365, 341, 51]
[232, 347, 0]
[301, 38, -114]
[303, 31, -108]
[304, 30, -108]
[307, 30, -108]
[297, 31, -109]
[295, 31, -109]
[291, 31, -109]
[312, 33, -57]
[286, 34, -63]
[304, 45, -93]
[297, 45, -95]
[332, 74, -18]
[269, 74, -30]
[332, 121, 6]
[272, 115, -31]
[340, 155, -27]
[281, 136, -84]
[339, 164, -38]
[282, 140, -99]
[339, 164, -52]
[281, 136, -106]
[338, 162, -34]
[282, 134, -89]
[321, 175, 3]
[278, 175, -3]
[336, 251, 21]
[260, 256, 0]
[352, 317, 81]
[236, 321, 55]
[348, 326, 84]
[236, 330, 58]
[363, 339, 32]
[232, 346, 1]
[302, 37, -108]
[303, 30, -101]
[304, 30, -101]
[307, 29, -102]
[297, 30, -103]
[295, 30, -103]
[291, 30, -103]
[312, 33, -51]
[286, 34, -59]
[305, 44, -88]
[297, 44, -90]
[332, 74, -14]
[269, 73, -29]
[331, 119, -7]
[273, 110, -36]
[337, 147, -58]
[280, 125, -97]
[339, 156, -71]
[280, 129, -111]
[340, 155, -84]
[279, 126, -120]
[336, 149, -64]
[280, 124, -103]
[321, 173, 3]
[278, 173, -2]
[336, 251, 19]
[260, 253, -1]
[352, 318, 76]
[237, 321, 50]
[350, 328, 79]
[237, 331, 53]
[363, 338, 24]
[232, 346, -5]
[301, 37, -104]
[303, 29, -97]
[304, 29, -97]
[307, 29, -97]
[297, 30, -99]
[294, 30, -99]
[291, 30, -99]
[312, 32, -45]
[285, 34, -54]
[305, 43, -84]
[297, 43, -86]
[331, 73, -8]
[269, 74, -26]
[329, 116, -12]
[272, 113, -27]
[334, 138, -79]
[279, 132, -71]
[334, 143, -98]
[279, 134, -84]
[339, 139, -111]
[278, 130, -92]
[333, 137, -88]
[279, 128, -75]
[320, 170, 4]
[278, 171, -4]
[336, 249, 15]
[261, 250, -2]
[351, 318, 71]
[237, 321, 54]
[349, 328, 74]
[237, 329, 57]
[366, 339, 19]
[233, 345, -1]
[302, 36, -88]
[304, 29, -80]
[305, 29, -80]
[307, 29, -80]
[297, 29, -82]
[294, 30, -82]
[291, 30, -82]
[311, 32, -25]
[285, 34, -37]
[306, 43, -68]
[297, 43, -71]
[331, 74, 7]
[269, 74, -18]
[329, 118, -10]
[271, 113, -34]
[332, 134, -94]
[280, 125, -99]
[331, 135, -115]
[281, 125, -120]
[337, 133, -126]
[284, 115, -122]
[334, 130, -102]
[284, 115, -102]
[320, 171, 5]
[279, 171, -5]
[336, 249, 10]
[261, 251, -10]
[351, 318, 76]
[237, 322, 49]
[349, 327, 79]
[237, 331, 52]
[365, 338, 24]
[233, 347, -8]
[302, 35, -74]
[304, 28, -65]
[305, 28, -65]
[308, 28, -65]
[297, 28, -68]
[294, 29, -68]
[291, 29, -68]
[311, 32, -12]
[285, 33, -25]
[306, 42, -54]
[297, 42, -58]
[330, 74, 21]
[269, 74, -13]
[325, 121, 16]
[271, 119, -21]
[330, 138, -50]
[310, 124, -43]
[333, 140, -69]
[321, 126, -58]
[339, 136, -80]
[319, 118, -60]
[335, 133, -58]
[315, 117, -45]
[320, 170, 7]
[279, 170, -7]
[336, 249, 3]
[260, 250, -13]
[352, 319, 76]
[236, 325, 52]
[348, 328, 80]
[236, 333, 56]
[367, 341, 24]
[233, 348, -5]
[304, 34, -70]
[305, 28, -60]
[306, 28, -60]
[308, 28, -61]
[298, 28, -64]
[295, 28, -64]
[292, 28, -64]
[311, 32, -7]
[285, 33, -23]
[307, 42, -49]
[298, 43, -54]
[330, 74, 21]
[269, 73, -15]
[325, 124, 2]
[276, 117, -28]
[303, 136, -64]
[327, 123, -58]
[297, 140, -75]
[345, 130, -74]
[298, 134, -93]
[347, 125, -74]
[298, 132, -72]
[334, 118, -59]
[319, 169, 8]
[278, 169, -8]
[336, 248, 6]
[260, 249, -11]
[352, 319, 81]
[235, 324, 55]
[348, 328, 85]
[235, 333, 58]
[367, 340, 29]
[233, 347, -3]
[304, 35, -66]
[305, 28, -57]
[307, 28, -57]
[309, 28, -57]
[299, 28, -61]
[296, 28, -61]
[293, 28, -61]
[311, 32, -5]
[285, 32, -20]
[307, 43, -46]
[299, 43, -51]
[329, 74, 26]
[268, 72, -6]
[325, 122, 8]
[272, 119, -30]
[305, 133, -75]
[288, 131, -105]
[326, 138, -96]
[298, 136, -127]
[312, 131, -111]
[302, 130, -130]
[324, 129, -84]
[298, 127, -108]
[319, 169, 8]
[278, 168, -8]
[336, 249, 5]
[260, 248, -14]
[352, 318, 73]
[235, 323, 45]
[348, 327, 76]
[236, 332, 48]
[367, 339, 21]
[233, 345, -11]
[304, 35, -61]
[305, 28, -52]
[307, 29, -52]
[309, 29, -52]
[299, 28, -55]
[296, 28, -55]
[293, 28, -54]
[311, 32, 0]
[286, 32, -10]
[307, 43, -42]
[299, 43, -45]
[329, 74, 25]
[268, 72, 7]
[327, 122, 1]
[272, 117, -28]
[317, 133, -81]
[278, 131, -117]
[319, 137, -103]
[283, 135, -142]
[315, 132, -114]
[287, 128, -144]
[319, 130, -88]
[286, 125, -121]
[319, 170, 6]
[278, 170, -6]
[336, 249, -1]
[260, 250, -12]
[352, 317, 71]
[235, 324, 50]
[348, 326, 75]
[236, 332, 53]
[366, 337, 17]
[232, 347, -7]
[304, 35, -58]
[305, 28, -49]
[307, 28, -49]
[309, 28, -49]
[299, 28, -52]
[296, 28, -52]
[293, 28, -52]
[310, 31, 2]
[286, 32, -8]
[307, 43, -39]
[299, 43, -42]
[330, 73, 28]
[268, 72, 10]
[335, 121, 2]
[272, 115, -25]
[320, 130, -82]
[274, 127, -117]
[320, 135, -104]
[277, 132, -140]
[320, 127, -113]
[280, 124, -144]
[322, 125, -88]
[280, 121, -121]
[319, 171, 6]
[278, 170, -6]
[336, 249, 0]
[260, 250, -13]
[352, 318, 66]
[235, 324, 46]
[348, 327, 69]
[236, 332, 49]
[366, 338, 13]
[232, 347, -10]
[304, 33, -54]
[305, 27, -45]
[307, 27, -45]
[309, 27, -45]
[299, 27, -47]
[296, 27, -47]
[293, 27, -47]
[310, 31, 5]
[286, 32, 0]
[307, 42, -35]
[299, 41, -37]
[330, 74, 25]
[268, 71, 8]
[332, 117, -16]
[272, 109, -44]
[308, 124, -94]
[295, 111, -128]
[303, 129, -114]
[306, 115, -151]
[302, 122, -119]
[307, 109, -150]
[303, 120, -98]
[295, 109, -130]
[318, 171, 6]
[278, 170, -6]
[335, 249, -1]
[260, 250, -12]
[352, 318, 65]
[235, 323, 46]
[348, 327, 68]
[236, 332, 49]
[366, 338, 10]
[232, 347, -11]
[304, 33, -52]
[305, 27, -42]
[306, 27, -42]
[308, 27, -42]
[299, 26, -44]
[296, 27, -44]
[293, 27, -44]
[310, 31, 9]
[286, 31, 1]
[307, 41, -32]
[298, 41, -35]
[330, 73, 29]
[268, 70, 1]
[331, 114, -23]
[278, 102, -60]
[308, 120, -104]
[332, 103, -123]
[303, 125, -124]
[340, 105, -143]
[302, 119, -126]
[340, 102, -141]
[303, 118, -108]
[336, 102, -124]
[318, 171, 6]
[277, 170, -6]
[335, 249, -6]
[260, 249, -16]
[352, 318, 60]
[235, 323, 41]
[348, 327, 63]
[237, 332, 44]
[366, 339, 5]
[231, 347, -16]
[303, 33, -47]
[305, 27, -38]
[306, 27, -38]
[308, 27, -38]
[298, 27, -39]
[296, 27, -39]
[293, 27, -39]
[310, 31, 14]
[286, 31, 7]
[307, 41, -28]
[298, 41, -30]
[330, 74, 34]
[268, 69, 9]
[334, 112, -19]
[276, 107, -58]
[313, 117, -100]
[314, 100, -137]
[310, 123, -119]
[323, 101, -159]
[309, 117, -121]
[323, 95, -156]
[309, 115, -103]
[319, 96, -138]
[318, 170, 6]
[277, 169, -6]
[335, 248, -8]
[260, 249, -18]
[352, 318, 56]
[235, 323, 38]
[348, 327, 58]
[237, 333, 41]
[366, 339, 0]
[231, 347, -21]
[303, 34, -56]
[304, 27, -47]
[306, 27, -47]
[308, 27, -47]
[298, 27, -48]
[296, 27, -48]
[293, 27, -48]
[310, 31, 4]
[286, 31, -1]
[306, 42, -37]
[297, 41, -39]
[330, 74, 27]
[268, 70, 8]
[333, 114, -20]
[272, 109, -51]
[331, 120, -109]
[293, 103, -137]
[332, 124, -129]
[296, 103, -158]
[331, 118, -134]
[295, 97, -159]
[321, 116, -114]
[295, 97, -140]
[318, 170, 6]
[277, 169, -6]
[335, 248, -4]
[260, 250, -17]
[352, 318, 49]
[235, 323, 33]
[348, 327, 50]
[237, 333, 34]
[366, 339, -9]
[231, 347, -27]
[302, 34, -51]
[304, 27, -42]
[306, 27, -42]
[308, 27, -42]
[298, 27, -42]
[295, 27, -42]
[293, 27, -42]
[310, 31, 7]
[286, 31, 5]
[306, 41, -32]
[297, 41, -33]
[331, 74, 27]
[268, 70, 13]
[334, 113, -27]
[271, 110, -50]
[335, 117, -118]
[285, 102, -148]
[335, 121, -139]
[287, 101, -171]
[333, 116, -143]
[283, 91, -171]
[324, 112, -123]
[283, 93, -151]
[318, 170, 5]
[277, 169, -5]
[335, 248, -4]
[260, 250, -17]
[352, 318, 44]
[235, 324, 28]
[348, 327, 45]
[237, 334, 29]
[366, 338, -14]
[231, 347, -31]
[302, 33, -56]
[304, 27, -47]
[306, 27, -47]
[308, 27, -47]
[298, 27, -48]
[295, 27, -48]
[293, 27, -48]
[311, 31, 3]
[286, 31, -1]
[306, 41, -37]
[297, 41, -39]
[331, 74, 25]
[268, 70, 9]
[335, 113, -31]
[270, 110, -48]
[336, 115, -125]
[282, 107, -134]
[332, 118, -147]
[284, 108, -155]
[331, 113, -151]
[283, 98, -157]
[325, 111, -130]
[284, 99, -137]
[318, 170, 5]
[277, 169, -5]
[335, 248, -3]
[261, 250, -17]
[352, 318, 44]
[235, 324, 29]
[348, 328, 45]
[237, 335, 30]
[366, 338, -14]
[231, 346, -31]
[302, 33, -57]
[304, 27, -47]
[306, 27, -47]
[308, 28, -47]
[298, 27, -50]
[295, 27, -50]
[293, 27, -50]
[311, 31, 3]
[287, 31, -4]
[306, 41, -39]
[297, 40, -39]
[333, 75, 24]
[268, 70, 10]
[335, 113, -28]
[270, 112, -28]
[340, 114, -126]
[278, 117, -108]
[339, 115, -148]
[279, 121, -129]
[338, 109, -154]
[279, 115, -135]
[336, 108, -131]
[280, 113, -113]
[318, 170, 5]
[277, 169, -5]
[335, 248, -2]
[261, 250, -17]
[352, 318, 44]
[235, 324, 31]
[348, 328, 45]
[237, 335, 32]
[366, 338, -16]
[231, 346, -30]
[302, 33, -48]
[304, 27, -38]
[306, 27, -38]
[308, 28, -38]
[298, 27, -39]
[295, 27, -39]
[292, 27, -39]
[312, 31, 12]
[287, 31, 6]
[306, 41, -29]
[297, 40, -30]
[333, 75, 32]
[268, 71, 9]
[335, 113, -30]
[271, 111, -60]
[342, 109, -125]
[295, 97, -144]
[344, 108, -145]
[301, 93, -165]
[344, 102, -148]
[293, 87, -162]
[342, 103, -129]
[298, 90, -146]
[318, 170, 6]
[277, 170, -6]
[335, 248, -2]
[261, 250, -19]
[352, 318, 44]
[235, 324, 26]
[347, 329, 45]
[237, 336, 27]
[367, 338, -12]
[231, 346, -32]
[302, 33, -53]
[305, 27, -44]
[306, 28, -44]
[308, 28, -44]
[298, 27, -45]
[295, 27, -45]
[293, 27, -45]
[312, 32, 7]
[287, 31, 1]
[306, 41, -34]
[297, 40, -36]
[333, 75, 29]
[268, 72, 8]
[335, 118, -28]
[270, 113, -61]
[341, 101, -123]
[285, 89, -150]
[341, 94, -142]
[300, 86, -171]
[342, 91, -145]
[283, 80, -168]
[340, 95, -127]
[286, 83, -152]
[318, 171, 7]
[277, 170, -7]
[335, 248, -2]
[261, 249, -21]
[352, 318, 47]
[235, 324, 28]
[347, 329, 49]
[237, 336, 30]
[367, 338, -8]
[231, 346, -30]
[302, 33, -56]
[305, 27, -46]
[307, 28, -46]
[309, 28, -46]
[298, 27, -47]
[296, 27, -47]
[293, 27, -47]
[312, 32, 5]
[288, 31, -1]
[306, 41, -37]
[297, 40, -39]
[333, 76, 27]
[268, 72, 6]
[335, 120, -32]
[270, 115, -58]
[340, 100, -128]
[290, 95, -145]
[340, 93, -148]
[300, 91, -164]
[340, 92, -150]
[292, 86, -163]
[339, 94, -132]
[292, 87, -146]
[318, 171, 7]
[277, 170, -7]
[335, 248, -2]
[261, 249, -20]
[352, 318, 49]
[235, 325, 31]
[347, 328, 51]
[237, 336, 32]
[367, 338, -6]
[231, 346, -28]
[302, 33, -56]
[305, 27, -46]
[307, 28, -46]
[309, 28, -46]
[298, 27, -47]
[296, 27, -47]
[293, 27, -47]
[313, 32, 4]
[288, 31, -2]
[306, 41, -37]
[297, 40, -39]
[334, 76, 26]
[268, 73, 6]
[335, 120, -33]
[270, 115, -58]
[339, 101, -128]
[292, 96, -145]
[340, 94, -148]
[300, 91, -165]
[339, 92, -151]
[291, 82, -163]
[338, 94, -132]
[295, 87, -147]
[318, 171, 7]
[277, 170, -7]
[335, 248, -3]
[261, 249, -20]
[352, 318, 47]
[235, 325, 29]
[348, 328, 48]
[237, 336, 31]
[367, 338, -8]
[231, 346, -29]
[302, 33, -54]
[305, 27, -45]
[307, 28, -45]
[310, 28, -45]
[299, 27, -46]
[296, 27, -46]
[293, 27, -46]
[313, 32, 5]
[288, 31, 0]
[306, 41, -36]
[297, 40, -37]
[334, 76, 26]
[268, 73, 7]
[335, 120, -34]
[270, 115, -59]
[340, 101, -130]
[291, 95, -151]
[340, 97, -150]
[297, 90, -172]
[340, 93, -153]
[279, 79, -170]
[339, 95, -134]
[280, 82, -153]
[318, 171, 7]
[277, 170, -7]
[335, 248, -4]
[261, 249, -20]
[352, 318, 47]
[235, 325, 28]
[348, 328, 48]
[237, 336, 29]
[367, 338, -8]
[231, 346, -30]
[303, 33, -86]
[305, 27, -77]
[307, 28, -77]
[310, 28, -77]
[299, 27, -78]
[296, 27, -78]
[293, 27, -78]
[313, 32, -23]
[288, 31, -29]
[306, 41, -66]
[297, 40, -68]
[333, 75, 6]
[268, 72, -10]
[336, 114, -41]
[270, 115, -55]
[343, 102, -139]
[283, 107, -130]
[344, 104, -161]
[286, 107, -150]
[342, 99, -166]
[281, 101, -155]
[338, 98, -144]
[282, 101, -134]
[318, 170, 7]
[277, 169, -6]
[335, 248, 0]
[261, 249, -18]
[352, 318, 48]
[235, 325, 29]
[348, 328, 50]
[236, 336, 31]
[367, 338, -9]
[231, 346, -31]
[303, 33, -85]
[306, 27, -76]
[307, 28, -76]
[310, 28, -76]
[299, 27, -78]
[296, 27, -78]
[293, 27, -78]
[313, 32, -21]
[288, 31, -30]
[307, 41, -65]
[298, 40, -67]
[333, 75, 7]
[268, 72, -11]
[336, 112, -40]
[270, 115, -55]
[343, 106, -140]
[280, 112, -137]
[343, 111, -163]
[282, 114, -157]
[341, 105, -169]
[281, 108, -164]
[334, 104, -146]
[281, 107, -142]
[318, 170, 6]
[277, 169, -6]
[335, 248, 0]
[261, 249, -18]
[352, 318, 47]
[235, 325, 28]
[348, 328, 48]
[236, 336, 29]
[367, 338, -11]
[232, 346, -33]
[304, 33, -80]
[306, 27, -71]
[308, 28, -71]
[310, 28, -71]
[299, 27, -72]
[297, 27, -72]
[294, 27, -72]
[313, 31, -17]
[288, 31, -24]
[307, 41, -60]
[298, 40, -62]
[333, 75, 9]
[268, 71, -9]
[336, 113, -43]
[270, 113, -67]
[342, 113, -141]
[283, 107, -157]
[342, 118, -163]
[284, 109, -178]
[341, 113, -168]
[287, 106, -181]
[330, 109, -146]
[286, 104, -160]
[318, 170, 6]
[277, 169, -6]
[335, 248, 0]
[261, 249, -18]
[352, 318, 48]
[235, 325, 28]
[348, 328, 49]
[236, 336, 29]
[367, 338, -10]
[232, 346, -33]
[305, 33, -51]
[307, 27, -41]
[309, 27, -41]
[311, 27, -41]
[301, 26, -44]
[298, 26, -44]
[295, 26, -44]
[313, 31, 10]
[288, 31, 0]
[309, 41, -32]
[300, 40, -35]
[332, 74, 27]
[268, 70, 1]
[333, 114, -22]
[272, 107, -42]
[305, 113, -96]
[321, 103, -80]
[297, 117, -115]
[333, 104, -96]
[297, 112, -115]
[334, 103, -94]
[298, 109, -99]
[328, 102, -80]
[318, 170, 5]
[277, 169, -5]
[335, 248, -4]
[261, 249, -17]
[352, 318, 52]
[235, 325, 36]
[348, 328, 54]
[237, 336, 38]
[367, 338, -4]
[232, 346, -24]
[307, 33, -37]
[308, 27, -27]
[309, 27, -27]
[311, 27, -27]
[302, 26, -33]
[299, 26, -33]
[296, 26, -33]
[312, 31, 24]
[288, 31, 0]
[310, 41, -17]
[303, 40, -25]
[329, 74, 49]
[269, 70, -9]
[331, 112, 6]
[285, 106, -48]
[311, 120, -67]
[335, 102, -74]
[306, 127, -84]
[342, 104, -89]
[304, 120, -87]
[342, 102, -86]
[306, 115, -71]
[338, 101, -73]
[318, 170, 9]
[277, 169, -9]
[335, 248, 0]
[261, 250, -20]
[352, 318, 56]
[235, 325, 33]
[348, 328, 58]
[237, 336, 35]
[367, 338, 3]
[231, 346, -24]
[309, 33, -40]
[309, 27, -30]
[310, 27, -30]
[311, 27, -30]
[304, 26, -37]
[301, 26, -37]
[298, 26, -37]
[310, 31, 21]
[289, 31, -3]
[311, 41, -20]
[305, 40, -29]
[328, 73, 49]
[269, 71, -16]
[331, 113, 11]
[287, 107, -53]
[318, 122, -62]
[334, 103, -72]
[314, 127, -79]
[346, 107, -87]
[313, 121, -84]
[344, 103, -85]
[312, 117, -67]
[339, 102, -71]
[318, 170, 12]
[277, 169, -11]
[335, 248, 3]
[261, 250, -21]
[352, 318, 61]
[235, 325, 32]
[348, 328, 63]
[237, 336, 35]
[367, 338, 8]
[231, 346, -25]
[311, 33, -41]
[309, 27, -31]
[310, 27, -31]
[311, 27, -31]
[305, 26, -37]
[302, 26, -37]
[299, 26, -37]
[310, 31, 20]
[289, 31, -4]
[312, 41, -21]
[306, 40, -29]
[328, 73, 46]
[268, 71, -9]
[332, 115, 14]
[279, 107, -58]
[319, 126, -65]
[288, 106, -144]
[317, 131, -83]
[284, 115, -167]
[316, 124, -90]
[285, 108, -167]
[313, 122, -70]
[285, 106, -146]
[318, 170, 11]
[277, 169, -11]
[335, 248, 6]
[261, 250, -21]
[352, 318, 59]
[235, 325, 27]
[348, 328, 62]
[237, 336, 29]
[367, 338, 4]
[231, 346, -30]
[311, 33, -45]
[309, 27, -37]
[310, 27, -37]
[311, 27, -37]
[305, 26, -46]
[302, 26, -46]
[299, 26, -46]
[309, 31, 15]
[289, 31, -17]
[312, 41, -24]
[307, 41, -37]
[328, 74, 39]
[267, 71, -9]
[332, 119, 11]
[274, 110, -53]
[321, 129, -71]
[274, 122, -132]
[318, 135, -90]
[275, 129, -154]
[318, 128, -100]
[278, 120, -157]
[314, 126, -78]
[278, 115, -135]
[318, 170, 11]
[277, 170, -11]
[335, 249, 7]
[261, 250, -21]
[352, 318, 59]
[235, 325, 28]
[348, 328, 61]
[237, 336, 29]
[367, 338, 4]
[231, 346, -30]
[311, 33, -62]
[309, 27, -53]
[310, 27, -53]
[311, 27, -53]
[305, 26, -59]
[302, 26, -59]
[299, 26, -59]
[308, 31, 0]
[289, 31, -25]
[312, 41, -41]
[306, 41, -50]
[328, 74, 36]
[267, 71, -10]
[331, 121, 14]
[271, 113, -35]
[322, 134, -68]
[271, 132, -101]
[326, 139, -88]
[274, 140, -121]
[325, 133, -100]
[276, 132, -128]
[323, 130, -76]
[276, 127, -105]
[318, 170, 10]
[277, 170, -10]
[335, 249, 8]
[261, 250, -20]
[352, 318, 59]
[235, 325, 28]
[348, 328, 60]
[237, 336, 30]
[367, 338, 3]
[231, 346, -30]
[310, 33, -59]
[309, 27, -51]
[310, 27, -51]
[311, 27, -51]
[304, 26, -58]
[302, 26, -58]
[299, 27, -58]
[308, 31, 1]
[289, 31, -21]
[312, 41, -38]
[306, 41, -47]
[328, 74, 38]
[267, 71, -8]
[326, 121, 22]
[270, 114, -33]
[326, 138, -56]
[273, 131, -95]
[334, 140, -75]
[275, 138, -114]
[332, 137, -87]
[277, 131, -120]
[330, 136, -64]
[276, 129, -99]
[318, 171, 11]
[277, 170, -11]
[335, 249, 8]
[260, 250, -20]
[352, 318, 58]
[235, 325, 26]
[348, 328, 59]
[237, 336, 28]
[367, 338, 2]
[231, 346, -32]
[310, 34, -77]
[309, 27, -68]
[310, 27, -68]
[311, 27, -68]
[304, 26, -74]
[302, 27, -74]
[299, 27, -74]
[307, 31, -14]
[289, 31, -40]
[312, 41, -56]
[306, 41, -64]
[328, 74, 24]
[266, 72, -25]
[324, 121, 23]
[270, 117, -46]
[326, 141, -40]
[274, 130, -97]
[333, 146, -55]
[280, 133, -120]
[333, 141, -69]
[280, 127, -128]
[331, 138, -48]
[280, 125, -103]
[318, 171, 12]
[277, 170, -12]
[335, 249, 8]
[260, 250, -21]
[352, 318, 60]
[235, 325, 27]
[348, 328, 62]
[237, 336, 28]
[367, 338, 4]
[232, 346, -32]
[310, 34, -80]
[309, 27, -71]
[310, 27, -71]
[311, 27, -71]
[304, 27, -77]
[302, 27, -77]
[299, 27, -77]
[307, 31, -17]
[288, 31, -43]
[312, 42, -59]
[305, 41, -67]
[328, 74, 21]
[266, 73, -28]
[325, 122, 25]
[269, 118, -65]
[333, 145, -33]
[270, 137, -147]
[340, 151, -46]
[269, 143, -168]
[342, 148, -62]
[271, 140, -174]
[339, 146, -41]
[273, 137, -152]
[318, 171, 13]
[277, 171, -13]
[335, 250, 13]
[260, 250, -21]
[352, 318, 68]
[235, 325, 28]
[348, 328, 70]
[237, 336, 29]
[368, 338, 14]
[231, 346, -31]
[310, 34, -90]
[309, 27, -82]
[310, 27, -82]
[311, 27, -82]
[304, 26, -88]
[302, 27, -88]
[299, 27, -88]
[308, 31, -30]
[288, 31, -60]
[312, 42, -70]
[305, 41, -79]
[328, 74, 11]
[266, 74, -41]
[325, 121, 33]
[267, 119, -48]
[335, 150, -6]
[262, 155, -82]
[341, 157, -15]
[259, 164, -96]
[343, 155, -32]
[261, 163, -106]
[339, 153, -14]
[263, 158, -87]
[318, 172, 13]
[277, 171, -13]
[335, 250, 15]
[260, 250, -18]
[352, 317, 68]
[235, 325, 34]
[347, 328, 69]
[237, 336, 35]
[368, 338, 15]
[231, 346, -24]
[310, 34, -103]
[309, 27, -94]
[310, 27, -94]
[311, 27, -94]
[305, 27, -102]
[302, 27, -102]
[299, 27, -102]
[307, 31, -44]
[289, 31, -79]
[312, 42, -83]
[306, 41, -93]
[327, 75, -1]
[265, 74, -60]
[325, 122, 30]
[266, 121, -49]
[337, 156, -2]
[266, 163, -72]
[342, 167, -10]
[264, 177, -84]
[344, 166, -27]
[267, 178, -94]
[339, 163, -10]
[268, 173, -76]
[318, 172, 14]
[278, 172, -14]
[335, 250, 18]
[260, 250, -16]
[352, 317, 74]
[235, 325, 38]
[347, 328, 75]
[237, 336, 40]
[367, 338, 22]
[231, 346, -19]
[311, 34, -107]
[310, 27, -99]
[310, 27, -99]
[311, 27, -99]
[305, 27, -107]
[302, 27, -107]
[300, 27, -107]
[308, 31, -48]
[289, 31, -82]
[313, 42, -88]
[306, 41, -98]
[327, 75, -4]
[265, 75, -62]
[326, 123, 27]
[265, 124, -52]
[338, 161, -7]
[264, 168, -78]
[343, 171, -15]
[264, 181, -91]
[344, 171, -32]
[265, 182, -101]
[340, 169, -15]
[266, 177, -82]
[318, 172, 14]
[278, 172, -14]
[335, 250, 22]
[260, 251, -15]
[352, 317, 80]
[235, 325, 40]
[347, 327, 82]
[237, 336, 42]
[367, 338, 30]
[231, 346, -17]
[311, 34, -103]
[310, 27, -95]
[311, 27, -95]
[312, 27, -95]
[305, 27, -102]
[302, 27, -102]
[300, 27, -102]
[308, 31, -44]
[289, 31, -74]
[313, 42, -84]
[306, 41, -93]
[328, 75, -1]
[265, 75, -55]
[328, 124, 27]
[265, 125, -49]
[339, 166, -8]
[263, 169, -74]
[344, 176, -17]
[262, 181, -88]
[344, 175, -34]
[263, 181, -98]
[341, 174, -16]
[264, 177, -79]
[318, 173, 14]
[279, 173, -14]
[335, 250, 24]
[260, 251, -15]
[352, 317, 82]
[235, 325, 38]
[347, 327, 84]
[237, 336, 40]
[367, 338, 32]
[230, 347, -18]
[311, 34, -101]
[310, 27, -92]
[311, 27, -93]
[312, 27, -93]
[305, 27, -99]
[302, 27, -99]
[300, 27, -99]
[308, 31, -41]
[289, 31, -71]
[313, 42, -81]
[306, 41, -90]
[328, 75, 3]
[265, 75, -54]
[329, 124, 32]
[265, 126, -47]
[339, 167, -7]
[263, 171, -75]
[344, 177, -16]
[261, 184, -89]
[344, 177, -33]
[262, 184, -100]
[341, 175, -15]
[264, 180, -80]
[318, 173, 15]
[279, 173, -15]
[335, 250, 26]
[260, 252, -15]
[352, 317, 85]
[235, 325, 38]
[347, 327, 88]
[237, 336, 40]
[368, 338, 37]
[230, 347, -17]
[310, 34, -109]
[310, 27, -101]
[311, 27, -101]
[312, 27, -101]
[305, 27, -106]
[302, 27, -106]
[299, 27, -106]
[308, 31, -47]
[289, 31, -74]
[312, 42, -88]
[306, 41, -96]
[328, 75, 0]
[265, 75, -55]
[330, 124, 28]
[265, 126, -47]
[339, 169, -13]
[263, 172, -78]
[343, 180, -23]
[260, 185, -93]
[343, 181, -40]
[262, 185, -103]
[340, 178, -21]
[263, 181, -82]
[318, 173, 15]
[279, 173, -15]
[335, 250, 26]
[259, 252, -15]
[352, 317, 88]
[235, 325, 39]
[347, 327, 91]
[237, 336, 41]
[368, 338, 39]
[230, 347, -17]
[309, 34, -115]
[310, 27, -107]
[311, 27, -107]
[312, 27, -107]
[304, 27, -112]
[301, 27, -112]
[298, 27, -112]
[309, 31, -53]
[289, 31, -78]
[311, 42, -94]
[304, 41, -102]
[328, 75, -3]
[265, 75, -59]
[331, 125, 27]
[264, 127, -49]
[339, 171, -18]
[262, 175, -81]
[343, 182, -28]
[261, 188, -97]
[343, 182, -45]
[263, 188, -107]
[340, 180, -26]
[264, 184, -86]
[318, 173, 16]
[280, 173, -16]
[335, 250, 29]
[259, 253, -16]
[352, 317, 92]
[235, 325, 38]
[347, 327, 95]
[237, 336, 40]
[368, 338, 44]
[230, 347, -18]
[307, 34, -121]
[308, 27, -113]
[310, 27, -113]
[311, 28, -113]
[302, 27, -118]
[300, 27, -118]
[296, 27, -118]
[309, 31, -60]
[288, 31, -83]
[310, 42, -101]
[302, 41, -108]
[328, 75, -9]
[265, 75, -63]
[332, 125, 19]
[264, 128, -53]
[339, 171, -18]
[263, 176, -84]
[343, 183, -30]
[261, 191, -99]
[342, 183, -46]
[264, 191, -108]
[339, 181, -26]
[265, 186, -88]
[318, 173, 17]
[280, 173, -17]
[335, 250, 30]
[259, 253, -16]
[352, 317, 91]
[235, 325, 38]
[347, 327, 94]
[236, 336, 40]
[368, 338, 42]
[230, 348, -19]
[305, 34, -124]
[307, 28, -116]
[309, 28, -116]
[310, 28, -116]
[301, 27, -120]
[298, 27, -120]
[295, 27, -120]
[309, 31, -62]
[288, 31, -83]
[308, 42, -103]
[300, 41, -109]
[328, 75, -10]
[265, 75, -62]
[332, 125, 16]
[264, 128, -53]
[339, 171, -22]
[262, 176, -84]
[343, 183, -33]
[262, 191, -100]
[342, 184, -51]
[264, 191, -109]
[339, 181, -30]
[265, 186, -89]
[318, 173, 16]
[280, 173, -16]
[335, 250, 29]
[259, 253, -16]
[352, 317, 88]
[235, 325, 38]
[347, 327, 91]
[236, 336, 40]
[368, 338, 39]
[231, 348, -19]
[303, 34, -125]
[305, 28, -117]
[308, 28, -117]
[309, 28, -117]
[299, 27, -121]
[296, 27, -121]
[293, 27, -121]
[309, 31, -64]
[287, 31, -81]
[306, 42, -104]
[298, 41, -109]
[328, 74, -13]
[265, 75, -59]
[332, 125, 13]
[264, 128, -50]
[339, 172, -28]
[262, 177, -82]
[343, 184, -38]
[261, 192, -98]
[342, 184, -55]
[264, 192, -108]
[339, 181, -36]
[265, 186, -87]
[318, 173, 16]
[280, 173, -16]
[335, 250, 28]
[259, 253, -15]
[352, 317, 86]
[235, 325, 38]
[347, 327, 89]
[236, 336, 40]
[368, 339, 36]
[231, 348, -19]
[302, 34, -128]
[305, 28, -121]
[307, 28, -121]
[309, 28, -121]
[298, 28, -124]
[295, 28, -124]
[292, 27, -124]
[309, 31, -67]
[287, 31, -83]
[305, 42, -108]
[296, 41, -112]
[328, 74, -17]
[265, 75, -58]
[332, 125, 10]
[264, 128, -47]
[339, 171, -30]
[263, 176, -80]
[343, 183, -41]
[262, 191, -95]
[342, 184, -57]
[264, 190, -106]
[339, 181, -38]
[265, 185, -85]
[318, 173, 15]
[280, 173, -15]
[335, 250, 27]
[259, 253, -14]
[352, 317, 86]
[235, 325, 37]
[347, 327, 88]
[236, 336, 40]
[368, 339, 35]
[231, 348, -19]
[301, 35, -128]
[304, 28, -120]
[306, 28, -120]
[308, 29, -120]
[297, 28, -123]
[295, 28, -123]
[292, 28, -123]
[309, 31, -67]
[287, 32, -82]
[305, 42, -107]
[296, 42, -112]
[328, 74, -17]
[266, 76, -58]
[332, 125, 9]
[264, 128, -46]
[339, 171, -31]
[263, 176, -79]
[343, 183, -41]
[262, 191, -94]
[342, 184, -58]
[264, 190, -105]
[339, 181, -39]
[265, 185, -84]
[318, 173, 14]
[280, 173, -14]
[335, 250, 26]
[259, 253, -14]
[352, 317, 85]
[235, 325, 38]
[347, 327, 87]
[236, 336, 40]
[368, 339, 34]
[231, 348, -19]
[301, 35, -126]
[304, 29, -118]
[306, 29, -118]
[308, 29, -118]
[297, 28, -122]
[294, 28, -122]
[291, 28, -122]
[309, 32, -65]
[287, 32, -81]
[304, 42, -105]
[295, 42, -110]
[328, 74, -16]
[266, 76, -57]
[333, 125, 10]
[264, 128, -45]
[340, 172, -31]
[263, 176, -78]
[343, 183, -41]
[262, 191, -93]
[342, 184, -57]
[264, 190, -104]
[339, 181, -38]
[265, 185, -84]
[318, 173, 14]
[280, 173, -14]
[335, 250, 26]
[259, 253, -13]
[352, 317, 85]
[235, 325, 38]
[347, 327, 87]
[236, 336, 40]
[368, 339, 33]
[231, 348, -19]
[301, 35, -125]
[304, 29, -117]
[306, 29, -117]
[308, 29, -117]
[297, 28, -121]
[294, 28, -121]
[291, 28, -121]
[309, 32, -65]
[286, 32, -80]
[304, 42, -104]
[295, 42, -109]
[328, 74, -16]
[266, 76, -56]
[333, 125, 10]
[264, 128, -44]
[340, 172, -30]
[263, 176, -78]
[344, 183, -41]
[262, 191, -92]
[342, 184, -57]
[265, 190, -104]
[339, 181, -38]
[266, 185, -83]
[318, 173, 13]
[280, 173, -13]
[335, 250, 26]
[259, 253, -13]
[352, 317, 84]
[235, 325, 38]
[347, 327, 86]
[236, 336, 40]
[368, 339, 33]
[231, 348, -18]
[301, 35, -125]
[304, 29, -117]
[306, 29, -117]
[308, 29, -117]
[297, 28, -120]
[294, 28, -120]
[291, 28, -120]
[309, 32, -64]
[286, 32, -80]
[304, 42, -104]
[295, 42, -109]
[328, 74, -16]
[266, 76, -56]
[333, 125, 10]
[264, 128, -44]
[340, 172, -30]
[263, 176, -77]
[344, 183, -41]
[262, 191, -92]
[342, 184, -57]
[265, 190, -103]
[339, 181, -38]
[266, 185, -82]
[318, 173, 13]
[280, 173, -13]
[335, 250, 25]
[259, 253, -13]
[352, 317, 82]
[235, 325, 38]
[347, 327, 85]
[236, 336, 40]
[368, 339, 31]
[231, 348, -18]
[301, 35, -125]
[303, 29, -118]
[306, 29, -118]
[308, 29, -118]
[297, 29, -121]
[294, 28, -121]
[291, 28, -121]
[309, 32, -65]
[286, 32, -80]
[304, 42, -105]
[295, 42, -109]
[328, 74, -16]
[266, 76, -56]
[333, 125, 10]
[264, 128, -44]
[340, 172, -30]
[263, 176, -77]
[344, 184, -41]
[262, 191, -92]
[342, 184, -57]
[265, 190, -103]
[339, 181, -38]
[266, 185, -82]
[318, 173, 13]
[280, 173, -13]
[335, 250, 25]
[259, 253, -13]
[352, 317, 82]
[235, 325, 38]
[347, 327, 84]
[236, 336, 40]
[368, 339, 30]
[231, 348, -18]
[301, 35, -126]
[303, 29, -118]
[305, 29, -118]
[308, 29, -118]
[297, 29, -121]
[294, 28, -121]
[291, 28, -121]
[309, 32, -65]
[286, 32, -80]
[304, 42, -105]
[295, 42, -109]
[328, 74, -16]
[266, 76, -56]
[333, 125, 10]
[264, 128, -43]
[340, 172, -30]
[263, 176, -76]
[344, 184, -41]
[262, 191, -91]
[342, 184, -57]
[265, 190, -103]
[339, 181, -38]
[266, 185, -82]
[318, 173, 13]
[280, 173, -13]
[335, 250, 24]
[259, 253, -13]
[352, 317, 80]
[235, 326, 39]
[347, 327, 82]
[236, 336, 41]
[368, 339, 29]
[231, 348, -18]
[300, 35, -126]
[303, 29, -118]
[305, 29, -118]
[308, 29, -118]
[296, 29, -121]
[294, 29, -121]
[291, 29, -121]
[309, 32, -65]
[286, 32, -80]
[304, 42, -105]
[295, 42, -109]
[328, 74, -16]
[266, 76, -56]
[333, 125, 10]
[264, 128, -43]
[340, 172, -30]
[263, 175, -76]
[344, 184, -41]
[262, 191, -91]
[342, 184, -57]
[265, 190, -103]
[339, 181, -38]
[266, 185, -82]
[318, 173, 13]
[280, 173, -13]
[335, 250, 23]
[259, 253, -12]
[352, 317, 80]
[235, 326, 39]
[347, 327, 82]
[236, 336, 41]
[368, 339, 29]
[231, 348, -17]
[300, 36, -126]
[303, 29, -118]
[305, 29, -118]
[308, 29, -118]
[296, 29, -121]
[294, 29, -122]
[291, 29, -122]
[309, 32, -65]
[286, 32, -80]
[304, 42, -105]
[295, 42, -110]
[329, 74, -16]
[266, 76, -56]
[333, 125, 10]
[264, 128, -43]
[340, 172, -30]
[263, 175, -77]
[344, 184, -41]
[262, 191, -91]
[342, 185, -57]
[265, 190, -103]
[339, 181, -38]
[266, 185, -82]
[318, 173, 13]
[280, 173, -13]
[335, 250, 23]
[259, 253, -12]
[352, 317, 80]
[235, 326, 39]
[347, 327, 82]
[236, 336, 41]
[368, 339, 29]
[231, 348, -17]
[300, 36, -126]
[303, 29, -118]
[305, 29, -118]
[308, 29, -118]
[296, 29, -121]
[294, 29, -121]
[291, 29, -121]
[309, 32, -65]
[286, 32, -80]
[304, 42, -105]
[295, 42, -109]
[329, 74, -15]
[266, 76, -56]
[333, 125, 10]
[264, 127, -43]
[340, 172, -30]
[263, 175, -77]
[344, 184, -40]
[262, 190, -92]
[342, 184, -57]
[265, 190, -103]
[339, 181, -37]
[266, 185, -82]
[318, 173, 13]
[280, 173, -13]
[335, 250, 24]
[259, 253, -12]
[352, 317, 81]
[235, 326, 39]
[347, 327, 84]
[236, 336, 41]
[368, 339, 30]
[231, 348, -17]
[301, 36, -126]
[303, 29, -118]
[305, 29, -118]
[308, 29, -118]
[297, 29, -121]
[294, 29, -121]
[291, 29, -121]
[309, 32, -65]
[286, 32, -80]
[304, 42, -105]
[295, 42, -109]
[329, 74, -15]
[266, 76, -56]
[333, 125, 10]
[264, 127, -44]
[340, 172, -30]
[263, 175, -77]
[344, 184, -40]
[262, 191, -92]
[342, 184, -56]
[265, 190, -103]
[339, 181, -37]
[266, 185, -82]
[318, 173, 13]
[280, 173, -13]
[335, 250, 24]
[259, 253, -13]
[352, 317, 82]
[235, 326, 39]
[347, 327, 84]
[236, 336, 41]
[368, 339, 30]
[231, 348, -17]
[301, 35, -125]
[303, 29, -118]
[305, 29, -118]
[308, 29, -118]
[297, 29, -121]
[294, 29, -121]
[291, 29, -121]
[309, 32, -64]
[286, 32, -81]
[304, 42, -105]
[295, 42, -109]
[329, 74, -15]
[266, 76, -57]
[333, 125, 10]
[264, 127, -45]
[340, 172, -30]
[263, 176, -78]
[344, 184, -40]
[262, 191, -93]
[342, 184, -56]
[265, 190, -104]
[339, 181, -37]
[266, 185, -83]
[318, 173, 13]
[280, 173, -13]
[335, 250, 24]
[259, 253, -13]
[352, 317, 82]
[235, 326, 40]
[347, 327, 84]
[236, 336, 42]
[368, 339, 31]
[231, 348, -17]
[301, 35, -126]
[303, 29, -118]
[305, 29, -118]
[308, 29, -118]
[297, 29, -121]
[294, 28, -121]
[291, 28, -121]
[309, 32, -65]
[286, 32, -81]
[304, 42, -105]
[295, 42, -110]
[329, 74, -15]
[266, 75, -57]
[333, 125, 10]
[264, 128, -46]
[340, 172, -30]
[263, 176, -79]
[344, 184, -40]
[262, 191, -94]
[342, 184, -57]
[265, 191, -105]
[339, 181, -38]
[266, 185, -84]
[318, 173, 13]
[280, 173, -13]
[335, 250, 24]
[259, 253, -13]
[352, 317, 83]
[235, 326, 40]
[347, 327, 85]
[236, 336, 42]
[368, 339, 31]
[232, 348, -17]
[301, 35, -126]
[303, 29, -119]
[305, 29, -119]
[308, 29, -119]
[297, 29, -122]
[294, 28, -122]
[291, 28, -122]
[309, 32, -65]
[286, 32, -82]
[304, 42, -106]
[295, 42, -111]
[329, 74, -15]
[266, 75, -58]
[333, 125, 10]
[264, 128, -47]
[340, 172, -30]
[263, 176, -80]
[344, 184, -41]
[262, 192, -95]
[342, 184, -57]
[265, 191, -106]
[339, 181, -38]
[266, 186, -85]
[318, 173, 13]
[280, 173, -13]
[335, 250, 24]
[259, 253, -13]
[352, 317, 84]
[235, 326, 40]
[347, 327, 86]
[236, 336, 42]
[368, 339, 33]
[232, 348, -17]
[301, 35, -127]
[303, 29, -119]
[305, 29, -119]
[308, 29, -119]
[297, 28, -122]
[294, 28, -122]
[291, 28, -122]
[309, 32, -65]
[286, 32, -82]
[304, 42, -106]
[295, 42, -111]
[329, 74, -15]
[266, 75, -58]
[333, 125, 10]
[264, 128, -48]
[340, 172, -30]
[263, 177, -80]
[344, 184, -41]
[262, 192, -95]
[342, 184, -57]
[265, 191, -107]
[339, 181, -38]
[266, 186, -85]
[318, 173, 13]
[280, 173, -13]
[335, 250, 24]
[259, 253, -13]
[352, 317, 84]
[235, 326, 40]
[347, 327, 86]
[236, 336, 42]
[368, 339, 33]
[232, 348, -17]
[301, 35, -127]
[303, 29, -119]
[306, 29, -119]
[308, 29, -119]
[297, 28, -122]
[294, 28, -123]
[291, 28, -123]
[309, 32, -66]
[286, 32, -82]
[304, 42, -106]
[295, 42, -111]
[329, 74, -16]
[266, 75, -59]
[333, 125, 10]
[264, 128, -48]
[340, 172, -31]
[263, 177, -81]
[344, 184, -41]
[262, 192, -96]
[342, 184, -58]
[265, 191, -107]
[339, 181, -39]
[266, 186, -86]
[318, 173, 13]
[280, 173, -13]
[335, 250, 25]
[259, 253, -13]
[352, 317, 84]
[235, 326, 40]
[347, 327, 86]
[236, 336, 42]
[368, 339, 33]
[232, 348, -17]
[301, 35, -127]
[303, 29, -120]
[306, 29, -120]
[308, 29, -120]
[297, 28, -123]
[294, 28, -123]
[291, 28, -123]
[309, 32, -66]
[286, 32, -83]
[304, 42, -107]
[295, 42, -112]
[329, 74, -16]
[266, 75, -59]
[333, 125, 10]
[264, 128, -48]
[340, 172, -31]
[263, 177, -81]
[344, 184, -42]
[262, 192, -96]
[342, 184, -58]
[265, 191, -107]
[339, 181, -39]
[266, 186, -86]
[318, 173, 13]
[280, 173, -13]
[335, 250, 25]
[259, 253, -13]
[352, 317, 85]
[235, 326, 40]
[347, 327, 87]
[236, 336, 42]
[368, 339, 34]
[232, 348, -17]
[301, 35, -128]
[304, 29, -120]
[306, 29, -120]
[308, 29, -120]
[297, 28, -124]
[294, 28, -124]
[291, 28, -124]
[309, 32, -67]
[286, 32, -84]
[304, 42, -107]
[295, 42, -112]
[329, 74, -17]
[266, 75, -60]
[333, 125, 9]
[263, 128, -49]
[340, 172, -32]
[263, 177, -82]
[344, 184, -43]
[262, 192, -96]
[342, 184, -59]
[265, 191, -108]
[339, 181, -40]
[266, 186, -87]
[318, 173, 13]
[280, 173, -13]
[335, 250, 25]
[259, 253, -13]
[352, 317, 85]
[235, 326, 40]
[347, 327, 87]
[236, 336, 42]
[368, 339, 34]
[232, 348, -17]
[301, 35, -128]
[304, 29, -120]
[306, 29, -120]
[308, 29, -120]
[297, 28, -124]
[294, 28, -124]
[291, 28, -124]
[309, 32, -67]
[286, 32, -84]
[304, 42, -107]
[295, 42, -112]
[329, 74, -17]
[266, 75, -60]
[333, 125, 9]
[263, 128, -49]
[340, 172, -32]
[263, 177, -82]
[344, 184, -43]
[262, 192, -97]
[342, 184, -59]
[265, 191, -108]
[339, 181, -40]
[266, 186, -87]
[318, 173, 14]
[280, 173, -14]
[335, 250, 26]
[259, 253, -13]
[352, 317, 86]
[235, 326, 40]
[347, 327, 88]
[236, 336, 42]
[368, 339, 35]
[232, 348, -16]
[301, 35, -128]
[304, 29, -120]
[306, 29, -120]
[308, 29, -120]
[297, 28, -124]
[294, 28, -124]
[291, 28, -124]
[310, 32, -67]
[286, 32, -83]
[304, 42, -107]
[295, 42, -112]
[329, 74, -17]
[266, 75, -60]
[333, 125, 9]
[263, 128, -49]
[340, 172, -33]
[263, 177, -82]
[344, 184, -43]
[262, 192, -97]
[342, 184, -59]
[265, 191, -109]
[339, 181, -40]
[266, 186, -87]
[318, 173, 14]
[280, 173, -14]
[335, 250, 26]
[259, 253, -13]
[353, 317, 86]
[235, 326, 40]
[347, 327, 88]
[236, 336, 42]
[368, 339, 35]
[232, 348, -16]
[301, 35, -128]
[304, 29, -120]
[306, 29, -120]
[308, 29, -120]
[297, 28, -124]
[294, 28, -124]
[291, 28, -124]
[310, 32, -67]
[286, 32, -83]
[304, 42, -107]
[295, 42, -112]
[329, 74, -17]
[266, 75, -60]
[333, 125, 8]
[263, 128, -49]
[340, 172, -33]
[263, 177, -82]
[344, 184, -43]
[262, 192, -97]
[342, 184, -60]
[265, 191, -108]
[339, 181, -41]
[266, 186, -87]
[318, 173, 13]
[280, 173, -14]
[335, 250, 26]
[259, 253, -13]
[353, 317, 86]
[235, 326, 40]
[347, 327, 88]
[236, 336, 42]
[368, 339, 35]
[232, 348, -16]
