[331, 72, -28]
[330, 61, -25]
[330, 61, -25]
[329, 61, -25]
[327, 61, -39]
[325, 61, -39]
[323, 61, -39]
[319, 65, 4]
[313, 67, -60]
[327, 81, -15]
[324, 82, -34]
[306, 121, 58]
[305, 120, -101]
[309, 198, 75]
[305, 207, -154]
[313, 257, 46]
[321, 263, -152]
[318, 260, 41]
[327, 292, -166]
[320, 260, 24]
[329, 292, -162]
[317, 258, 36]
[325, 286, -150]
[307, 267, 41]
[301, 273, -41]
[303, 380, 27]
[304, 360, -46]
[304, 497, 63]
[280, 521, -44]
[298, 512, 64]
[264, 536, -45]
[321, 541, 35]
[309, 570, -90]
[321, 73, 10]
[318, 61, 12]
[317, 62, 12]
[315, 62, 12]
[318, 61, 0]
[318, 61, 0]
[317, 61, 0]
[306, 65, 27]
[310, 68, -32]
[314, 82, 18]
[315, 83, 1]
[290, 115, 64]
[302, 122, -83]
[296, 199, 72]
[304, 215, -114]
[298, 256, 44]
[319, 278, -105]
[299, 261, 42]
[322, 307, -116]
[303, 263, 29]
[326, 306, -112]
[303, 262, 37]
[323, 299, -103]
[290, 259, 47]
[304, 271, -47]
[300, 331, 57]
[307, 354, -37]
[280, 468, 93]
[277, 493, -23]
[273, 485, 95]
[261, 509, -21]
[298, 497, 70]
[307, 523, -54]
[324, 71, -25]
[322, 61, -19]
[321, 62, -19]
[321, 62, -20]
[320, 61, -31]
[318, 61, -31]
[317, 61, -31]
[312, 64, 10]
[310, 66, -43]
[321, 79, -13]
[318, 79, -28]
[291, 115, 53]
[304, 119, -86]
[295, 204, 54]
[306, 212, -114]
[293, 260, 29]
[318, 282, -115]
[296, 275, 24]
[322, 307, -129]
[305, 272, 13]
[325, 306, -125]
[304, 270, 22]
[322, 299, -114]
[291, 259, 45]
[303, 269, -45]
[301, 337, 51]
[307, 355, -41]
[288, 447, 78]
[282, 473, -34]
[282, 462, 78]
[266, 487, -34]
[309, 472, 60]
[313, 501, -66]
[326, 70, -44]
[323, 61, -39]
[322, 61, -39]
[322, 61, -39]
[320, 61, -52]
[319, 61, -52]
[317, 61, -52]
[312, 64, -7]
[308, 66, -56]
[322, 78, -31]
[320, 78, -47]
[293, 112, 40]
[300, 119, -103]
[297, 196, 44]
[303, 209, -121]
[306, 258, 11]
[317, 283, -131]
[305, 275, 5]
[321, 305, -145]
[311, 277, -6]
[325, 304, -144]
[310, 273, 4]
[322, 297, -130]
[291, 259, 45]
[302, 269, -45]
[303, 337, 61]
[307, 352, -31]
[291, 436, 101]
[292, 463, -4]
[284, 451, 103]
[278, 479, -2]
[315, 456, 83]
[328, 485, -37]
[323, 70, -44]
[320, 61, -39]
[319, 61, -39]
[319, 61, -39]
[318, 61, -53]
[316, 61, -53]
[314, 61, -53]
[309, 64, -8]
[306, 66, -63]
[319, 79, -31]
[317, 79, -49]
[292, 115, 41]
[299, 122, -111]
[297, 196, 50]
[301, 212, -135]
[307, 257, 11]
[316, 285, -143]
[306, 271, 6]
[320, 307, -160]
[312, 276, -7]
[324, 305, -158]
[311, 270, 3]
[322, 298, -142]
[293, 261, 47]
[303, 270, -47]
[304, 334, 63]
[306, 352, -34]
[291, 438, 106]
[289, 463, -7]
[284, 453, 108]
[276, 477, -5]
[314, 459, 86]
[323, 488, -40]
[324, 70, -62]
[321, 61, -56]
[320, 61, -57]
[320, 61, -57]
[318, 61, -70]
[316, 61, -70]
[314, 61, -70]
[311, 64, -21]
[304, 66, -82]
[319, 79, -47]
[317, 80, -64]
[293, 115, 31]
[298, 123, -120]
[301, 195, 37]
[301, 211, -144]
[310, 258, 5]
[316, 285, -148]
[311, 273, 0]
[320, 307, -164]
[316, 277, -11]
[324, 305, -164]
[314, 273, -1]
[322, 298, -149]
[294, 256, 45]
[303, 267, -45]
[305, 332, 67]
[307, 346, -29]
[292, 426, 109]
[290, 453, 0]
[286, 441, 111]
[278, 468, 1]
[317, 445, 90]
[325, 476, -34]
[323, 71, -71]
[321, 61, -66]
[321, 61, -66]
[320, 61, -66]
[317, 62, -78]
[315, 62, -78]
[313, 62, -78]
[311, 64, -25]
[303, 67, -89]
[319, 80, -56]
[316, 81, -72]
[294, 115, 25]
[297, 123, -121]
[301, 194, 30]
[302, 210, -144]
[310, 258, 2]
[316, 285, -145]
[312, 272, -2]
[320, 305, -159]
[316, 278, -14]
[323, 303, -160]
[314, 272, -4]
[321, 296, -145]
[295, 253, 43]
[303, 264, -43]
[305, 330, 70]
[307, 343, -27]
[298, 416, 110]
[295, 443, 1]
[292, 431, 112]
[283, 457, 2]
[324, 434, 94]
[330, 465, -31]
[324, 71, -77]
[321, 61, -72]
[320, 61, -72]
[320, 61, -72]
[318, 62, -84]
[316, 62, -84]
[313, 62, -84]
[310, 64, -38]
[304, 67, -96]
[319, 80, -62]
[316, 80, -76]
[294, 113, 11]
[298, 123, -125]
[300, 192, 19]
[302, 208, -145]
[310, 257, -9]
[316, 283, -145]
[312, 273, -14]
[320, 304, -160]
[317, 277, -26]
[323, 301, -161]
[315, 272, -15]
[322, 295, -146]
[295, 250, 42]
[304, 261, -42]
[305, 328, 79]
[307, 343, -23]
[299, 405, 111]
[297, 435, 14]
[293, 418, 115]
[286, 448, 17]
[325, 420, 110]
[333, 456, -17]
[326, 70, -70]
[322, 61, -65]
[322, 61, -65]
[321, 61, -65]
[320, 62, -78]
[318, 62, -78]
[316, 62, -78]
[311, 64, -35]
[306, 66, -93]
[322, 79, -56]
[319, 80, -73]
[293, 114, 15]
[299, 123, -124]
[300, 193, 27]
[303, 208, -145]
[310, 257, -4]
[317, 281, -146]
[312, 273, -8]
[320, 303, -162]
[316, 276, -21]
[324, 299, -162]
[315, 271, -11]
[322, 293, -146]
[295, 251, 44]
[303, 261, -44]
[305, 330, 79]
[308, 345, -27]
[294, 406, 115]
[294, 447, 7]
[288, 419, 116]
[282, 461, 10]
[319, 421, 113]
[329, 468, -22]
[327, 69, -74]
[322, 61, -69]
[321, 61, -69]
[321, 60, -69]
[320, 61, -82]
[318, 61, -82]
[316, 61, -82]
[311, 63, -36]
[306, 66, -99]
[322, 78, -59]
[320, 79, -75]
[299, 117, 15]
[298, 123, -130]
[305, 196, 23]
[302, 210, -149]
[312, 257, -10]
[317, 280, -151]
[316, 275, -15]
[320, 302, -167]
[319, 279, -28]
[324, 299, -167]
[317, 272, -17]
[322, 293, -151]
[298, 252, 44]
[302, 260, -44]
[308, 332, 76]
[308, 347, -33]
[293, 407, 117]
[292, 450, -3]
[287, 418, 119]
[280, 465, -1]
[315, 424, 106]
[327, 472, -38]
[326, 69, -67]
[321, 61, -62]
[321, 61, -62]
[320, 60, -62]
[319, 61, -77]
[318, 61, -77]
[316, 61, -77]
[309, 63, -30]
[305, 66, -95]
[321, 77, -53]
[319, 78, -72]
[296, 116, 23]
[298, 122, -128]
[302, 194, 33]
[302, 209, -149]
[310, 257, -1]
[317, 280, -151]
[312, 274, -5]
[320, 302, -167]
[316, 278, -18]
[324, 299, -167]
[315, 272, -8]
[322, 293, -151]
[297, 251, 46]
[302, 259, -46]
[306, 330, 77]
[307, 346, -38]
[293, 407, 119]
[292, 455, -7]
[287, 418, 121]
[280, 470, -6]
[315, 423, 109]
[328, 477, -45]
[327, 68, -67]
[323, 60, -62]
[322, 59, -62]
[322, 59, -62]
[321, 60, -77]
[319, 59, -77]
[317, 59, -77]
[310, 61, -28]
[306, 64, -95]
[323, 76, -53]
[320, 77, -72]
[296, 116, 25]
[297, 122, -128]
[303, 194, 33]
[302, 208, -149]
[310, 257, -1]
[317, 280, -149]
[312, 274, -4]
[320, 301, -165]
[317, 278, -17]
[324, 299, -165]
[315, 272, -8]
[323, 293, -149]
[298, 251, 47]
[301, 259, -47]
[305, 332, 80]
[307, 345, -36]
[291, 408, 127]
[290, 453, 0]
[285, 419, 130]
[278, 468, 1]
[313, 425, 117]
[327, 475, -39]
[328, 68, -69]
[323, 59, -64]
[323, 59, -64]
[322, 59, -64]
[321, 59, -78]
[319, 59, -78]
[317, 59, -78]
[310, 61, -29]
[306, 63, -98]
[324, 76, -55]
[321, 77, -73]
[298, 117, 24]
[296, 122, -130]
[304, 196, 29]
[300, 209, -150]
[311, 258, -6]
[317, 280, -150]
[313, 275, -10]
[321, 301, -166]
[318, 278, -22]
[324, 299, -165]
[316, 273, -12]
[323, 292, -150]
[299, 253, 47]
[301, 260, -47]
[307, 331, 82]
[307, 345, -33]
[292, 405, 134]
[292, 451, 5]
[286, 416, 137]
[280, 465, 7]
[313, 422, 124]
[328, 472, -32]
[328, 68, -63]
[323, 59, -57]
[323, 59, -57]
[322, 58, -57]
[322, 59, -73]
[320, 59, -73]
[318, 59, -73]
[310, 61, -23]
[307, 63, -96]
[324, 76, -48]
[322, 77, -69]
[296, 118, 29]
[296, 122, -128]
[300, 197, 37]
[300, 209, -149]
[308, 258, 2]
[317, 280, -146]
[309, 276, 0]
[321, 301, -163]
[316, 280, -12]
[325, 298, -161]
[314, 273, -3]
[323, 292, -146]
[298, 255, 49]
[301, 261, -49]
[305, 333, 88]
[307, 348, -31]
[291, 414, 148]
[293, 456, 13]
[284, 426, 153]
[281, 471, 17]
[313, 431, 138]
[328, 476, -18]
[329, 68, -64]
[324, 59, -58]
[323, 58, -58]
[322, 58, -58]
[322, 59, -74]
[321, 58, -74]
[319, 58, -74]
[310, 61, -23]
[308, 63, -98]
[325, 76, -49]
[323, 77, -70]
[298, 119, 30]
[297, 122, -131]
[301, 198, 38]
[299, 210, -151]
[309, 259, 2]
[317, 280, -148]
[310, 277, 0]
[321, 301, -165]
[317, 281, -12]
[325, 299, -164]
[316, 274, -3]
[324, 293, -148]
[299, 257, 50]
[302, 262, -50]
[304, 336, 89]
[307, 349, -31]
[291, 424, 153]
[293, 458, 20]
[284, 436, 157]
[281, 474, 24]
[315, 441, 140]
[329, 477, -13]
[329, 68, -61]
[324, 59, -55]
[323, 58, -55]
[322, 58, -55]
[323, 59, -72]
[321, 58, -72]
[319, 58, -72]
[311, 61, -22]
[308, 63, -96]
[325, 77, -47]
[323, 77, -68]
[298, 119, 29]
[297, 121, -128]
[300, 196, 38]
[299, 207, -150]
[308, 259, 7]
[317, 278, -144]
[310, 277, 5]
[321, 298, -160]
[317, 281, -6]
[326, 297, -158]
[316, 274, 1]
[324, 290, -143]
[300, 258, 49]
[302, 262, -49]
[304, 335, 87]
[306, 349, -29]
[289, 418, 149]
[293, 455, 22]
[282, 430, 153]
[280, 470, 25]
[312, 434, 137]
[330, 473, -11]
[330, 68, -63]
[325, 59, -56]
[324, 58, -56]
[323, 58, -56]
[323, 59, -73]
[322, 59, -73]
[320, 58, -73]
[311, 61, -23]
[309, 63, -97]
[326, 77, -48]
[324, 77, -69]
[298, 118, 28]
[298, 121, -129]
[296, 196, 36]
[297, 206, -150]
[307, 259, 3]
[318, 276, -143]
[309, 282, 0]
[323, 296, -159]
[312, 283, -10]
[327, 295, -157]
[315, 273, -2]
[326, 288, -142]
[300, 258, 49]
[302, 262, -49]
[303, 335, 92]
[306, 348, -23]
[289, 419, 160]
[293, 454, 32]
[281, 432, 165]
[280, 470, 36]
[313, 436, 150]
[330, 471, 1]
[330, 68, -66]
[326, 59, -59]
[325, 58, -59]
[324, 58, -59]
[324, 59, -78]
[322, 59, -78]
[320, 58, -78]
[311, 61, -26]
[309, 63, -105]
[326, 77, -50]
[324, 77, -74]
[299, 119, 26]
[297, 121, -135]
[299, 196, 34]
[296, 206, -156]
[309, 259, -1]
[319, 273, -144]
[311, 279, -5]
[324, 293, -160]
[316, 280, -16]
[329, 293, -160]
[317, 273, -7]
[327, 286, -144]
[301, 258, 50]
[302, 261, -50]
[305, 334, 97]
[305, 348, -20]
[288, 416, 168]
[292, 452, 38]
[280, 428, 173]
[279, 468, 42]
[311, 433, 157]
[330, 470, 5]
[330, 68, -67]
[326, 59, -62]
[325, 59, -62]
[324, 58, -62]
[324, 59, -80]
[322, 59, -80]
[320, 59, -80]
[312, 61, -29]
[309, 63, -105]
[327, 77, -53]
[324, 77, -75]
[300, 119, 23]
[295, 121, -134]
[301, 194, 33]
[294, 204, -154]
[310, 256, -1]
[321, 270, -144]
[313, 274, -6]
[326, 291, -159]
[318, 275, -17]
[331, 290, -157]
[318, 268, -8]
[329, 283, -143]
[302, 257, 49]
[301, 260, -49]
[306, 332, 95]
[305, 346, -19]
[290, 413, 162]
[291, 449, 35]
[282, 424, 167]
[278, 464, 39]
[312, 431, 151]
[330, 467, 1]
[330, 69, -58]
[326, 59, -52]
[325, 59, -52]
[324, 58, -52]
[324, 59, -70]
[322, 59, -70]
[320, 59, -70]
[312, 62, -18]
[309, 63, -97]
[327, 77, -43]
[324, 77, -65]
[301, 118, 36]
[294, 121, -132]
[301, 190, 44]
[293, 202, -148]
[311, 245, 5]
[323, 263, -133]
[317, 269, 1]
[329, 283, -146]
[318, 259, -9]
[333, 283, -144]
[318, 263, -1]
[331, 275, -131]
[302, 255, 50]
[302, 260, -50]
[305, 334, 94]
[305, 347, -28]
[287, 416, 150]
[291, 452, 20]
[279, 427, 154]
[277, 468, 24]
[311, 435, 137]
[330, 470, -14]
[330, 69, -44]
[326, 60, -38]
[325, 59, -38]
[324, 59, -38]
[324, 60, -56]
[322, 60, -56]
[320, 59, -56]
[312, 62, -5]
[309, 63, -82]
[326, 78, -29]
[324, 78, -52]
[299, 118, 48]
[294, 121, -119]
[299, 188, 57]
[292, 200, -138]
[311, 239, 17]
[325, 257, -124]
[314, 257, 13]
[332, 275, -138]
[319, 256, 2]
[337, 276, -135]
[318, 248, 10]
[334, 268, -122]
[301, 254, 51]
[302, 258, -51]
[305, 335, 83]
[306, 348, -35]
[285, 420, 134]
[289, 454, 6]
[276, 433, 137]
[275, 470, 8]
[312, 437, 117]
[329, 471, -29]
[330, 70, -43]
[326, 60, -37]
[325, 60, -37]
[324, 60, -37]
[324, 60, -54]
[322, 60, -54]
[320, 60, -54]
[311, 62, -4]
[309, 63, -80]
[326, 78, -29]
[324, 78, -50]
[297, 118, 47]
[295, 121, -115]
[298, 188, 55]
[292, 199, -135]
[312, 235, 13]
[330, 255, -120]
[314, 250, 9]
[339, 272, -134]
[319, 251, -1]
[343, 271, -130]
[319, 241, 6]
[340, 265, -118]
[299, 253, 50]
[302, 258, -50]
[304, 334, 83]
[306, 347, -34]
[285, 421, 137]
[288, 452, 9]
[275, 435, 140]
[273, 468, 12]
[311, 438, 121]
[327, 468, -26]
[330, 70, -44]
[326, 61, -38]
[325, 60, -38]
[324, 60, -38]
[324, 61, -55]
[322, 61, -55]
[320, 60, -55]
[311, 62, -4]
[309, 64, -82]
[326, 78, -29]
[324, 78, -51]
[297, 118, 49]
[295, 121, -117]
[297, 188, 59]
[293, 199, -138]
[312, 236, 15]
[336, 256, -129]
[315, 249, 10]
[345, 272, -143]
[322, 252, 0]
[349, 271, -140]
[320, 246, 8]
[346, 264, -126]
[299, 254, 50]
[302, 259, -50]
[304, 334, 83]
[306, 348, -34]
[284, 422, 139]
[287, 452, 11]
[274, 436, 142]
[273, 469, 14]
[310, 439, 123]
[325, 469, -24]
[330, 70, -39]
[326, 61, -34]
[325, 61, -34]
[324, 61, -34]
[324, 61, -52]
[322, 61, -52]
[320, 61, -52]
[312, 63, -2]
[309, 64, -82]
[326, 79, -25]
[324, 78, -48]
[296, 118, 51]
[294, 121, -116]
[297, 185, 75]
[291, 198, -138]
[315, 227, 42]
[338, 246, -131]
[329, 240, 39]
[348, 263, -146]
[334, 237, 26]
[354, 260, -143]
[326, 229, 35]
[350, 253, -129]
[299, 254, 49]
[302, 259, -49]
[303, 333, 80]
[306, 348, -32]
[283, 425, 137]
[287, 453, 12]
[273, 441, 140]
[273, 469, 16]
[308, 442, 119]
[322, 469, -22]
[329, 71, -36]
[326, 62, -31]
[325, 61, -31]
[324, 61, -31]
[324, 62, -48]
[322, 62, -48]
[320, 62, -48]
[311, 63, 0]
[309, 64, -78]
[325, 79, -22]
[323, 79, -45]
[295, 117, 54]
[293, 121, -113]
[296, 183, 78]
[289, 196, -132]
[321, 219, 45]
[339, 239, -118]
[337, 235, 42]
[349, 255, -132]
[342, 232, 29]
[354, 252, -129]
[332, 224, 38]
[350, 245, -116]
[298, 253, 49]
[301, 259, -49]
[303, 333, 80]
[306, 348, -32]
[284, 425, 138]
[287, 452, 16]
[274, 441, 141]
[274, 469, 19]
[309, 442, 121]
[322, 469, -17]
[328, 72, -28]
[324, 62, -22]
[323, 62, -22]
[322, 62, -22]
[323, 62, -39]
[321, 62, -39]
[319, 62, -39]
[310, 63, 8]
[308, 65, -68]
[324, 79, -14]
[322, 79, -36]
[293, 117, 62]
[293, 119, -105]
[296, 183, 82]
[289, 193, -122]
[329, 215, 49]
[340, 229, -102]
[341, 224, 46]
[350, 245, -116]
[350, 223, 33]
[356, 240, -111]
[340, 217, 41]
[352, 233, -100]
[294, 253, 49]
[299, 260, -49]
[301, 332, 82]
[305, 348, -32]
[284, 425, 139]
[287, 452, 12]
[275, 441, 142]
[274, 468, 15]
[309, 442, 122]
[322, 468, -18]
[327, 72, -28]
[323, 63, -23]
[322, 62, -23]
[321, 62, -23]
[322, 63, -40]
[320, 62, -40]
[318, 62, -40]
[309, 64, 7]
[307, 65, -69]
[323, 80, -14]
[321, 79, -37]
[293, 117, 61]
[292, 118, -105]
[297, 182, 89]
[288, 192, -121]
[337, 208, 63]
[342, 223, -98]
[346, 214, 61]
[355, 239, -111]
[356, 213, 47]
[361, 234, -107]
[347, 208, 55]
[354, 225, -95]
[293, 253, 49]
[297, 260, -49]
[301, 333, 85]
[305, 349, -32]
[283, 425, 139]
[287, 452, 12]
[274, 441, 142]
[274, 467, 16]
[309, 442, 124]
[320, 468, -18]
[326, 72, -28]
[322, 62, -22]
[321, 62, -22]
[320, 62, -22]
[321, 63, -40]
[319, 62, -40]
[318, 62, -40]
[309, 64, 8]
[306, 65, -69]
[322, 80, -14]
[320, 79, -36]
[294, 116, 63]
[290, 118, -106]
[303, 180, 84]
[288, 191, -121]
[346, 206, 48]
[346, 216, -96]
[353, 216, 43]
[356, 231, -109]
[359, 209, 30]
[363, 225, -105]
[353, 207, 40]
[358, 218, -93]
[294, 253, 49]
[296, 260, -49]
[301, 333, 85]
[304, 350, -32]
[284, 426, 139]
[286, 451, 13]
[274, 442, 143]
[273, 467, 16]
[310, 445, 124]
[317, 469, -18]
[326, 72, -29]
[322, 62, -23]
[321, 62, -23]
[320, 62, -23]
[320, 63, -40]
[319, 62, -40]
[317, 62, -40]
[308, 64, 8]
[306, 65, -69]
[322, 80, -14]
[320, 79, -37]
[294, 116, 62]
[288, 118, -105]
[310, 179, 85]
[289, 191, -115]
[356, 201, 49]
[347, 208, -82]
[366, 209, 44]
[358, 220, -93]
[368, 205, 30]
[365, 214, -91]
[365, 201, 41]
[360, 208, -79]
[294, 253, 49]
[295, 261, -49]
[301, 333, 86]
[304, 351, -30]
[284, 427, 143]
[285, 451, 17]
[274, 442, 147]
[273, 466, 21]
[310, 445, 128]
[315, 469, -12]
[326, 72, -21]
[321, 62, -16]
[320, 62, -16]
[319, 62, -16]
[320, 62, -33]
[319, 62, -33]
[317, 62, -33]
[307, 63, 13]
[306, 65, -62]
[321, 79, -8]
[319, 79, -30]
[294, 116, 66]
[288, 118, -99]
[308, 179, 89]
[289, 191, -99]
[354, 191, 58]
[348, 193, -46]
[364, 198, 52]
[362, 202, -53]
[367, 192, 40]
[365, 197, -51]
[362, 190, 50]
[360, 192, -43]
[295, 253, 49]
[295, 262, -49]
[301, 335, 87]
[304, 352, -28]
[284, 429, 144]
[283, 450, 21]
[275, 444, 147]
[270, 464, 25]
[310, 447, 130]
[310, 469, -4]
[325, 72, -17]
[321, 62, -11]
[320, 62, -12]
[318, 62, -12]
[320, 62, -28]
[318, 62, -28]
[316, 62, -28]
[307, 64, 16]
[305, 65, -56]
[320, 80, -4]
[319, 79, -25]
[294, 116, 67]
[287, 118, -90]
[308, 179, 88]
[289, 191, -84]
[353, 182, 54]
[350, 181, -28]
[364, 188, 47]
[364, 189, -34]
[366, 183, 36]
[365, 182, -32]
[360, 180, 46]
[359, 178, -25]
[295, 253, 48]
[295, 262, -48]
[301, 335, 87]
[304, 352, -25]
[284, 427, 144]
[284, 447, 22]
[275, 442, 147]
[270, 460, 26]
[310, 444, 129]
[311, 468, -2]
[325, 72, -10]
[320, 62, -4]
[319, 62, -5]
[318, 62, -5]
[319, 62, -20]
[318, 62, -20]
[316, 62, -20]
[306, 64, 24]
[305, 65, -45]
[320, 80, 2]
[319, 79, -17]
[294, 116, 73]
[287, 118, -77]
[309, 179, 88]
[292, 191, -61]
[354, 170, 24]
[349, 170, 17]
[367, 173, 14]
[363, 173, 17]
[368, 169, 7]
[363, 166, 16]
[361, 167, 18]
[358, 164, 19]
[295, 253, 47]
[296, 261, -47]
[302, 335, 82]
[304, 351, -24]
[284, 425, 135]
[284, 443, 22]
[275, 440, 138]
[271, 456, 26]
[311, 442, 119]
[312, 464, -1]
[323, 72, -10]
[319, 62, -5]
[318, 62, -5]
[317, 62, -5]
[318, 62, -21]
[317, 62, -21]
[315, 62, -21]
[306, 64, 25]
[304, 65, -44]
[319, 80, 2]
[318, 80, -17]
[294, 116, 76]
[287, 118, -77]
[313, 176, 83]
[296, 191, -58]
[359, 160, 9]
[348, 158, 25]
[374, 163, 0]
[361, 158, 26]
[373, 159, -5]
[360, 152, 24]
[366, 158, 4]
[356, 152, 27]
[295, 253, 46]
[296, 261, -46]
[302, 335, 77]
[305, 350, -25]
[285, 425, 127]
[284, 441, 19]
[275, 440, 130]
[272, 455, 23]
[311, 442, 110]
[313, 462, -4]
[322, 72, -11]
[318, 62, -6]
[318, 62, -6]
[316, 62, -6]
[317, 62, -21]
[316, 62, -21]
[314, 62, -21]
[306, 64, 23]
[303, 65, -45]
[318, 80, 2]
[317, 80, -17]
[294, 115, 75]
[287, 118, -75]
[326, 176, 85]
[297, 190, -59]
[369, 156, 31]
[348, 154, 15]
[385, 159, 20]
[360, 152, 14]
[387, 156, 17]
[358, 146, 13]
[379, 155, 26]
[355, 147, 17]
[295, 253, 46]
[296, 261, -45]
[302, 335, 77]
[305, 349, -25]
[284, 424, 129]
[284, 439, 19]
[275, 439, 132]
[271, 452, 23]
[309, 441, 113]
[310, 460, -5]
[322, 72, -15]
[318, 62, -9]
[317, 62, -9]
[316, 61, -10]
[317, 62, -25]
[316, 62, -25]
[314, 62, -25]
[306, 64, 20]
[303, 65, -47]
[318, 80, -1]
[317, 79, -21]
[294, 115, 72]
[287, 118, -76]
[338, 174, 80]
[300, 190, -58]
[377, 151, 19]
[348, 148, 21]
[392, 154, 9]
[360, 143, 21]
[397, 153, 4]
[355, 138, 19]
[383, 150, 13]
[352, 140, 23]
[295, 253, 45]
[296, 261, -45]
[302, 334, 79]
[305, 347, -20]
[284, 418, 134]
[284, 435, 26]
[275, 433, 137]
[271, 449, 30]
[309, 433, 120]
[311, 456, 2]
[322, 71, -16]
[318, 62, -10]
[317, 62, -10]
[316, 61, -10]
[317, 62, -26]
[315, 62, -26]
[314, 62, -26]
[306, 63, 19]
[303, 65, -51]
[318, 79, -2]
[317, 79, -22]
[294, 113, 70]
[287, 118, -82]
[339, 169, 68]
[302, 188, -65]
[374, 145, -5]
[347, 143, 18]
[392, 148, -17]
[359, 138, 17]
[391, 146, -22]
[354, 134, 14]
[380, 144, -11]
[351, 135, 20]
[296, 253, 45]
[296, 261, -45]
[303, 333, 88]
[305, 346, -16]
[285, 415, 148]
[284, 433, 35]
[275, 430, 152]
[272, 447, 39]
[312, 430, 136]
[311, 453, 12]
[322, 71, -25]
[318, 61, -20]
[317, 61, -20]
[316, 61, -20]
[317, 62, -36]
[315, 62, -36]
[314, 62, -36]
[306, 63, 8]
[303, 65, -62]
[318, 79, -11]
[317, 79, -32]
[293, 113, 61]
[288, 118, -91]
[331, 166, 70]
[308, 187, -71]
[369, 141, 0]
[347, 140, 12]
[384, 141, -9]
[359, 133, 11]
[387, 136, -7]
[353, 129, 8]
[377, 144, -1]
[350, 131, 13]
[296, 253, 45]
[297, 261, -45]
[303, 332, 98]
[306, 345, -6]
[285, 412, 164]
[284, 430, 52]
[275, 426, 168]
[272, 444, 57]
[312, 426, 154]
[311, 450, 32]
[322, 71, -29]
[318, 61, -25]
[317, 61, -25]
[316, 61, -25]
[317, 62, -41]
[315, 62, -41]
[313, 62, -41]
[306, 63, 3]
[303, 65, -69]
[318, 79, -16]
[316, 79, -37]
[292, 112, 59]
[288, 118, -100]
[328, 160, 104]
[309, 184, -82]
[366, 147, 94]
[346, 138, -3]
[376, 133, 93]
[358, 129, -5]
[384, 140, 83]
[351, 125, -7]
[375, 143, 88]
[348, 127, -1]
[296, 253, 45]
[298, 261, -45]
[303, 331, 106]
[306, 345, -3]
[285, 409, 176]
[285, 429, 59]
[276, 424, 181]
[273, 442, 65]
[313, 423, 167]
[311, 449, 39]
[322, 70, -29]
[318, 61, -25]
[318, 60, -25]
[317, 60, -25]
[317, 61, -42]
[315, 61, -42]
[314, 61, -42]
[306, 63, 2]
[303, 65, -72]
[318, 79, -17]
[317, 79, -38]
[292, 111, 57]
[289, 118, -103]
[314, 162, 116]
[312, 183, -88]
[347, 136, 125]
[345, 133, -7]
[361, 126, 127]
[357, 124, -10]
[357, 122, 118]
[350, 120, -12]
[353, 131, 120]
[346, 123, -5]
[296, 253, 46]
[299, 261, -45]
[303, 331, 109]
[306, 344, 2]
[287, 409, 182]
[285, 428, 67]
[277, 424, 187]
[274, 441, 74]
[314, 422, 174]
[313, 447, 49]
[322, 70, -30]
[319, 61, -25]
[318, 60, -25]
[317, 60, -25]
[317, 61, -42]
[315, 61, -42]
[314, 61, -42]
[306, 63, 2]
[303, 65, -72]
[318, 79, -17]
[317, 79, -38]
[292, 110, 57]
[291, 117, -103]
[309, 163, 109]
[314, 183, -88]
[336, 141, 106]
[342, 131, 2]
[344, 135, 105]
[352, 120, 0]
[345, 129, 96]
[344, 115, -2]
[342, 133, 100]
[341, 119, 3]
[296, 253, 46]
[300, 261, -46]
[303, 330, 112]
[306, 344, 3]
[288, 408, 182]
[286, 427, 67]
[278, 424, 187]
[275, 440, 74]
[317, 420, 175]
[314, 446, 51]
[322, 70, -36]
[319, 61, -32]
[318, 60, -32]
[318, 60, -32]
[317, 61, -48]
[315, 61, -48]
[314, 61, -48]
[308, 63, -2]
[303, 65, -73]
[318, 78, -23]
[317, 79, -43]
[292, 109, 50]
[292, 117, -102]
[305, 164, 101]
[314, 182, -89]
[333, 178, 89]
[340, 128, -9]
[341, 182, 88]
[350, 118, -12]
[342, 176, 77]
[342, 114, -17]
[338, 176, 83]
[338, 117, -9]
[296, 252, 46]
[301, 261, -46]
[303, 330, 107]
[307, 344, -1]
[289, 408, 172]
[286, 428, 58]
[279, 423, 177]
[275, 441, 64]
[319, 419, 163]
[317, 446, 38]
[323, 70, -35]
[319, 61, -30]
[319, 60, -30]
[319, 60, -30]
[317, 61, -46]
[316, 61, -46]
[314, 61, -46]
[310, 63, 0]
[304, 65, -71]
[319, 78, -22]
[317, 79, -42]
[292, 110, 52]
[294, 117, -101]
[306, 164, 100]
[316, 183, -87]
[335, 173, 91]
[339, 126, -4]
[343, 173, 90]
[350, 114, -6]
[345, 163, 81]
[342, 110, -10]
[341, 163, 86]
[337, 114, -3]
[296, 252, 46]
[302, 261, -46]
[303, 329, 104]
[307, 343, -1]
[290, 407, 168]
[286, 427, 55]
[280, 423, 173]
[275, 440, 61]
[321, 417, 159]
[318, 444, 36]
[323, 70, -41]
[320, 61, -35]
[320, 61, -35]
[320, 60, -35]
[318, 62, -52]
[317, 62, -52]
[315, 62, -52]
[311, 63, -3]
[305, 65, -76]
[320, 78, -27]
[318, 79, -48]
[293, 109, 46]
[295, 117, -103]
[303, 173, 74]
[317, 182, -89]
[324, 214, 39]
[337, 126, -14]
[332, 223, 33]
[347, 114, -18]
[333, 219, 22]
[339, 110, -23]
[329, 215, 32]
[335, 113, -14]
[296, 252, 46]
[302, 260, -46]
[303, 328, 104]
[307, 343, -2]
[290, 408, 169]
[286, 428, 56]
[280, 423, 173]
[275, 441, 62]
[321, 419, 159]
[321, 445, 34]
[325, 71, -38]
[322, 62, -32]
[322, 61, -32]
[322, 61, -32]
[320, 62, -49]
[319, 62, -49]
[317, 62, -49]
[312, 63, -1]
[306, 65, -74]
[321, 78, -24]
[319, 80, -45]
[294, 109, 49]
[296, 117, -103]
[304, 167, 107]
[317, 180, -88]
[330, 190, 113]
[335, 123, -9]
[339, 193, 115]
[344, 113, -11]
[340, 185, 105]
[337, 109, -16]
[336, 184, 108]
[332, 112, -8]
[296, 251, 47]
[302, 260, -46]
[304, 327, 106]
[307, 343, -3]
[290, 406, 170]
[287, 427, 54]
[280, 422, 174]
[275, 440, 60]
[322, 417, 162]
[322, 444, 34]
[325, 72, -36]
[323, 63, -31]
[323, 62, -31]
[323, 62, -31]
[321, 63, -47]
[320, 63, -47]
[318, 63, -47]
[313, 64, 0]
[307, 66, -74]
[321, 79, -22]
[319, 80, -43]
[294, 109, 51]
[297, 117, -101]
[306, 162, 112]
[317, 179, -86]
[332, 149, 129]
[332, 124, -3]
[338, 145, 132]
[339, 114, -4]
[339, 139, 124]
[332, 109, -8]
[336, 141, 124]
[329, 112, -2]
[296, 250, 47]
[303, 260, -46]
[304, 325, 105]
[308, 342, -3]
[291, 404, 165]
[287, 425, 50]
[281, 420, 169]
[275, 438, 55]
[322, 414, 161]
[321, 441, 33]
[326, 73, -43]
[324, 63, -37]
[324, 63, -37]
[323, 62, -37]
[322, 63, -52]
[320, 63, -52]
[318, 63, -52]
[315, 64, -5]
[308, 66, -75]
[322, 80, -29]
[320, 81, -48]
[295, 109, 40]
[298, 117, -101]
[306, 171, 67]
[318, 175, -86]
[326, 207, 34]
[331, 121, -3]
[333, 216, 28]
[338, 110, -4]
[334, 211, 18]
[332, 105, -11]
[331, 208, 27]
[328, 110, -4]
[297, 250, 45]
[303, 260, -45]
[304, 324, 105]
[308, 340, 1]
[293, 401, 168]
[287, 422, 61]
[283, 416, 173]
[275, 435, 67]
[324, 411, 161]
[322, 438, 42]
[328, 73, -34]
[326, 64, -30]
[325, 63, -30]
[325, 63, -30]
[324, 64, -46]
[322, 64, -46]
[320, 64, -46]
[315, 64, -4]
[309, 66, -74]
[324, 80, -22]
[321, 81, -43]
[296, 109, 44]
[299, 117, -101]
[306, 169, 97]
[318, 173, -82]
[328, 207, 101]
[331, 121, 6]
[335, 210, 101]
[339, 111, 5]
[335, 204, 91]
[333, 105, 0]
[332, 199, 95]
[329, 110, 6]
[297, 249, 45]
[303, 259, -45]
[305, 324, 105]
[309, 340, 1]
[293, 401, 169]
[287, 421, 59]
[283, 416, 173]
[275, 435, 64]
[325, 411, 162]
[322, 438, 41]
[329, 73, -34]
[327, 64, -30]
[326, 63, -30]
[326, 63, -30]
[325, 64, -46]
[323, 64, -46]
[322, 64, -46]
[316, 64, -3]
[310, 66, -74]
[325, 80, -22]
[323, 81, -43]
[296, 109, 44]
[299, 117, -101]
[307, 168, 96]
[318, 172, -83]
[328, 193, 91]
[330, 121, 5]
[334, 197, 89]
[339, 110, 3]
[335, 191, 80]
[333, 104, -2]
[332, 189, 85]
[329, 108, 4]
[297, 249, 45]
[303, 259, -45]
[305, 324, 106]
[309, 340, 2]
[294, 400, 171]
[288, 421, 60]
[284, 415, 176]
[275, 435, 66]
[326, 410, 165]
[322, 437, 43]
[330, 73, -32]
[327, 64, -28]
[327, 64, -28]
[326, 63, -28]
[325, 64, -44]
[324, 64, -44]
[322, 64, -44]
[317, 65, -2]
[310, 67, -74]
[326, 81, -20]
[323, 81, -41]
[296, 109, 46]
[300, 117, -101]
[305, 168, 109]
[317, 171, -83]
[328, 184, 124]
[329, 120, 2]
[334, 187, 126]
[337, 108, 0]
[335, 180, 115]
[331, 103, -4]
[332, 179, 118]
[327, 108, 2]
[297, 249, 45]
[304, 259, -45]
[306, 323, 106]
[309, 340, 1]
[295, 399, 171]
[288, 420, 59]
[285, 415, 175]
[275, 434, 65]
[327, 410, 165]
[323, 437, 42]
[330, 74, -33]
[327, 64, -29]
[327, 64, -29]
[326, 64, -29]
[325, 64, -45]
[324, 64, -45]
[322, 64, -45]
[317, 65, -2]
[310, 67, -74]
[326, 81, -21]
[323, 81, -42]
[297, 109, 45]
[300, 117, -101]
[306, 168, 89]
[317, 170, -88]
[325, 203, 74]
[329, 118, -15]
[332, 211, 72]
[337, 107, -19]
[332, 206, 61]
[331, 102, -23]
[329, 203, 68]
[328, 106, -15]
[298, 248, 45]
[304, 258, -45]
[306, 323, 106]
[309, 340, 1]
[295, 400, 170]
[288, 420, 59]
[285, 415, 175]
[275, 434, 65]
[327, 410, 163]
[323, 437, 40]
[330, 74, -44]
[327, 65, -38]
[327, 64, -38]
[326, 64, -38]
[325, 65, -53]
[324, 64, -53]
[322, 64, -53]
[316, 65, -4]
[310, 67, -74]
[326, 81, -29]
[323, 82, -49]
[297, 109, 42]
[299, 116, -101]
[304, 173, 66]
[317, 169, -105]
[320, 231, 30]
[329, 115, -58]
[327, 244, 25]
[338, 105, -65]
[328, 242, 15]
[332, 100, -67]
[324, 237, 24]
[328, 104, -57]
[298, 247, 45]
[304, 258, -45]
[306, 323, 104]
[309, 339, 0]
[296, 400, 170]
[288, 420, 59]
[286, 415, 175]
[275, 434, 64]
[327, 410, 163]
[323, 436, 39]
[329, 74, -43]
[327, 65, -37]
[326, 65, -37]
[326, 64, -37]
[325, 65, -53]
[323, 65, -53]
[321, 65, -53]
[316, 65, -4]
[310, 67, -75]
[325, 81, -28]
[323, 82, -49]
[297, 109, 43]
[299, 116, -104]
[303, 179, 63]
[317, 170, -106]
[316, 243, 20]
[329, 114, -51]
[323, 257, 13]
[339, 103, -58]
[323, 256, 4]
[333, 98, -60]
[319, 251, 13]
[328, 102, -50]
[298, 247, 45]
[304, 257, -45]
[306, 323, 104]
[309, 339, -2]
[296, 400, 172]
[288, 420, 59]
[286, 416, 177]
[274, 434, 65]
[328, 410, 162]
[322, 436, 38]
[329, 74, -39]
[327, 65, -33]
[326, 64, -33]
[326, 64, -33]
[325, 65, -50]
[323, 65, -50]
[321, 64, -50]
[316, 65, -2]
[310, 67, -75]
[325, 81, -26]
[323, 82, -47]
[296, 109, 43]
[299, 116, -104]
[301, 178, 63]
[317, 170, -101]
[317, 231, 20]
[330, 114, -35]
[324, 243, 12]
[341, 104, -40]
[325, 239, 2]
[335, 100, -43]
[321, 235, 13]
[329, 103, -35]
[298, 248, 45]
[304, 257, -45]
[306, 323, 104]
[309, 340, -2]
[295, 402, 172]
[287, 421, 59]
[286, 418, 176]
[274, 436, 65]
[328, 412, 161]
[322, 437, 38]
[329, 74, -24]
[326, 64, -19]
[326, 64, -19]
[325, 64, -19]
[324, 64, -36]
[323, 64, -36]
[321, 64, -36]
[315, 65, 5]
[310, 67, -70]
[325, 81, -12]
[323, 82, -34]
[296, 109, 54]
[299, 116, -102]
[302, 178, 109]
[317, 172, -87]
[319, 202, 112]
[332, 115, -2]
[327, 207, 112]
[344, 105, -4]
[328, 199, 101]
[339, 101, -9]
[324, 198, 106]
[334, 104, -2]
[298, 248, 46]
[304, 257, -45]
[306, 323, 102]
[309, 340, -3]
[295, 406, 166]
[287, 423, 54]
[286, 422, 171]
[274, 438, 60]
[327, 417, 158]
[322, 439, 35]
[328, 74, -19]
[325, 64, -15]
[324, 64, -15]
[323, 64, -15]
[324, 64, -32]
[322, 64, -32]
[321, 64, -32]
[312, 65, 9]
[310, 67, -67]
[324, 81, -7]
[322, 82, -30]
[293, 109, 62]
[299, 116, -99]
[302, 168, 126]
[317, 175, -78]
[328, 135, 151]
[334, 116, 20]
[335, 127, 155]
[345, 106, 21]
[336, 120, 148]
[341, 101, 18]
[334, 124, 147]
[336, 105, 22]
[297, 248, 46]
[304, 258, -46]
[306, 324, 101]
[309, 341, -4]
[294, 407, 163]
[287, 424, 49]
[285, 423, 167]
[274, 438, 54]
[324, 419, 158]
[320, 442, 33]
[328, 73, -17]
[324, 64, -13]
[323, 63, -13]
[322, 63, -13]
[323, 64, -30]
[322, 64, -30]
[320, 64, -30]
[311, 64, 12]
[310, 66, -66]
[322, 81, -5]
[321, 82, -27]
[293, 109, 65]
[296, 116, -98]
[304, 157, 137]
[317, 176, -78]
[336, 122, 169]
[337, 117, 15]
[344, 114, 174]
[349, 108, 16]
[340, 103, 166]
[345, 104, 13]
[342, 112, 165]
[340, 106, 17]
[297, 249, 46]
[303, 258, -46]
[306, 325, 95]
[308, 341, -6]
[293, 410, 153]
[287, 426, 42]
[284, 426, 157]
[274, 440, 48]
[321, 422, 148]
[319, 443, 27]
[327, 73, -18]
[323, 64, -13]
[322, 63, -13]
[321, 63, -13]
[322, 64, -31]
[321, 64, -31]
[319, 64, -31]
[309, 64, 12]
[309, 66, -66]
[321, 81, -6]
[320, 81, -28]
[293, 109, 64]
[294, 117, -98]
[307, 142, 145]
[316, 176, -98]
[344, 109, 186]
[338, 118, -33]
[352, 100, 194]
[350, 109, -35]
[352, 95, 185]
[344, 106, -37]
[350, 100, 182]
[340, 108, -31]
[297, 249, 46]
[302, 259, -46]
[306, 326, 90]
[308, 342, -10]
[292, 411, 145]
[287, 426, 34]
[282, 426, 149]
[275, 440, 39]
[318, 423, 137]
[318, 444, 16]
[325, 72, -19]
[321, 63, -14]
[320, 63, -14]
[319, 63, -14]
[320, 64, -32]
[319, 64, -32]
[318, 64, -32]
[308, 64, 11]
[308, 66, -66]
[319, 80, -6]
[318, 81, -29]
[292, 109, 63]
[292, 117, -98]
[308, 143, 143]
[315, 176, -92]
[344, 108, 184]
[341, 119, -8]
[353, 98, 191]
[353, 112, -8]
[349, 100, 182]
[348, 108, -10]
[346, 103, 180]
[343, 110, -6]
[297, 249, 46]
[302, 259, -46]
[306, 327, 91]
[308, 342, -9]
[290, 411, 147]
[287, 427, 38]
[281, 426, 151]
[275, 441, 43]
[315, 424, 140]
[318, 444, 20]
[322, 72, -19]
[319, 63, -14]
[318, 63, -14]
[317, 62, -15]
[318, 63, -32]
[317, 63, -32]
[315, 63, -32]
[307, 64, 11]
[306, 66, -66]
[317, 80, -7]
[315, 81, -29]
[291, 109, 64]
[290, 117, -98]
[308, 139, 147]
[313, 176, -95]
[346, 107, 191]
[343, 121, -20]
[352, 103, 199]
[355, 115, -21]
[349, 102, 190]
[349, 110, -22]
[346, 104, 187]
[345, 112, -18]
[297, 250, 46]
[301, 260, -46]
[306, 328, 89]
[308, 343, -10]
[290, 411, 144]
[288, 428, 35]
[280, 426, 148]
[276, 441, 40]
[314, 425, 136]
[318, 445, 17]
[321, 72, -20]
[318, 63, -16]
[317, 63, -16]
[316, 62, -16]
[316, 63, -33]
[315, 63, -33]
[314, 63, -33]
[306, 64, 10]
[304, 66, -66]
[316, 80, -8]
[314, 81, -30]
[290, 109, 63]
[289, 118, -98]
[308, 143, 139]
[312, 178, -92]
[344, 120, 172]
[343, 125, -10]
[352, 112, 178]
[355, 118, -10]
[352, 107, 169]
[350, 114, -12]
[349, 111, 167]
[345, 117, -8]
[297, 251, 46]
[301, 261, -46]
[305, 328, 91]
[308, 343, -9]
[289, 411, 149]
[288, 428, 38]
[280, 426, 153]
[276, 441, 43]
[313, 424, 141]
[317, 445, 20]
[320, 72, -20]
[317, 63, -15]
[316, 63, -15]
[315, 62, -15]
[316, 63, -32]
[314, 63, -32]
[313, 63, -32]
[305, 64, 11]
[304, 66, -64]
[315, 80, -7]
[314, 80, -29]
[290, 110, 63]
[288, 118, -96]
[309, 152, 121]
[311, 181, -82]
[343, 126, 132]
[344, 129, 8]
[353, 118, 133]
[356, 122, 9]
[351, 115, 127]
[351, 118, 7]
[348, 116, 128]
[346, 121, 10]
[297, 252, 46]
[300, 262, -46]
[305, 329, 88]
[308, 343, -9]
[288, 413, 145]
[288, 428, 39]
[278, 428, 148]
[276, 441, 44]
[312, 427, 136]
[316, 446, 22]
[320, 72, -19]
[316, 63, -14]
[315, 63, -15]
[314, 62, -15]
[315, 63, -31]
[314, 63, -31]
[313, 63, -31]
[304, 64, 14]
[303, 66, -59]
[315, 80, -6]
[314, 80, -27]
[290, 111, 65]
[286, 118, -91]
[309, 164, 65]
[309, 185, -72]
[344, 130, 3]
[344, 134, 21]
[357, 123, -5]
[358, 127, 24]
[355, 120, -8]
[353, 122, 21]
[349, 122, 0]
[348, 124, 24]
[297, 253, 46]
[300, 261, -46]
[305, 330, 82]
[307, 343, -17]
[287, 417, 132]
[287, 431, 24]
[277, 432, 135]
[274, 444, 28]
[311, 432, 121]
[314, 450, 5]
[319, 72, -22]
[315, 63, -17]
[314, 63, -17]
[313, 62, -17]
[314, 63, -33]
[313, 63, -33]
[312, 63, -33]
[303, 64, 13]
[303, 66, -61]
[314, 80, -7]
[313, 80, -28]
[290, 112, 64]
[285, 118, -92]
[309, 167, 62]
[306, 188, -76]
[345, 133, 1]
[344, 138, 13]
[360, 126, -8]
[358, 132, 15]
[356, 123, -11]
[352, 128, 12]
[349, 125, -3]
[347, 129, 16]
[297, 253, 46]
[299, 261, -46]
[305, 331, 85]
[307, 343, -18]
[286, 418, 138]
[287, 433, 25]
[276, 432, 141]
[274, 447, 30]
[311, 433, 127]
[314, 451, 5]
[318, 72, -25]
[314, 63, -19]
[313, 63, -19]
[313, 62, -19]
[313, 63, -36]
[312, 63, -36]
[311, 63, -36]
[303, 64, 12]
[302, 66, -61]
[313, 80, -10]
[312, 80, -31]
[290, 113, 64]
[284, 118, -93]
[309, 172, 47]
[304, 191, -74]
[346, 133, -36]
[344, 141, 18]
[361, 127, -48]
[357, 135, 20]
[356, 123, -50]
[352, 131, 18]
[351, 125, -41]
[347, 132, 21]
[297, 253, 47]
[298, 261, -47]
[305, 331, 85]
[307, 343, -21]
[285, 418, 136]
[287, 434, 21]
[276, 433, 138]
[273, 449, 25]
[310, 434, 123]
[314, 453, 0]
[318, 72, -25]
[314, 63, -20]
[313, 63, -20]
[312, 62, -20]
[313, 63, -36]
[312, 63, -36]
[311, 63, -36]
[302, 64, 8]
[302, 66, -62]
[313, 80, -11]
[312, 80, -31]
[290, 114, 59]
[284, 119, -89]
[310, 171, 72]
[301, 191, -73]
[353, 136, 41]
[343, 145, 12]
[368, 134, 37]
[357, 140, 11]
[364, 130, 31]
[352, 135, 15]
[359, 130, 36]
[346, 137, 16]
[297, 253, 46]
[297, 260, -46]
[305, 329, 98]
[307, 344, -18]
[309, 379, 161]
[287, 434, 27]
[302, 391, 166]
[275, 448, 31]
[334, 392, 159]
[316, 455, 5]
[317, 72, -18]
[313, 63, -13]
[312, 63, -13]
[311, 62, -13]
[313, 63, -28]
[312, 63, -28]
[311, 63, -28]
[302, 64, 12]
[301, 66, -52]
[313, 80, -6]
[312, 80, -24]
[290, 115, 60]
[283, 119, -80]
[311, 170, 77]
[299, 191, -63]
[354, 140, 45]
[344, 147, 10]
[369, 139, 40]
[358, 143, 9]
[368, 135, 33]
[352, 131, 10]
[361, 135, 40]
[346, 139, 12]
[297, 251, 45]
[297, 258, -45]
[325, 286, 95]
[306, 344, -23]
[374, 306, 140]
[288, 438, 16]
[378, 317, 142]
[276, 452, 20]
[406, 294, 138]
[320, 460, -4]
[317, 72, -18]
[313, 63, -13]
[312, 63, -13]
[311, 62, -14]
[313, 63, -29]
[312, 63, -29]
[310, 63, -29]
[301, 64, 9]
[301, 66, -55]
[313, 80, -7]
[312, 80, -25]
[289, 115, 57]
[283, 119, -84]
[310, 171, 76]
[299, 190, -68]
[355, 146, 50]
[346, 151, 6]
[370, 147, 46]
[362, 150, 4]
[369, 142, 39]
[356, 143, 7]
[363, 142, 45]
[349, 145, 9]
[297, 250, 45]
[297, 258, -45]
[316, 304, 98]
[306, 344, -22]
[336, 354, 156]
[289, 438, 21]
[332, 367, 160]
[278, 452, 26]
[365, 359, 155]
[323, 460, 1]
[318, 72, -13]
[313, 63, -8]
[312, 63, -8]
[311, 62, -8]
[313, 63, -24]
[312, 63, -24]
[310, 63, -24]
[301, 64, 21]
[301, 66, -49]
[313, 80, 0]
[312, 80, -20]
[289, 115, 70]
[283, 119, -80]
[310, 172, 80]
[298, 190, -65]
[356, 150, 38]
[348, 156, 15]
[370, 151, 30]
[363, 154, 15]
[370, 146, 24]
[357, 148, 15]
[363, 146, 32]
[350, 148, 17]
[297, 250, 46]
[297, 258, -46]
[310, 323, 84]
[306, 344, -24]
[296, 414, 134]
[289, 439, 17]
[288, 429, 137]
[278, 453, 21]
[324, 431, 120]
[322, 460, -5]
[318, 72, -13]
[313, 63, -7]
[312, 63, -7]
[311, 62, -7]
[313, 63, -23]
[312, 63, -23]
[311, 63, -23]
[301, 64, 23]
[300, 66, -48]
[313, 80, 0]
[312, 80, -20]
[289, 115, 73]
[283, 119, -79]
[309, 174, 73]
[297, 190, -66]
[355, 153, 13]
[349, 159, 12]
[369, 154, 4]
[365, 159, 13]
[369, 149, 0]
[360, 152, 12]
[363, 150, 8]
[353, 152, 14]
[297, 250, 46]
[297, 258, -46]
[307, 330, 81]
[306, 345, -26]
[287, 421, 131]
[289, 439, 16]
[278, 435, 134]
[276, 453, 20]
[314, 437, 116]
[320, 459, -8]
[318, 72, -11]
[313, 63, -6]
[312, 63, -6]
[311, 62, -6]
[313, 63, -22]
[312, 63, -22]
[311, 63, -22]
[300, 64, 23]
[300, 65, -47]
[313, 80, 1]
[312, 80, -19]
[290, 115, 71]
[283, 119, -78]
[310, 173, 77]
[296, 190, -68]
[355, 159, 34]
[351, 165, -5]
[369, 160, 27]
[366, 169, -8]
[371, 156, 21]
[362, 162, -8]
[368, 157, 28]
[355, 160, -3]
[297, 250, 46]
[297, 257, -46]
[305, 332, 78]
[305, 346, -26]
[287, 420, 130]
[288, 439, 17]
[278, 434, 133]
[276, 453, 20]
[313, 438, 115]
[318, 459, -8]
[318, 72, -13]
[313, 63, -7]
[312, 63, -7]
[311, 62, -7]
[313, 63, -23]
[312, 63, -23]
[310, 63, -23]
[300, 64, 21]
[299, 65, -49]
[313, 80, 0]
[312, 80, -20]
[290, 115, 71]
[283, 119, -80]
[310, 173, 85]
[292, 190, -76]
[355, 162, 47]
[350, 173, -19]
[367, 164, 39]
[366, 178, -24]
[369, 160, 28]
[364, 172, -24]
[366, 161, 40]
[357, 169, -17]
[297, 250, 46]
[297, 256, -46]
[304, 333, 79]
[305, 346, -27]
[287, 421, 132]
[287, 438, 16]
[278, 434, 135]
[274, 452, 20]
[311, 438, 117]
[314, 458, -8]
[318, 72, -11]
[313, 63, -5]
[312, 62, -5]
[311, 62, -5]
[313, 63, -22]
[312, 63, -22]
[310, 63, -22]
[300, 64, 24]
[299, 65, -50]
[313, 80, 2]
[312, 80, -19]
[290, 115, 75]
[283, 119, -86]
[309, 173, 99]
[293, 188, -92]
[354, 172, 72]
[353, 180, -49]
[366, 176, 67]
[369, 187, -57]
[369, 177, 55]
[369, 181, -55]
[364, 177, 64]
[362, 177, -46]
[297, 249, 47]
[297, 255, -46]
[304, 332, 76]
[304, 346, -33]
[286, 425, 126]
[285, 438, 7]
[277, 439, 128]
[272, 452, 11]
[310, 443, 109]
[310, 458, -18]
[318, 72, -10]
[314, 63, -4]
[313, 63, -4]
[311, 62, -4]
[313, 63, -21]
[312, 63, -21]
[310, 63, -21]
[300, 64, 25]
[299, 65, -51]
[313, 80, 3]
[312, 80, -18]
[290, 115, 77]
[283, 118, -88]
[307, 174, 102]
[292, 185, -97]
[351, 181, 74]
[353, 184, -55]
[363, 186, 70]
[368, 193, -63]
[368, 181, 58]
[368, 187, -60]
[364, 186, 67]
[363, 182, -52]
[297, 249, 47]
[297, 255, -47]
[303, 332, 75]
[304, 345, -36]
[286, 426, 124]
[284, 438, 4]
[277, 440, 127]
[271, 452, 8]
[309, 444, 107]
[307, 458, -21]
[318, 72, -12]
[314, 63, -6]
[313, 62, -6]
[311, 62, -6]
[313, 63, -24]
[312, 63, -24]
[310, 63, -24]
[300, 64, 24]
[299, 65, -54]
[313, 80, 1]
[312, 80, -21]
[290, 115, 75]
[283, 118, -94]
[305, 176, 100]
[291, 185, -102]
[347, 191, 64]
[353, 189, -57]
[359, 196, 60]
[367, 199, -65]
[364, 191, 45]
[369, 194, -62]
[361, 189, 55]
[363, 189, -54]
[297, 249, 48]
[297, 255, -47]
[303, 332, 77]
[304, 345, -34]
[286, 425, 128]
[283, 438, 9]
[277, 439, 131]
[270, 452, 13]
[309, 443, 112]
[307, 457, -16]
[318, 72, -19]
[314, 63, -13]
[313, 62, -13]
[311, 62, -13]
[313, 63, -31]
[311, 63, -31]
[310, 63, -31]
[300, 64, 17]
[299, 65, -60]
[313, 80, -5]
[312, 80, -28]
[291, 115, 70]
[283, 118, -100]
[304, 177, 86]
[292, 185, -106]
[344, 197, 45]
[353, 196, -59]
[353, 205, 39]
[367, 206, -67]
[362, 206, 27]
[369, 202, -65]
[354, 195, 37]
[364, 197, -56]
[297, 249, 48]
[297, 255, -48]
[303, 332, 79]
[304, 345, -32]
[287, 424, 134]
[284, 438, 13]
[278, 438, 137]
[270, 452, 18]
[311, 442, 117]
[308, 457, -15]
[318, 72, -23]
[314, 62, -17]
[313, 62, -17]
[311, 62, -17]
[313, 63, -35]
[312, 63, -35]
[310, 63, -35]
[300, 64, 13]
[299, 65, -65]
[314, 80, -9]
[313, 80, -32]
[290, 115, 67]
[283, 118, -104]
[302, 178, 81]
[292, 185, -112]
[335, 205, 42]
[354, 202, -72]
[350, 219, 36]
[367, 213, -81]
[356, 215, 24]
[370, 209, -78]
[351, 212, 34]
[364, 203, -69]
[297, 249, 48]
[297, 255, -48]
[303, 331, 80]
[304, 346, -31]
[288, 425, 137]
[284, 438, 16]
[279, 439, 140]
[271, 452, 20]
[312, 442, 119]
[308, 457, -13]
[318, 71, -23]
[314, 62, -18]
[313, 62, -18]
[311, 61, -18]
[313, 62, -35]
[312, 62, -35]
[310, 62, -35]
[300, 64, 13]
[299, 65, -65]
[314, 79, -9]
[313, 80, -32]
[290, 115, 67]
[283, 117, -104]
[302, 178, 88]
[289, 186, -115]
[338, 203, 55]
[353, 205, -84]
[352, 216, 51]
[365, 217, -95]
[357, 212, 38]
[369, 212, -92]
[351, 210, 47]
[363, 207, -81]
[297, 249, 48]
[297, 255, -48]
[303, 331, 79]
[304, 345, -34]
[288, 426, 134]
[284, 438, 14]
[280, 440, 137]
[271, 453, 18]
[312, 444, 115]
[308, 457, -17]
[318, 71, -24]
[314, 62, -19]
[313, 61, -19]
[312, 61, -19]
[313, 62, -37]
[312, 62, -37]
[310, 62, -37]
[300, 64, 12]
[299, 65, -67]
[315, 79, -10]
[313, 80, -33]
[291, 114, 67]
[283, 117, -105]
[302, 177, 90]
[288, 186, -119]
[338, 202, 58]
[349, 209, -94]
[352, 215, 55]
[362, 223, -107]
[357, 211, 41]
[369, 217, -104]
[352, 209, 50]
[363, 211, -92]
[298, 249, 48]
[297, 255, -48]
[303, 331, 78]
[304, 345, -33]
[289, 426, 133]
[284, 439, 14]
[280, 440, 136]
[271, 453, 18]
[312, 444, 113]
[309, 457, -17]
[319, 71, -31]
[315, 62, -25]
[314, 61, -25]
[312, 61, -25]
[314, 62, -43]
[312, 62, -43]
[311, 62, -43]
[301, 64, 6]
[300, 65, -73]
[316, 79, -16]
[314, 79, -39]
[291, 114, 61]
[283, 117, -108]
[301, 179, 84]
[287, 187, -124]
[339, 206, 51]
[346, 212, -105]
[352, 217, 48]
[359, 227, -118]
[357, 212, 33]
[366, 220, -115]
[352, 208, 43]
[361, 214, -102]
[298, 249, 48]
[297, 255, -48]
[303, 331, 78]
[304, 345, -34]
[288, 425, 133]
[284, 439, 14]
[279, 439, 136]
[271, 453, 18]
[312, 443, 113]
[309, 457, -18]
[319, 71, -39]
[315, 62, -33]
[314, 61, -33]
[312, 61, -33]
[314, 62, -51]
[313, 62, -51]
[311, 62, -51]
[301, 64, -1]
[300, 65, -79]
[316, 79, -24]
[314, 79, -47]
[291, 114, 53]
[284, 117, -113]
[300, 179, 73]
[288, 188, -131]
[338, 210, 36]
[346, 218, -116]
[352, 222, 33]
[358, 234, -130]
[357, 218, 20]
[365, 228, -126]
[352, 216, 29]
[360, 221, -113]
[298, 248, 48]
[297, 255, -48]
[303, 330, 84]
[304, 345, -33]
[287, 421, 142]
[283, 439, 16]
[278, 435, 145]
[271, 453, 20]
[311, 440, 125]
[309, 457, -16]
[319, 71, -39]
[315, 62, -34]
[314, 61, -34]
[313, 61, -34]
[314, 62, -51]
[313, 62, -51]
[311, 62, -51]
[301, 64, -1]
[300, 65, -79]
[316, 79, -25]
[315, 79, -47]
[291, 114, 54]
[284, 117, -113]
[300, 179, 74]
[286, 189, -133]
[335, 212, 38]
[342, 222, -123]
[347, 223, 34]
[354, 238, -138]
[350, 218, 21]
[361, 232, -135]
[348, 216, 30]
[356, 226, -121]
[298, 248, 48]
[297, 255, -48]
[303, 330, 84]
[304, 345, -33]
[287, 422, 140]
[283, 440, 16]
[278, 437, 143]
[270, 455, 20]
[311, 441, 122]
[310, 458, -19]
[320, 70, -38]
[315, 62, -32]
[314, 61, -32]
[313, 61, -32]
[315, 62, -50]
[313, 62, -50]
[312, 62, -50]
[301, 64, 0]
[301, 65, -78]
[316, 79, -23]
[315, 79, -46]
[291, 114, 54]
[285, 117, -112]
[300, 179, 77]
[285, 190, -132]
[333, 213, 41]
[340, 226, -123]
[342, 223, 37]
[352, 243, -138]
[347, 217, 25]
[359, 237, -135]
[344, 216, 34]
[354, 230, -121]
[298, 248, 48]
[298, 254, -48]
[303, 331, 78]
[304, 345, -34]
[286, 426, 132]
[283, 441, 13]
[277, 441, 134]
[270, 456, 16]
[311, 444, 110]
[310, 458, -22]
[320, 70, -45]
[316, 61, -39]
[315, 61, -39]
[314, 60, -39]
[315, 61, -57]
[314, 61, -57]
[312, 61, -57]
[302, 63, -5]
[301, 65, -84]
[317, 78, -30]
[316, 78, -53]
[292, 114, 49]
[285, 117, -117]
[300, 180, 67]
[285, 191, -138]
[330, 219, 27]
[340, 229, -128]
[338, 231, 23]
[351, 246, -143]
[348, 232, 11]
[358, 241, -140]
[340, 223, 20]
[353, 234, -126]
[299, 247, 48]
[298, 253, -48]
[303, 330, 78]
[304, 345, -34]
[286, 426, 133]
[283, 441, 17]
[277, 440, 136]
[270, 456, 20]
[311, 443, 112]
[311, 458, -20]
[322, 69, -50]
[318, 61, -44]
[317, 60, -44]
[316, 60, -44]
[317, 61, -61]
[316, 61, -61]
[314, 61, -61]
[303, 63, -9]
[303, 65, -86]
[319, 78, -35]
[317, 78, -57]
[293, 114, 44]
[287, 117, -119]
[299, 180, 55]
[286, 193, -140]
[327, 222, 14]
[341, 234, -127]
[335, 233, 10]
[352, 250, -142]
[347, 238, -1]
[358, 246, -138]
[342, 234, 7]
[353, 240, -125]
[299, 247, 48]
[299, 253, -48]
[303, 329, 86]
[304, 344, -30]
[286, 421, 146]
[283, 440, 25]
[276, 435, 150]
[270, 456, 29]
[311, 439, 128]
[313, 455, -10]
[323, 69, -48]
[319, 60, -42]
[318, 60, -42]
[317, 60, -42]
[318, 60, -59]
[316, 60, -59]
[315, 61, -59]
[304, 63, -8]
[303, 65, -84]
[320, 77, -33]
[318, 77, -55]
[293, 114, 44]
[289, 118, -117]
[296, 181, 54]
[286, 195, -137]
[319, 226, 13]
[341, 238, -122]
[326, 238, 8]
[352, 254, -136]
[337, 243, -2]
[358, 251, -132]
[333, 239, 6]
[353, 245, -120]
[299, 247, 49]
[300, 253, -49]
[303, 328, 93]
[304, 344, -24]
[286, 419, 157]
[283, 439, 35]
[276, 433, 161]
[270, 456, 39]
[311, 434, 141]
[314, 454, 1]
[324, 68, -47]
[320, 60, -41]
[319, 60, -41]
[318, 60, -41]
[319, 60, -58]
[318, 60, -58]
[316, 60, -58]
[305, 63, -6]
[304, 65, -84]
[321, 77, -32]
[319, 77, -54]
[293, 114, 45]
[290, 118, -117]
[296, 181, 56]
[286, 195, -137]
[320, 225, 15]
[339, 238, -123]
[328, 238, 10]
[350, 255, -137]
[337, 241, 0]
[356, 252, -134]
[332, 233, 8]
[351, 245, -121]
[299, 247, 49]
[301, 253, -49]
[303, 328, 92]
[304, 342, -23]
[285, 416, 156]
[283, 437, 34]
[276, 431, 160]
[270, 453, 39]
[311, 432, 139]
[314, 452, 1]
[326, 68, -49]
[322, 60, -43]
[321, 60, -43]
[320, 60, -43]
[320, 60, -61]
[319, 60, -61]
[317, 60, -61]
[306, 63, -8]
[305, 64, -88]
[322, 77, -34]
[321, 77, -57]
[294, 115, 44]
[291, 119, -121]
[296, 183, 56]
[288, 195, -141]
[318, 231, 15]
[338, 243, -128]
[325, 243, 10]
[349, 259, -143]
[335, 247, 0]
[355, 257, -140]
[330, 238, 8]
[350, 250, -126]
[300, 249, 49]
[301, 254, -49]
[303, 328, 90]
[304, 342, -24]
[285, 416, 154]
[283, 437, 35]
[276, 431, 158]
[270, 453, 39]
[310, 432, 136]
[314, 452, 1]
[327, 67, -50]
[323, 59, -44]
[322, 59, -44]
[321, 59, -44]
[322, 59, -62]
[320, 59, -62]
[318, 60, -62]
[308, 63, -9]
[306, 64, -90]
[324, 77, -35]
[322, 77, -58]
[294, 115, 43]
[292, 119, -123]
[295, 184, 57]
[289, 197, -143]
[317, 234, 19]
[338, 246, -131]
[324, 248, 14]
[348, 263, -145]
[331, 250, 3]
[354, 260, -142]
[329, 241, 12]
[350, 254, -129]
[301, 250, 49]
[302, 254, -49]
[303, 328, 88]
[304, 342, -24]
[285, 419, 152]
[283, 438, 32]
[276, 434, 155]
[270, 455, 36]
[310, 434, 135]
[314, 452, -1]
[329, 67, -52]
[325, 59, -46]
[324, 59, -46]
[322, 59, -46]
[324, 59, -64]
[322, 59, -64]
[320, 59, -64]
[309, 63, -11]
[308, 64, -92]
[325, 77, -37]
[323, 77, -60]
[295, 116, 42]
[294, 119, -125]
[295, 187, 55]
[291, 199, -144]
[318, 236, 18]
[339, 251, -130]
[324, 250, 13]
[348, 268, -144]
[331, 252, 3]
[353, 266, -141]
[329, 242, 11]
[349, 259, -128]
[302, 251, 49]
[302, 255, -49]
[303, 329, 88]
[305, 342, -25]
[285, 423, 150]
[283, 440, 31]
[275, 438, 154]
[270, 458, 35]
[310, 438, 133]
[315, 453, -2]
[330, 67, -50]
[326, 59, -44]
[325, 59, -44]
[323, 59, -44]
[325, 59, -62]
[323, 59, -62]
[322, 59, -62]
[309, 63, -10]
[310, 64, -89]
[326, 77, -35]
[324, 77, -58]
[295, 116, 41]
[297, 120, -123]
[295, 188, 51]
[295, 200, -141]
[317, 237, 16]
[338, 251, -125]
[322, 252, 11]
[348, 267, -139]
[329, 253, 1]
[352, 266, -136]
[326, 244, 9]
[348, 260, -123]
[302, 251, 49]
[303, 255, -49]
[303, 329, 88]
[305, 342, -24]
[285, 422, 149]
[283, 439, 32]
[276, 437, 153]
[270, 456, 36]
[310, 436, 133]
[316, 452, 0]
[330, 67, -51]
[326, 59, -45]
[325, 59, -45]
[324, 59, -45]
[326, 59, -62]
[324, 59, -62]
[323, 59, -62]
[310, 63, -12]
[311, 64, -88]
[326, 77, -37]
[325, 77, -59]
[294, 116, 36]
[299, 121, -121]
[294, 189, 40]
[299, 202, -141]
[315, 242, 4]
[338, 255, -124]
[320, 257, 0]
[347, 272, -138]
[327, 259, -10]
[351, 271, -134]
[324, 249, -1]
[347, 265, -121]
[301, 251, 49]
[304, 255, -49]
[304, 329, 98]
[306, 342, -15]
[285, 417, 166]
[284, 439, 44]
[276, 432, 170]
[270, 456, 48]
[311, 431, 154]
[320, 451, 14]
[331, 67, -53]
[327, 59, -46]
[326, 59, -46]
[325, 59, -46]
[326, 59, -63]
[325, 59, -63]
[324, 59, -63]
[310, 63, -14]
[311, 64, -88]
[327, 77, -38]
[325, 77, -60]
[294, 116, 34]
[301, 121, -121]
[294, 190, 37]
[300, 203, -140]
[314, 243, 1]
[338, 258, -123]
[319, 258, -3]
[347, 276, -137]
[327, 260, -13]
[351, 275, -133]
[324, 251, -4]
[347, 268, -120]
[300, 251, 49]
[304, 255, -49]
[304, 329, 102]
[307, 342, -10]
[286, 414, 173]
[285, 439, 51]
[277, 429, 177]
[271, 456, 56]
[313, 427, 163]
[324, 451, 22]
[332, 67, -54]
[328, 59, -47]
[327, 59, -47]
[325, 59, -47]
[327, 59, -64]
[326, 59, -64]
[324, 59, -64]
[311, 63, -14]
[312, 64, -89]
[327, 77, -39]
[326, 77, -61]
[294, 116, 33]
[302, 121, -121]
[294, 191, 37]
[301, 203, -139]
[315, 244, 1]
[338, 261, -122]
[321, 263, -3]
[347, 280, -136]
[328, 263, -13]
[350, 278, -132]
[324, 252, -4]
[346, 271, -119]
[300, 251, 49]
[304, 255, -49]
[304, 329, 102]
[307, 342, -10]
[288, 414, 172]
[289, 439, 51]
[279, 429, 176]
[275, 457, 55]
[316, 427, 161]
[330, 451, 22]
[332, 67, -54]
[328, 59, -47]
[327, 59, -48]
[326, 59, -48]
[327, 59, -64]
[326, 59, -64]
[324, 59, -64]
[312, 63, -15]
[313, 64, -88]
[328, 77, -40]
[326, 77, -61]
[295, 116, 31]
[302, 121, -121]
[294, 191, 35]
[302, 204, -138]
[314, 244, 1]
[338, 264, -118]
[322, 265, -3]
[346, 282, -131]
[327, 265, -12]
[349, 280, -128]
[323, 255, -4]
[346, 274, -116]
[300, 251, 48]
[304, 255, -48]
[304, 329, 100]
[307, 342, -8]
[289, 414, 169]
[290, 440, 52]
[280, 429, 174]
[276, 457, 57]
[318, 427, 159]
[331, 451, 24]
[332, 67, -55]
[329, 59, -49]
[328, 59, -49]
[326, 59, -49]
[328, 59, -65]
[326, 59, -65]
[325, 59, -65]
[313, 63, -18]
[313, 64, -88]
[328, 76, -42]
[327, 77, -62]
[295, 116, 28]
[303, 121, -120]
[294, 191, 30]
[302, 204, -135]
[313, 246, -1]
[337, 264, -114]
[322, 267, -5]
[345, 282, -127]
[325, 267, -14]
[348, 280, -125]
[322, 256, -6]
[344, 274, -113]
[299, 251, 47]
[304, 255, -47]
[304, 329, 98]
[307, 342, -8]
[289, 413, 166]
[291, 439, 50]
[281, 427, 170]
[277, 456, 55]
[318, 426, 154]
[331, 450, 23]
[333, 67, -60]
[329, 59, -54]
[328, 58, -54]
[327, 58, -54]
[328, 59, -70]
[327, 59, -70]
[325, 59, -70]
[313, 62, -23]
[313, 63, -92]
[329, 76, -47]
[327, 76, -66]
[296, 116, 23]
[303, 120, -122]
[294, 191, 26]
[303, 204, -136]
[313, 247, -3]
[336, 266, -116]
[322, 270, -7]
[343, 284, -128]
[326, 270, -16]
[346, 283, -127]
[322, 257, -8]
[343, 276, -115]
[299, 250, 46]
[304, 254, -46]
[304, 329, 96]
[307, 341, -9]
[290, 412, 159]
[292, 438, 47]
[281, 427, 163]
[278, 455, 52]
[319, 425, 149]
[332, 449, 19]
[333, 66, -64]
[330, 58, -58]
[329, 58, -58]
[327, 58, -58]
[328, 58, -73]
[327, 58, -73]
[325, 59, -73]
[314, 62, -28]
[314, 63, -95]
[330, 76, -51]
[328, 76, -70]
[297, 116, 18]
[303, 120, -124]
[294, 190, 22]
[302, 204, -137]
[314, 247, -4]
[335, 265, -117]
[320, 266, -9]
[342, 283, -129]
[326, 270, -17]
[344, 282, -129]
[322, 258, -10]
[341, 276, -116]
[299, 249, 45]
[304, 253, -45]
[304, 328, 95]
[307, 340, -10]
[290, 410, 156]
[292, 437, 46]
[281, 424, 160]
[278, 454, 50]
[319, 423, 146]
[332, 449, 17]
[334, 66, -65]
[330, 58, -59]
[329, 58, -59]
[328, 58, -59]
[329, 58, -75]
[327, 58, -75]
[326, 58, -75]
[314, 62, -29]
[314, 63, -97]
[330, 76, -52]
[329, 76, -71]
[299, 116, 16]
[303, 120, -125]
[295, 190, 21]
[302, 204, -138]
[314, 248, -6]
[333, 265, -119]
[319, 265, -11]
[340, 284, -131]
[325, 268, -20]
[343, 283, -131]
[322, 259, -12]
[340, 277, -118]
[300, 249, 44]
[303, 253, -44]
[304, 328, 96]
[307, 340, -6]
[290, 407, 161]
[292, 436, 51]
[281, 420, 165]
[278, 453, 56]
[319, 421, 152]
[333, 449, 22]
[334, 66, -67]
[330, 58, -61]
[329, 58, -61]
[328, 58, -61]
[329, 58, -77]
[328, 58, -77]
[326, 58, -77]
[314, 62, -30]
[314, 63, -99]
[331, 75, -53]
[329, 76, -73]
[299, 116, 15]
[303, 120, -127]
[296, 190, 20]
[302, 204, -139]
[314, 249, -8]
[332, 267, -121]
[320, 266, -14]
[339, 286, -133]
[325, 268, -22]
[342, 285, -133]
[322, 260, -14]
[339, 278, -120]
[300, 249, 44]
[303, 253, -44]
[304, 327, 96]
[307, 340, -5]
[290, 406, 163]
[292, 436, 53]
[282, 419, 168]
[279, 453, 57]
[318, 419, 154]
[335, 449, 24]
[335, 66, -65]
[331, 58, -59]
[330, 58, -59]
[328, 58, -59]
[329, 58, -75]
[328, 58, -75]
[326, 58, -75]
[315, 62, -28]
[315, 63, -97]
[331, 75, -52]
[330, 76, -71]
[300, 116, 17]
[303, 120, -126]
[296, 190, 21]
[302, 204, -139]
[313, 249, -8]
[330, 266, -120]
[319, 266, -13]
[338, 286, -133]
[324, 268, -21]
[340, 285, -133]
[322, 260, -13]
[338, 278, -120]
[300, 249, 44]
[303, 253, -44]
[304, 327, 96]
[307, 340, -6]
[290, 406, 162]
[292, 436, 51]
[282, 420, 166]
[279, 453, 55]
[318, 420, 154]
[334, 449, 22]
[335, 66, -67]
[331, 58, -61]
[330, 58, -61]
[329, 58, -61]
[330, 58, -77]
[329, 58, -77]
[327, 58, -77]
[316, 62, -29]
[315, 63, -99]
[332, 75, -53]
[330, 76, -73]
[301, 116, 17]
[303, 120, -128]
[297, 190, 22]
[302, 204, -142]
[313, 249, -8]
[330, 266, -126]
[319, 266, -13]
[336, 286, -139]
[325, 268, -21]
[340, 285, -138]
[322, 262, -13]
[337, 278, -125]
[301, 249, 44]
[303, 253, -44]
[305, 327, 95]
[307, 340, -6]
[290, 407, 161]
[292, 436, 49]
[281, 420, 165]
[279, 453, 54]
[317, 421, 152]
[333, 449, 19]
[336, 66, -70]
[332, 58, -64]
[331, 58, -64]
[330, 57, -64]
[331, 58, -80]
[329, 58, -80]
[327, 58, -80]
[316, 62, -32]
[316, 63, -103]
[332, 75, -56]
[331, 75, -77]
[302, 116, 14]
[303, 120, -131]
[299, 190, 21]
[302, 204, -146]
[313, 252, -7]
[329, 269, -132]
[319, 267, -11]
[335, 288, -145]
[325, 271, -20]
[339, 288, -145]
[322, 264, -12]
[336, 281, -131]
[301, 249, 44]
[303, 253, -44]
[305, 327, 95]
[307, 340, -7]
[290, 407, 161]
[292, 436, 49]
[281, 420, 166]
[279, 453, 54]
[315, 421, 152]
[333, 449, 20]
[336, 66, -69]
[332, 58, -63]
[331, 58, -63]
[330, 57, -63]
[331, 58, -79]
[330, 58, -79]
[328, 58, -79]
[317, 61, -31]
[316, 62, -102]
[333, 75, -55]
[331, 75, -76]
[302, 116, 15]
[304, 120, -131]
[299, 191, 21]
[302, 204, -146]
[313, 253, -6]
[328, 270, -131]
[319, 267, -10]
[334, 289, -144]
[325, 272, -19]
[338, 289, -144]
[322, 265, -11]
[336, 282, -130]
[301, 249, 44]
[303, 253, -44]
[305, 327, 94]
[307, 340, -8]
[290, 407, 159]
[292, 436, 48]
[281, 421, 164]
[279, 453, 52]
[315, 421, 150]
[333, 449, 18]
[336, 66, -68]
[332, 57, -62]
[332, 57, -62]
[330, 57, -62]
[331, 58, -78]
[330, 58, -78]
[328, 58, -78]
[317, 61, -30]
[317, 62, -101]
[333, 75, -54]
[332, 75, -75]
[302, 116, 17]
[304, 120, -131]
[299, 191, 22]
[302, 204, -147]
[313, 254, -5]
[326, 270, -134]
[318, 270, -10]
[331, 290, -149]
[325, 273, -18]
[336, 289, -149]
[322, 266, -11]
[334, 283, -134]
[301, 249, 45]
[303, 253, -45]
[305, 327, 95]
[307, 340, -8]
[289, 407, 161]
[292, 436, 48]
[281, 421, 166]
[279, 453, 52]
[314, 422, 151]
[332, 450, 18]
[337, 65, -68]
[333, 57, -61]
[332, 57, -61]
[330, 57, -62]
[332, 58, -77]
[330, 58, -77]
[329, 58, -77]
[317, 61, -30]
[317, 62, -101]
[333, 75, -54]
[332, 75, -74]
[303, 116, 17]
[304, 120, -131]
[300, 191, 25]
[302, 204, -148]
[314, 255, 3]
[326, 273, -137]
[318, 271, 0]
[330, 292, -151]
[325, 274, -8]
[335, 291, -151]
[322, 267, -2]
[333, 285, -137]
[301, 249, 45]
[303, 253, -45]
[305, 327, 84]
[307, 340, -19]
[288, 409, 141]
[291, 436, 29]
[279, 422, 144]
[278, 453, 32]
[312, 425, 127]
[330, 450, -2]
[337, 65, -69]
[333, 57, -63]
[332, 57, -63]
[331, 57, -63]
[332, 58, -78]
[330, 58, -78]
[329, 58, -78]
[318, 61, -31]
[318, 62, -101]
[333, 75, -55]
[332, 75, -75]
[304, 116, 16]
[304, 120, -131]
[302, 191, 24]
[303, 204, -148]
[314, 254, 2]
[324, 272, -138]
[318, 270, 0]
[329, 292, -152]
[324, 273, -9]
[333, 291, -152]
[322, 267, -2]
[332, 284, -138]
[302, 249, 45]
[303, 253, -45]
[307, 327, 86]
[307, 340, -18]
[288, 408, 144]
[290, 436, 30]
[279, 420, 148]
[277, 452, 34]
[312, 424, 132]
[329, 450, 0]
[337, 66, -69]
[333, 57, -63]
[332, 57, -63]
[331, 57, -63]
[332, 58, -79]
[331, 58, -79]
[329, 58, -79]
[318, 61, -31]
[318, 62, -102]
[333, 75, -55]
[332, 75, -75]
[304, 116, 17]
[305, 120, -133]
[302, 191, 24]
[303, 204, -151]
[314, 254, 2]
[324, 273, -143]
[318, 271, -1]
[329, 293, -158]
[324, 274, -10]
[333, 292, -158]
[322, 267, -3]
[331, 286, -143]
[302, 250, 46]
[303, 253, -46]
[308, 327, 87]
[307, 341, -18]
[288, 409, 148]
[290, 437, 32]
[279, 421, 152]
[276, 453, 36]
[312, 425, 136]
[329, 452, 0]
[337, 66, -69]
[333, 57, -63]
[332, 57, -63]
[331, 57, -64]
[332, 58, -79]
[331, 58, -79]
[329, 58, -79]
[319, 61, -32]
[318, 62, -102]
[334, 75, -55]
[332, 75, -76]
[305, 115, 17]
[305, 119, -133]
[303, 191, 24]
[303, 204, -151]
[314, 253, 1]
[322, 273, -143]
[318, 271, -2]
[328, 292, -157]
[323, 274, -11]
[331, 291, -157]
[321, 267, -3]
[330, 285, -143]
[302, 250, 46]
[303, 253, -46]
[308, 327, 86]
[308, 340, -21]
[288, 408, 143]
[290, 437, 26]
[279, 420, 146]
[275, 453, 29]
[312, 424, 130]
[329, 452, -6]
[337, 66, -70]
[333, 57, -64]
[333, 57, -64]
[332, 57, -64]
[332, 58, -80]
[331, 58, -80]
[330, 58, -80]
[319, 61, -32]
[319, 62, -103]
[334, 75, -56]
[332, 75, -76]
[305, 115, 17]
[305, 119, -133]
[303, 190, 23]
[303, 204, -151]
[313, 253, 0]
[322, 272, -142]
[318, 275, -2]
[328, 292, -157]
[322, 274, -11]
[331, 291, -157]
[320, 266, -5]
[329, 285, -142]
[302, 250, 46]
[304, 253, -46]
[308, 327, 87]
[308, 341, -20]
[288, 408, 145]
[289, 437, 30]
[279, 420, 149]
[275, 453, 33]
[313, 424, 133]
[329, 452, -1]
[337, 66, -71]
[334, 57, -65]
[333, 57, -65]
[332, 57, -65]
[333, 58, -81]
[331, 58, -81]
[330, 58, -81]
[320, 61, -33]
[319, 62, -104]
[334, 75, -57]
[333, 75, -78]
[304, 115, 16]
[306, 119, -134]
[303, 190, 22]
[303, 204, -151]
[313, 252, -2]
[322, 272, -142]
[318, 276, -5]
[328, 292, -156]
[321, 273, -14]
[331, 291, -157]
[319, 266, -8]
[329, 284, -142]
[302, 250, 47]
[304, 253, -47]
[308, 326, 88]
[308, 341, -19]
[288, 408, 147]
[289, 437, 32]
[279, 420, 150]
[275, 453, 35]
[313, 423, 135]
[328, 452, 0]
[338, 66, -71]
[334, 58, -65]
[333, 57, -65]
[332, 57, -65]
[333, 58, -81]
[332, 58, -81]
[330, 58, -81]
[320, 61, -33]
[320, 62, -104]
[334, 75, -57]
[333, 75, -78]
[305, 115, 16]
[306, 119, -135]
[303, 190, 22]
[303, 204, -152]
[313, 252, -2]
[321, 272, -143]
[318, 277, -5]
[327, 292, -158]
[321, 273, -14]
[331, 291, -158]
[319, 266, -8]
[329, 285, -143]
[302, 250, 47]
[304, 253, -47]
[308, 327, 88]
[308, 341, -21]
[288, 408, 147]
[289, 437, 29]
[280, 420, 151]
[275, 453, 32]
[313, 424, 135]
[328, 453, -3]
[338, 66, -71]
[334, 58, -65]
[333, 58, -65]
[332, 57, -65]
[333, 58, -81]
[332, 58, -81]
[331, 58, -81]
[320, 61, -33]
[320, 62, -104]
[334, 75, -57]
[333, 75, -77]
[305, 115, 18]
[306, 119, -135]
[302, 190, 24]
[304, 204, -152]
[313, 252, -2]
[321, 271, -144]
[317, 273, -5]
[327, 292, -158]
[321, 272, -14]
[331, 291, -158]
[319, 266, -7]
[329, 285, -143]
[302, 249, 48]
[304, 253, -48]
[307, 329, 88]
[308, 341, -24]
[288, 409, 146]
[289, 438, 25]
[280, 422, 149]
[275, 454, 28]
[313, 425, 133]
[328, 454, -7]
[338, 66, -71]
[334, 58, -65]
[333, 58, -65]
[332, 57, -65]
[333, 58, -80]
[332, 58, -81]
[331, 58, -81]
[320, 61, -32]
[320, 62, -104]
[335, 75, -57]
[333, 75, -77]
[305, 115, 20]
[307, 119, -135]
[303, 190, 26]
[304, 204, -152]
[313, 252, -2]
[321, 271, -143]
[317, 270, -5]
[327, 292, -157]
[321, 272, -14]
[330, 291, -158]
[319, 266, -7]
[328, 285, -143]
[302, 249, 49]
[304, 253, -49]
[307, 329, 87]
[308, 342, -25]
[288, 410, 145]
[289, 439, 23]
[280, 423, 148]
[275, 455, 26]
[313, 426, 131]
[329, 456, -9]
[338, 66, -71]
[335, 58, -65]
[334, 58, -65]
[333, 57, -65]
[334, 58, -80]
[333, 58, -80]
[331, 58, -80]
[321, 61, -31]
[320, 62, -103]
[335, 75, -56]
[334, 75, -77]
[305, 115, 20]
[307, 119, -135]
[303, 190, 26]
[304, 204, -152]
[313, 252, -2]
[321, 271, -142]
[317, 268, -5]
[327, 292, -157]
[321, 271, -14]
[331, 291, -157]
[319, 264, -8]
[329, 285, -142]
[302, 249, 49]
[304, 253, -49]
[307, 329, 87]
[308, 342, -25]
[289, 410, 145]
[289, 439, 24]
[280, 423, 148]
[275, 455, 27]
[314, 427, 131]
[329, 456, -8]
[339, 66, -70]
[335, 58, -64]
[334, 58, -64]
[333, 57, -64]
[334, 58, -80]
[333, 58, -80]
[331, 58, -80]
[321, 61, -30]
[321, 62, -103]
[335, 75, -55]
[334, 75, -76]
[305, 115, 22]
[307, 119, -134]
[303, 190, 28]
[304, 204, -152]
[313, 251, -1]
[321, 271, -142]
[317, 267, -4]
[327, 292, -156]
[321, 270, -14]
[331, 291, -156]
[319, 263, -7]
[329, 284, -142]
[302, 249, 49]
[304, 253, -49]
[307, 330, 86]
[308, 342, -26]
[289, 411, 143]
[289, 439, 23]
[280, 424, 146]
[275, 455, 26]
[314, 428, 129]
[329, 456, -10]
[339, 66, -69]
[335, 58, -63]
[334, 58, -63]
[333, 57, -63]
[334, 58, -80]
[333, 58, -80]
[332, 58, -80]
[321, 61, -30]
[321, 62, -103]
[335, 75, -55]
[334, 75, -76]
[305, 115, 22]
[307, 119, -134]
[303, 191, 28]
[303, 204, -151]
[313, 252, 0]
[322, 273, -141]
[317, 268, -3]
[327, 293, -156]
[321, 271, -13]
[331, 293, -156]
[319, 264, -6]
[329, 286, -141]
[302, 249, 49]
[304, 253, -49]
[307, 330, 86]
[308, 342, -25]
[289, 413, 144]
[289, 441, 24]
[280, 426, 147]
[275, 457, 27]
[314, 429, 130]
[329, 457, -8]
[339, 66, -65]
[335, 58, -58]
[334, 58, -58]
[333, 57, -58]
[334, 58, -75]
[333, 58, -75]
[332, 58, -75]
[321, 61, -25]
[321, 62, -99]
[335, 75, -50]
[334, 76, -71]
[305, 115, 26]
[307, 119, -131]
[303, 191, 31]
[303, 204, -149]
[313, 252, 0]
[322, 273, -138]
[316, 268, -2]
[327, 293, -152]
[321, 271, -12]
[331, 292, -151]
[319, 264, -5]
[329, 286, -137]
[302, 250, 49]
[304, 253, -49]
[308, 330, 87]
[308, 343, -23]
[289, 414, 149]
[289, 441, 30]
[280, 427, 153]
[275, 457, 34]
[314, 430, 136]
[328, 457, -1]
[339, 66, -65]
[335, 58, -58]
[334, 58, -58]
[333, 57, -58]
[335, 58, -75]
[333, 58, -75]
[332, 58, -75]
[321, 61, -25]
[321, 62, -99]
[335, 75, -50]
[334, 76, -72]
[305, 115, 25]
[307, 119, -131]
[302, 190, 29]
[303, 203, -149]
[313, 250, -4]
[324, 268, -136]
[316, 266, -8]
[329, 289, -150]
[322, 271, -17]
[332, 289, -149]
[320, 261, -10]
[331, 282, -135]
[302, 249, 49]
[304, 252, -49]
[308, 328, 92]
[308, 343, -18]
[289, 411, 157]
[289, 440, 37]
[281, 424, 161]
[274, 456, 41]
[315, 427, 145]
[328, 455, 6]
[339, 67, -62]
[335, 58, -55]
[334, 58, -55]
[333, 57, -55]
[335, 58, -72]
[333, 58, -72]
[332, 58, -72]
[321, 61, -23]
[321, 62, -95]
[335, 75, -48]
[334, 76, -68]
[305, 115, 26]
[307, 119, -127]
[301, 189, 29]
[303, 201, -144]
[313, 247, -4]
[325, 264, -128]
[316, 262, -8]
[331, 285, -141]
[322, 271, -18]
[334, 284, -140]
[320, 259, -10]
[332, 278, -127]
[301, 248, 49]
[304, 251, -49]
[308, 327, 92]
[308, 343, -17]
[289, 410, 155]
[289, 439, 37]
[281, 423, 159]
[274, 455, 41]
[315, 426, 143]
[328, 453, 6]
[339, 67, -63]
[335, 58, -57]
[334, 58, -57]
[333, 58, -57]
[334, 58, -72]
[333, 58, -72]
[332, 58, -72]
[320, 61, -24]
[321, 62, -95]
[335, 75, -48]
[334, 76, -69]
[305, 115, 25]
[307, 119, -128]
[301, 189, 28]
[303, 201, -145]
[314, 246, -4]
[329, 263, -129]
[321, 263, -8]
[335, 284, -143]
[323, 265, -18]
[338, 283, -141]
[322, 258, -10]
[335, 276, -128]
[301, 247, 49]
[304, 250, -49]
[308, 326, 96]
[308, 342, -13]
[290, 408, 163]
[289, 438, 44]
[282, 421, 167]
[274, 454, 48]
[317, 424, 152]
[329, 453, 14]
[339, 67, -63]
[335, 58, -57]
[334, 58, -57]
[332, 58, -57]
[334, 58, -73]
[333, 58, -73]
[332, 58, -73]
[320, 61, -25]
[321, 62, -96]
[335, 76, -49]
[334, 76, -69]
[305, 115, 25]
[307, 119, -128]
[301, 189, 30]
[303, 202, -144]
[314, 244, 0]
[335, 264, -125]
[325, 263, -4]
[341, 285, -139]
[327, 263, -13]
[344, 284, -137]
[324, 258, -6]
[341, 277, -124]
[301, 247, 49]
[304, 251, -49]
[307, 327, 99]
[308, 343, -11]
[290, 410, 168]
[288, 438, 49]
[281, 424, 172]
[273, 455, 54]
[318, 425, 157]
[327, 453, 20]
[338, 67, -59]
[334, 58, -53]
[333, 58, -53]
[332, 58, -53]
[334, 58, -69]
[333, 58, -69]
[331, 58, -69]
[319, 61, -20]
[320, 62, -92]
[335, 76, -44]
[334, 76, -65]
[304, 115, 29]
[305, 119, -124]
[300, 187, 36]
[302, 201, -138]
[315, 242, 1]
[337, 258, -119]
[324, 256, -3]
[344, 277, -132]
[328, 258, -12]
[347, 276, -130]
[325, 254, -4]
[344, 269, -117]
[301, 246, 48]
[304, 251, -48]
[307, 327, 92]
[308, 343, -16]
[290, 411, 154]
[288, 438, 38]
[281, 426, 158]
[273, 455, 42]
[318, 427, 139]
[326, 453, 8]
[338, 67, -53]
[334, 58, -46]
[333, 58, -46]
[332, 58, -46]
[334, 59, -64]
[333, 59, -64]
[331, 59, -64]
[319, 61, -12]
[319, 62, -89]
[334, 76, -38]
[333, 76, -60]
[302, 114, 39]
[303, 119, -122]
[300, 186, 46]
[301, 200, -135]
[317, 236, 5]
[339, 253, -108]
[325, 251, 0]
[347, 270, -121]
[330, 252, -9]
[351, 267, -118]
[327, 249, 0]
[348, 261, -106]
[301, 247, 49]
[304, 251, -49]
[307, 328, 96]
[308, 343, -15]
[290, 415, 166]
[287, 438, 46]
[281, 430, 170]
[273, 455, 51]
[318, 432, 151]
[323, 453, 17]
[338, 68, -56]
[334, 59, -49]
[333, 59, -49]
[331, 58, -49]
[333, 59, -66]
[331, 59, -66]
[330, 59, -66]
[318, 62, -14]
[317, 63, -91]
[334, 76, -40]
[332, 77, -62]
[302, 114, 38]
[301, 119, -124]
[302, 184, 46]
[300, 199, -136]
[322, 232, 4]
[343, 250, -109]
[329, 244, 0]
[350, 265, -122]
[338, 249, -9]
[356, 263, -120]
[335, 246, -1]
[353, 257, -107]
[301, 247, 50]
[303, 252, -50]
[306, 328, 103]
[307, 343, -11]
[290, 415, 178]
[287, 438, 56]
[281, 430, 183]
[273, 455, 62]
[318, 432, 164]
[322, 453, 27]
[337, 68, -57]
[333, 59, -51]
[332, 59, -51]
[330, 59, -51]
[331, 59, -68]
[330, 59, -68]
[328, 59, -68]
[317, 62, -16]
[315, 63, -92]
[333, 77, -42]
[331, 77, -64]
[302, 114, 35]
[298, 119, -124]
[302, 182, 44]
[299, 199, -137]
[326, 228, 3]
[350, 246, -106]
[331, 239, -1]
[357, 261, -119]
[342, 247, -10]
[362, 259, -117]
[338, 244, -2]
[359, 252, -104]
[300, 247, 50]
[301, 252, -50]
[305, 328, 104]
[306, 343, -10]
[290, 416, 176]
[286, 440, 58]
[281, 431, 181]
[273, 456, 63]
[318, 433, 162]
[322, 454, 28]
[335, 68, -44]
[331, 59, -38]
[330, 59, -38]
[329, 59, -38]
[330, 59, -55]
[328, 59, -55]
[326, 59, -55]
[316, 62, -4]
[314, 63, -79]
[331, 77, -30]
[330, 77, -51]
[301, 113, 44]
[297, 119, -112]
[301, 181, 52]
[293, 196, -122]
[327, 220, 10]
[349, 235, -89]
[342, 238, 4]
[357, 251, -100]
[347, 238, -5]
[362, 247, -98]
[342, 236, 3]
[359, 240, -87]
[299, 247, 49]
[299, 252, -49]
[304, 328, 99]
[305, 344, -10]
[290, 418, 164]
[287, 440, 56]
[281, 433, 168]
[274, 456, 61]
[318, 434, 147]
[321, 454, 24]
[334, 68, -39]
[330, 59, -33]
[328, 59, -33]
[327, 59, -33]
[329, 59, -50]
[327, 59, -50]
[325, 59, -50]
[315, 62, 0]
[313, 63, -76]
[330, 77, -24]
[329, 77, -46]
[299, 113, 52]
[296, 119, -111]
[300, 181, 63]
[292, 194, -122]
[337, 221, 19]
[352, 228, -92]
[350, 230, 13]
[362, 243, -104]
[355, 228, 2]
[367, 239, -101]
[350, 226, 12]
[363, 233, -89]
[297, 247, 49]
[297, 253, -49]
[303, 330, 98]
[305, 346, -12]
[290, 423, 164]
[287, 443, 55]
[281, 438, 168]
[275, 459, 59]
[318, 440, 147]
[321, 457, 21]
[333, 68, -41]
[328, 59, -35]
[327, 59, -35]
[326, 59, -35]
[327, 59, -51]
[326, 59, -51]
[324, 59, -51]
[314, 62, -2]
[312, 63, -77]
[329, 77, -26]
[327, 77, -48]
[297, 113, 49]
[296, 119, -110]
[300, 180, 59]
[292, 194, -118]
[337, 206, 15]
[355, 220, -83]
[352, 219, 9]
[366, 234, -95]
[356, 215, -1]
[371, 230, -91]
[350, 205, 8]
[367, 224, -81]
[295, 247, 49]
[297, 254, -49]
[303, 329, 102]
[305, 347, -11]
[289, 418, 170]
[287, 443, 51]
[280, 432, 175]
[276, 459, 56]
[316, 434, 159]
[321, 457, 22]
[332, 69, -34]
[327, 59, -29]
[326, 59, -29]
[325, 59, -29]
[326, 60, -46]
[324, 60, -46]
[323, 60, -46]
[312, 62, 1]
[311, 63, -73]
[327, 78, -21]
[326, 78, -42]
[296, 113, 51]
[294, 119, -106]
[300, 180, 63]
[291, 194, -110]
[337, 204, 22]
[355, 211, -69]
[352, 219, 16]
[368, 225, -79]
[357, 215, 5]
[372, 220, -75]
[349, 200, 15]
[367, 213, -66]
[294, 248, 47]
[297, 257, -47]
[302, 330, 98]
[304, 348, -12]
[289, 420, 163]
[287, 443, 50]
[280, 435, 168]
[275, 459, 56]
[315, 435, 151]
[319, 457, 21]
[331, 70, -30]
[326, 60, -24]
[324, 60, -24]
[323, 59, -24]
[325, 60, -41]
[323, 60, -41]
[321, 60, -41]
[311, 62, 4]
[309, 63, -70]
[326, 78, -16]
[324, 78, -38]
[295, 113, 54]
[293, 119, -103]
[300, 180, 64]
[292, 194, -105]
[342, 200, 23]
[358, 204, -56]
[355, 213, 16]
[370, 215, -64]
[360, 209, 5]
[374, 211, -61]
[351, 196, 15]
[370, 206, -53]
[294, 248, 47]
[296, 258, -47]
[302, 330, 94]
[304, 348, -15]
[288, 420, 155]
[286, 442, 40]
[279, 434, 159]
[275, 458, 45]
[313, 435, 143]
[316, 457, 15]
[330, 71, -22]
[325, 61, -17]
[324, 60, -17]
[322, 60, -17]
[324, 61, -34]
[322, 60, -34]
[321, 60, -34]
[310, 62, 10]
[309, 63, -62]
[325, 79, -9]
[323, 79, -31]
[294, 113, 61]
[293, 119, -96]
[300, 180, 78]
[292, 195, -93]
[345, 186, 43]
[357, 191, -39]
[355, 190, 37]
[370, 200, -46]
[360, 184, 26]
[373, 193, -44]
[354, 182, 36]
[368, 189, -36]
[294, 248, 47]
[297, 258, -47]
[302, 331, 90]
[304, 348, -18]
[286, 421, 148]
[286, 441, 33]
[278, 435, 151]
[274, 455, 38]
[312, 436, 134]
[313, 456, 10]
[329, 71, -17]
[324, 61, -12]
[323, 60, -12]
[322, 60, -12]
[323, 61, -29]
[322, 60, -29]
[320, 60, -29]
[309, 62, 16]
[308, 63, -58]
[324, 79, -4]
[322, 79, -25]
[293, 113, 66]
[292, 119, -91]
[300, 180, 84]
[292, 194, -90]
[349, 175, 48]
[359, 182, -41]
[360, 178, 41]
[373, 190, -49]
[362, 174, 29]
[374, 183, -46]
[358, 173, 40]
[368, 178, -38]
[294, 249, 47]
[297, 257, -46]
[302, 333, 84]
[305, 348, -22]
[286, 427, 138]
[285, 441, 28]
[277, 441, 142]
[273, 454, 32]
[310, 442, 121]
[310, 456, 4]
[328, 70, -11]
[324, 60, -6]
[323, 60, -6]
[321, 60, -6]
[323, 61, -22]
[322, 60, -22]
[320, 60, -22]
[309, 62, 23]
[308, 63, -48]
[324, 79, 1]
[322, 79, -18]
[293, 113, 73]
[292, 118, -80]
[304, 178, 85]
[293, 190, -69]
[353, 164, 41]
[357, 168, 0]
[364, 166, 32]
[370, 173, -3]
[366, 162, 23]
[373, 166, -3]
[361, 161, 34]
[367, 164, 1]
[294, 249, 46]
[297, 257, -46]
[302, 334, 78]
[304, 348, -24]
[286, 429, 130]
[285, 441, 22]
[277, 443, 132]
[273, 454, 26]
[311, 445, 110]
[311, 458, -3]
[328, 70, -12]
[323, 60, -6]
[322, 60, -6]
[320, 60, -6]
[322, 61, -23]
[321, 60, -23]
[319, 60, -23]
[308, 62, 24]
[307, 63, -49]
[323, 79, 1]
[322, 79, -19]
[293, 113, 75]
[291, 117, -81]
[306, 178, 79]
[295, 190, -70]
[356, 157, 21]
[356, 160, 0]
[369, 158, 9]
[371, 162, -1]
[371, 153, 4]
[371, 155, -2]
[366, 153, 15]
[366, 154, 2]
[294, 250, 46]
[297, 257, -46]
[303, 334, 76]
[304, 348, -27]
[286, 430, 125]
[285, 440, 18]
[277, 445, 127]
[273, 454, 22]
[310, 446, 104]
[311, 458, -8]
[327, 70, -13]
[322, 61, -7]
[321, 60, -7]
[320, 60, -7]
[321, 61, -24]
[320, 60, -24]
[318, 60, -24]
[308, 62, 23]
[306, 63, -49]
[322, 79, 0]
[321, 79, -20]
[293, 113, 75]
[290, 116, -82]
[308, 175, 74]
[298, 188, -67]
[355, 149, 7]
[356, 152, 15]
[370, 149, -3]
[370, 151, 16]
[370, 145, -7]
[368, 145, 15]
[365, 145, 1]
[362, 145, 18]
[294, 250, 46]
[297, 257, -46]
[303, 335, 74]
[304, 348, -27]
[286, 430, 120]
[285, 440, 13]
[276, 445, 122]
[273, 454, 17]
[310, 447, 100]
[312, 458, -11]
[327, 70, -18]
[322, 60, -13]
[321, 60, -13]
[320, 60, -13]
[321, 61, -29]
[320, 60, -29]
[318, 60, -29]
[307, 62, 18]
[306, 63, -55]
[322, 79, -4]
[321, 79, -25]
[293, 113, 70]
[289, 116, -87]
[310, 173, 68]
[300, 189, -69]
[357, 143, -7]
[352, 146, 22]
[369, 141, -18]
[365, 141, 24]
[367, 136, -20]
[360, 135, 22]
[363, 137, -12]
[355, 137, 24]
[295, 251, 46]
[297, 257, -46]
[303, 335, 78]
[304, 348, -24]
[286, 429, 127]
[286, 439, 20]
[277, 444, 129]
[274, 453, 24]
[311, 445, 109]
[313, 458, -7]
[326, 70, -21]
[322, 60, -16]
[321, 60, -16]
[320, 60, -16]
[321, 61, -33]
[320, 60, -33]
[318, 60, -33]
[308, 62, 18]
[306, 63, -56]
[322, 79, -5]
[320, 79, -27]
[293, 113, 67]
[288, 116, -89]
[312, 172, 53]
[304, 189, -72]
[355, 139, -31]
[351, 140, 19]
[367, 135, -43]
[364, 135, 21]
[366, 131, -44]
[358, 129, 19]
[361, 132, -35]
[353, 131, 22]
[295, 251, 46]
[297, 257, -46]
[303, 335, 79]
[304, 348, -18]
[286, 426, 131]
[287, 437, 23]
[277, 441, 134]
[275, 452, 27]
[311, 440, 115]
[316, 455, 1]
[326, 70, -21]
[322, 60, -16]
[321, 60, -16]
[320, 60, -16]
[321, 61, -33]
[319, 60, -33]
[318, 60, -33]
[308, 62, 16]
[306, 63, -58]
[322, 79, -6]
[320, 79, -28]
[293, 112, 68]
[289, 116, -91]
[311, 170, 57]
[308, 188, -70]
[352, 136, -16]
[350, 136, 29]
[365, 129, -27]
[363, 130, 32]
[361, 125, -29]
[356, 125, 29]
[355, 127, -21]
[351, 127, 32]
[295, 251, 46]
[297, 258, -46]
[303, 335, 80]
[305, 348, -17]
[286, 425, 132]
[287, 437, 24]
[276, 440, 134]
[275, 451, 28]
[311, 439, 117]
[316, 455, 5]
[326, 70, -22]
[322, 60, -17]
[321, 60, -17]
[320, 60, -17]
[321, 61, -34]
[319, 60, -34]
[318, 60, -34]
[308, 62, 15]
[306, 63, -59]
[322, 79, -7]
[320, 79, -29]
[293, 111, 67]
[289, 116, -91]
[310, 169, 59]
[310, 184, -68]
[347, 133, -10]
[349, 133, 35]
[360, 124, -21]
[362, 126, 39]
[355, 120, -23]
[355, 121, 35]
[348, 124, -15]
[350, 123, 38]
[295, 251, 46]
[297, 258, -46]
[303, 335, 81]
[305, 347, -15]
[286, 422, 133]
[287, 436, 27]
[277, 437, 136]
[275, 450, 32]
[311, 436, 119]
[316, 454, 10]
[326, 69, -21]
[322, 60, -16]
[321, 60, -16]
[320, 60, -16]
[321, 60, -33]
[319, 60, -33]
[317, 60, -33]
[308, 62, 15]
[306, 63, -59]
[321, 78, -7]
[320, 79, -29]
[293, 110, 66]
[289, 116, -92]
[311, 164, 78]
[312, 182, -70]
[346, 126, 38]
[347, 129, 28]
[360, 116, 32]
[360, 120, 31]
[354, 113, 30]
[353, 115, 27]
[349, 118, 34]
[348, 118, 30]
[296, 251, 46]
[297, 258, -46]
[303, 334, 82]
[305, 346, -14]
[286, 418, 134]
[287, 431, 31]
[277, 433, 137]
[275, 445, 36]
[311, 432, 123]
[315, 451, 15]
[326, 69, -21]
[322, 60, -16]
[321, 60, -16]
[320, 60, -16]
[320, 60, -33]
[319, 60, -33]
[317, 60, -33]
[308, 62, 14]
[306, 63, -59]
[321, 78, -7]
[320, 79, -29]
[294, 109, 65]
[289, 116, -92]
[313, 157, 103]
[314, 179, -72]
[347, 119, 103]
[343, 128, 24]
[359, 110, 102]
[355, 118, 26]
[354, 106, 98]
[348, 114, 22]
[350, 110, 99]
[343, 118, 25]
[296, 250, 45]
[298, 258, -45]
[304, 332, 86]
[306, 344, -9]
[287, 411, 141]
[287, 425, 40]
[277, 425, 145]
[276, 438, 45]
[311, 425, 132]
[314, 446, 24]
[326, 69, -20]
[322, 60, -15]
[321, 60, -15]
[320, 59, -16]
[321, 60, -32]
[319, 60, -32]
[317, 60, -32]
[308, 62, 14]
[306, 63, -59]
[321, 77, -7]
[320, 78, -28]
[294, 109, 65]
[290, 116, -90]
[313, 160, 88]
[315, 179, -67]
[344, 117, 58]
[341, 126, 35]
[358, 106, 54]
[352, 116, 39]
[352, 104, 51]
[345, 111, 34]
[346, 108, 55]
[341, 115, 36]
[296, 250, 45]
[298, 257, -45]
[304, 331, 87]
[306, 343, -10]
[287, 411, 141]
[288, 425, 38]
[278, 425, 144]
[276, 438, 43]
[313, 424, 130]
[314, 445, 21]
[326, 69, -20]
[322, 60, -16]
[321, 60, -16]
[320, 59, -16]
[321, 60, -32]
[319, 60, -32]
[317, 60, -32]
[308, 62, 13]
[306, 64, -60]
[322, 77, -7]
[320, 78, -29]
[294, 108, 64]
[291, 115, -91]
[313, 162, 97]
[317, 178, -66]
[342, 126, 88]
[338, 123, 38]
[351, 118, 86]
[348, 113, 43]
[350, 114, 83]
[343, 108, 37]
[345, 117, 84]
[338, 112, 40]
[297, 249, 45]
[300, 257, -45]
[305, 329, 90]
[307, 342, -7]
[289, 409, 144]
[288, 423, 43]
[280, 424, 148]
[276, 437, 48]
[315, 422, 136]
[314, 443, 27]
[326, 69, -20]
[322, 60, -16]
[321, 60, -16]
[320, 59, -16]
[321, 60, -33]
[319, 60, -33]
[317, 60, -33]
[309, 62, 10]
[306, 64, -63]
[322, 77, -8]
[320, 78, -29]
[295, 108, 60]
[292, 115, -92]
[312, 156, 109]
[318, 176, -68]
[340, 129, 116]
[336, 120, 32]
[347, 120, 117]
[345, 109, 37]
[347, 119, 111]
[340, 104, 31]
[344, 122, 112]
[336, 108, 38]
[297, 248, 44]
[301, 256, -44]
[305, 327, 89]
[307, 341, -6]
[290, 407, 144]
[289, 422, 43]
[281, 421, 148]
[277, 435, 48]
[318, 419, 135]
[316, 440, 25]
[326, 69, -26]
[323, 60, -21]
[322, 60, -21]
[321, 59, -21]
[321, 60, -37]
[319, 60, -37]
[317, 60, -37]
[310, 62, 7]
[306, 64, -65]
[323, 77, -13]
[320, 78, -33]
[298, 107, 58]
[293, 114, -94]
[317, 146, 117]
[318, 173, -71]
[339, 121, 138]
[332, 120, 25]
[344, 115, 142]
[341, 109, 28]
[343, 111, 136]
[333, 104, 25]
[340, 114, 135]
[330, 108, 30]
[298, 246, 44]
[302, 254, -44]
[305, 324, 89]
[308, 339, -7]
[292, 403, 143]
[289, 419, 41]
[283, 418, 147]
[278, 433, 46]
[319, 415, 134]
[316, 437, 22]
[327, 69, -27]
[323, 60, -22]
[323, 60, -22]
[322, 59, -22]
[321, 60, -39]
[320, 60, -39]
[317, 60, -39]
[311, 62, 4]
[306, 64, -68]
[324, 77, -15]
[321, 78, -36]
[301, 107, 52]
[293, 114, -98]
[316, 155, 103]
[318, 169, -87]
[326, 192, 96]
[333, 112, -10]
[331, 201, 95]
[341, 102, -13]
[331, 196, 88]
[334, 97, -18]
[328, 193, 91]
[330, 101, -10]
[299, 246, 43]
[302, 254, -43]
[306, 324, 90]
[308, 339, -5]
[292, 403, 147]
[289, 420, 45]
[283, 417, 151]
[277, 434, 50]
[321, 416, 137]
[317, 437, 24]
[327, 68, -29]
[324, 60, -23]
[324, 60, -24]
[323, 59, -24]
[322, 60, -40]
[320, 60, -40]
[318, 60, -40]
[312, 62, 4]
[306, 64, -69]
[324, 77, -16]
[322, 78, -37]
[301, 107, 49]
[294, 113, -99]
[313, 169, 71]
[318, 168, -93]
[322, 227, 29]
[333, 110, -27]
[328, 240, 22]
[341, 99, -31]
[327, 237, 13]
[335, 95, -35]
[323, 232, 23]
[331, 99, -26]
[299, 246, 43]
[303, 253, -43]
[306, 324, 89]
[308, 339, -5]
[294, 404, 149]
[289, 421, 47]
[284, 419, 153]
[277, 435, 52]
[322, 417, 137]
[317, 437, 23]
[328, 68, -31]
[325, 60, -25]
[324, 60, -25]
[323, 59, -25]
[323, 60, -42]
[321, 60, -42]
[319, 60, -42]
[313, 62, 2]
[307, 64, -71]
[325, 77, -18]
[322, 78, -40]
[301, 107, 47]
[296, 113, -103]
[310, 174, 62]
[318, 164, -100]
[320, 240, 16]
[334, 109, -32]
[327, 255, 8]
[342, 98, -37]
[325, 253, 0]
[336, 94, -40]
[322, 247, 9]
[332, 98, -31]
[300, 245, 43]
[303, 253, -43]
[306, 324, 93]
[309, 339, -4]
[294, 404, 158]
[288, 421, 53]
[285, 419, 162]
[276, 435, 58]
[323, 416, 145]
[318, 437, 28]
[328, 68, -32]
[325, 60, -26]
[325, 60, -26]
[324, 59, -26]
[323, 60, -43]
[321, 60, -43]
[319, 60, -43]
[313, 62, 2]
[308, 64, -72]
[325, 77, -19]
[323, 78, -40]
[301, 107, 46]
[297, 113, -103]
[309, 178, 60]
[319, 164, -101]
[320, 244, 13]
[334, 109, -36]
[326, 260, 5]
[342, 98, -41]
[325, 258, -3]
[336, 94, -45]
[321, 252, 6]
[333, 98, -36]
[300, 245, 43]
[303, 253, -43]
[306, 324, 94]
[309, 339, -4]
[295, 404, 159]
[288, 421, 54]
[286, 419, 163]
[276, 436, 59]
[323, 415, 146]
[318, 437, 29]
[329, 68, -32]
[325, 60, -27]
[325, 60, -27]
[324, 59, -27]
[324, 60, -44]
[322, 60, -44]
[320, 60, -44]
[313, 62, 1]
[309, 64, -72]
[325, 77, -19]
[324, 78, -41]
[301, 107, 46]
[298, 113, -102]
[306, 179, 71]
[318, 163, -97]
[323, 216, 50]
[333, 111, -29]
[329, 225, 47]
[341, 101, -34]
[329, 221, 35]
[336, 96, -38]
[325, 218, 44]
[332, 99, -29]
[300, 245, 43]
[304, 253, -43]
[307, 323, 96]
[309, 339, -1]
[295, 403, 161]
[288, 421, 55]
[285, 417, 165]
[276, 435, 60]
[324, 414, 150]
[319, 437, 32]
