[445, 141, -114]
[454, 126, -129]
[457, 126, -129]
[460, 125, -130]
[450, 126, -102]
[451, 126, -102]
[452, 126, -102]
[482, 132, -160]
[473, 131, -40]
[456, 157, -122]
[451, 158, -87]
[514, 228, -204]
[491, 220, 46]
[504, 372, -216]
[485, 345, 92]
[463, 449, -177]
[456, 416, 47]
[454, 475, -200]
[452, 441, 49]
[447, 467, -194]
[446, 436, 22]
[450, 454, -172]
[451, 428, 34]
[485, 458, -67]
[470, 445, 67]
[468, 580, -6]
[455, 574, 134]
[469, 715, 127]
[451, 710, 229]
[480, 743, 136]
[456, 736, 238]
[429, 732, 88]
[407, 729, 202]
[444, 141, -111]
[453, 126, -129]
[456, 125, -129]
[459, 125, -129]
[449, 126, -102]
[450, 126, -102]
[451, 126, -102]
[481, 132, -160]
[473, 130, -39]
[454, 157, -121]
[450, 158, -86]
[513, 228, -204]
[491, 220, 46]
[504, 369, -214]
[485, 341, 94]
[463, 447, -172]
[457, 415, 54]
[455, 474, -195]
[453, 439, 55]
[448, 467, -192]
[447, 434, 29]
[450, 454, -169]
[452, 426, 41]
[486, 457, -67]
[470, 444, 67]
[468, 579, -5]
[460, 572, 138]
[473, 713, 124]
[457, 707, 235]
[485, 741, 133]
[463, 733, 243]
[433, 729, 89]
[412, 725, 211]
[443, 141, -89]
[451, 126, -108]
[455, 126, -108]
[458, 125, -108]
[448, 127, -79]
[449, 127, -79]
[450, 126, -79]
[481, 132, -151]
[472, 131, -23]
[454, 157, -102]
[449, 158, -65]
[514, 228, -196]
[490, 220, 57]
[504, 366, -201]
[485, 337, 104]
[464, 442, -144]
[457, 409, 66]
[456, 467, -166]
[454, 439, 69]
[449, 460, -161]
[449, 434, 43]
[452, 449, -140]
[453, 425, 53]
[488, 458, -67]
[470, 444, 67]
[470, 584, -25]
[460, 577, 125]
[474, 720, 93]
[457, 714, 205]
[486, 748, 101]
[463, 741, 211]
[435, 736, 58]
[411, 730, 178]
[442, 141, -92]
[451, 126, -110]
[454, 126, -110]
[457, 125, -110]
[448, 127, -81]
[449, 127, -81]
[450, 127, -81]
[481, 132, -151]
[472, 131, -22]
[453, 157, -104]
[449, 158, -66]
[514, 228, -201]
[491, 221, 65]
[505, 368, -215]
[485, 339, 109]
[462, 441, -158]
[457, 412, 63]
[451, 467, -184]
[452, 442, 65]
[444, 459, -176]
[449, 436, 39]
[447, 449, -152]
[453, 428, 50]
[489, 458, -69]
[470, 444, 70]
[474, 585, -18]
[460, 580, 132]
[475, 721, 113]
[457, 718, 215]
[486, 748, 121]
[463, 746, 221]
[435, 738, 73]
[411, 734, 181]
[443, 142, -100]
[451, 127, -119]
[454, 127, -119]
[458, 126, -119]
[448, 128, -90]
[449, 128, -90]
[450, 128, -90]
[481, 132, -157]
[472, 131, -28]
[453, 158, -111]
[449, 159, -74]
[513, 228, -206]
[491, 221, 64]
[505, 366, -218]
[492, 336, 108]
[462, 435, -159]
[461, 407, 65]
[449, 461, -184]
[452, 441, 68]
[443, 448, -177]
[448, 435, 41]
[447, 441, -154]
[452, 427, 52]
[490, 458, -71]
[474, 445, 71]
[476, 586, -5]
[460, 585, 142]
[475, 723, 130]
[457, 725, 236]
[484, 751, 139]
[464, 752, 244]
[433, 740, 90]
[409, 739, 202]
[443, 142, -106]
[451, 127, -124]
[454, 127, -124]
[458, 126, -124]
[448, 128, -95]
[449, 128, -95]
[450, 128, -95]
[481, 132, -160]
[472, 131, -32]
[454, 158, -115]
[449, 159, -78]
[513, 228, -206]
[491, 221, 60]
[506, 361, -218]
[492, 333, 104]
[460, 425, -167]
[457, 402, 64]
[440, 448, -191]
[444, 430, 65]
[435, 435, -183]
[439, 424, 39]
[441, 429, -161]
[444, 417, 50]
[490, 457, -71]
[475, 446, 71]
[479, 588, 0]
[458, 587, 145]
[476, 725, 134]
[457, 725, 244]
[485, 751, 144]
[465, 752, 253]
[435, 744, 92]
[409, 742, 210]
[444, 143, -105]
[452, 128, -123]
[455, 128, -123]
[459, 127, -123]
[449, 128, -94]
[449, 129, -94]
[450, 128, -95]
[483, 133, -160]
[473, 131, -35]
[455, 159, -115]
[450, 159, -78]
[515, 228, -200]
[494, 220, 47]
[506, 356, -203]
[493, 328, 89]
[455, 414, -153]
[458, 399, 55]
[436, 434, -174]
[448, 419, 55]
[434, 416, -167]
[442, 412, 31]
[440, 411, -148]
[446, 407, 43]
[492, 451, -66]
[479, 443, 66]
[489, 586, 0]
[462, 585, 134]
[483, 721, 128]
[467, 720, 228]
[490, 746, 137]
[475, 745, 236]
[448, 743, 87]
[424, 740, 194]
[445, 143, -105]
[454, 129, -123]
[457, 128, -123]
[461, 128, -123]
[450, 129, -94]
[450, 129, -94]
[451, 129, -94]
[484, 134, -163]
[474, 131, -36]
[457, 159, -115]
[451, 160, -78]
[515, 228, -200]
[495, 218, 44]
[507, 354, -202]
[493, 320, 91]
[454, 403, -147]
[454, 386, 65]
[432, 421, -168]
[443, 400, 65]
[433, 403, -163]
[438, 393, 42]
[438, 399, -143]
[442, 389, 53]
[493, 448, -65]
[481, 440, 65]
[496, 582, 9]
[464, 580, 136]
[491, 712, 143]
[469, 711, 237]
[498, 735, 154]
[478, 734, 246]
[458, 733, 106]
[430, 731, 204]
[447, 145, -100]
[455, 130, -118]
[459, 130, -118]
[463, 130, -118]
[451, 131, -89]
[452, 131, -89]
[453, 131, -89]
[486, 135, -161]
[474, 133, -32]
[458, 161, -111]
[453, 161, -74]
[520, 228, -200]
[495, 218, 45]
[511, 351, -204]
[489, 319, 95]
[454, 401, -160]
[436, 373, 62]
[429, 419, -184]
[421, 395, 60]
[424, 407, -179]
[416, 389, 35]
[434, 401, -156]
[422, 385, 49]
[496, 445, -65]
[481, 437, 65]
[499, 580, 5]
[464, 575, 136]
[496, 711, 128]
[473, 704, 235]
[503, 733, 138]
[483, 725, 243]
[465, 733, 85]
[435, 726, 203]
[448, 145, -98]
[456, 131, -116]
[460, 131, -116]
[464, 131, -116]
[453, 131, -87]
[453, 131, -87]
[454, 131, -87]
[487, 136, -160]
[476, 133, -31]
[460, 161, -110]
[454, 161, -73]
[520, 228, -199]
[497, 218, 46]
[511, 352, -205]
[488, 321, 99]
[438, 402, -175]
[425, 372, 61]
[413, 420, -200]
[405, 389, 59]
[408, 408, -191]
[398, 383, 33]
[417, 402, -170]
[405, 380, 48]
[497, 443, -65]
[481, 435, 65]
[504, 580, -1]
[464, 575, 128]
[501, 711, 110]
[474, 704, 215]
[510, 733, 119]
[484, 725, 222]
[467, 735, 68]
[434, 726, 180]
[449, 145, -90]
[457, 131, -107]
[461, 131, -107]
[465, 131, -107]
[454, 132, -79]
[454, 131, -79]
[455, 131, -79]
[488, 136, -150]
[477, 134, -25]
[460, 161, -103]
[455, 161, -67]
[524, 228, -196]
[497, 217, 53]
[512, 352, -205]
[488, 322, 99]
[423, 394, -172]
[421, 370, 51]
[400, 408, -196]
[399, 389, 49]
[396, 395, -189]
[393, 383, 22]
[405, 389, -169]
[404, 374, 37]
[503, 443, -65]
[481, 434, 65]
[509, 585, -20]
[465, 579, 118]
[505, 714, 84]
[477, 708, 193]
[516, 733, 92]
[487, 728, 199]
[469, 744, 41]
[437, 734, 154]
[450, 146, -88]
[459, 132, -104]
[463, 132, -104]
[466, 131, -104]
[455, 132, -76]
[456, 132, -76]
[457, 132, -76]
[489, 137, -144]
[477, 134, -20]
[462, 161, -100]
[457, 162, -64]
[526, 228, -192]
[498, 218, 63]
[516, 352, -206]
[488, 322, 107]
[423, 386, -173]
[415, 361, 51]
[398, 397, -198]
[391, 377, 49]
[393, 384, -187]
[384, 369, 23]
[403, 378, -167]
[392, 366, 37]
[505, 443, -67]
[482, 435, 67]
[512, 587, -28]
[467, 580, 117]
[509, 714, 88]
[480, 709, 198]
[520, 734, 97]
[491, 728, 204]
[473, 746, 46]
[441, 736, 160]
[451, 146, -51]
[459, 132, -67]
[463, 132, -68]
[466, 132, -68]
[456, 133, -39]
[456, 132, -39]
[457, 132, -40]
[489, 137, -113]
[478, 134, 11]
[462, 161, -65]
[458, 162, -29]
[528, 228, -166]
[498, 218, 86]
[515, 350, -164]
[488, 323, 107]
[417, 359, -95]
[417, 351, 36]
[390, 359, -112]
[397, 353, 31]
[388, 347, -101]
[393, 344, 9]
[399, 346, -87]
[400, 344, 23]
[507, 443, -67]
[482, 435, 67]
[511, 587, -27]
[471, 583, 112]
[507, 714, 83]
[481, 710, 186]
[519, 734, 91]
[492, 729, 192]
[470, 746, 46]
[439, 736, 151]
[451, 146, -43]
[460, 132, -60]
[463, 132, -60]
[467, 132, -60]
[457, 133, -33]
[458, 132, -33]
[459, 132, -33]
[489, 137, -106]
[479, 134, 14]
[463, 161, -57]
[458, 162, -22]
[528, 227, -158]
[499, 217, 88]
[511, 345, -150]
[485, 320, 104]
[409, 340, -70]
[411, 331, 22]
[383, 341, -83]
[395, 329, 16]
[383, 324, -73]
[392, 320, -1]
[393, 323, -62]
[398, 321, 11]
[506, 443, -67]
[482, 435, 67]
[509, 584, -20]
[472, 583, 114]
[505, 708, 91]
[480, 707, 187]
[516, 728, 99]
[491, 727, 193]
[469, 734, 48]
[437, 728, 157]
[452, 146, -39]
[461, 133, -57]
[464, 132, -57]
[467, 132, -57]
[458, 133, -29]
[459, 133, -29]
[460, 132, -30]
[489, 137, -105]
[480, 134, 17]
[463, 162, -54]
[459, 162, -19]
[528, 227, -157]
[500, 217, 89]
[510, 345, -137]
[485, 318, 97]
[408, 328, -33]
[416, 329, 12]
[383, 331, -43]
[399, 339, 5]
[383, 316, -33]
[396, 330, -12]
[392, 314, -25]
[403, 331, 1]
[505, 443, -67]
[482, 435, 67]
[507, 584, -15]
[476, 558, 116]
[504, 707, 94]
[480, 707, 189]
[515, 727, 103]
[490, 728, 194]
[468, 732, 56]
[437, 728, 159]
[452, 147, -42]
[461, 133, -60]
[464, 133, -60]
[467, 132, -60]
[458, 133, -32]
[459, 133, -32]
[460, 133, -32]
[490, 137, -106]
[481, 135, 15]
[464, 162, -57]
[460, 162, -21]
[529, 227, -155]
[500, 217, 84]
[511, 345, -124]
[487, 318, 95]
[414, 324, -10]
[419, 338, 20]
[390, 324, -18]
[407, 350, 14]
[386, 307, -9]
[407, 344, -4]
[395, 306, -1]
[413, 342, 8]
[505, 444, -67]
[482, 435, 67]
[507, 584, -13]
[478, 554, 116]
[503, 707, 96]
[479, 707, 188]
[514, 727, 105]
[489, 728, 193]
[467, 731, 56]
[437, 728, 156]
[453, 147, -46]
[461, 134, -64]
[464, 133, -64]
[468, 133, -64]
[458, 134, -36]
[459, 133, -36]
[460, 133, -36]
[490, 138, -108]
[481, 135, 12]
[464, 162, -60]
[459, 162, -25]
[530, 227, -155]
[499, 217, 82]
[513, 344, -126]
[487, 319, 93]
[417, 324, -16]
[421, 337, 17]
[392, 326, -26]
[408, 358, 9]
[387, 309, -16]
[407, 351, -10]
[396, 307, -8]
[413, 349, 4]
[505, 443, -67]
[482, 435, 67]
[506, 584, -13]
[477, 569, 114]
[503, 706, 90]
[478, 706, 180]
[514, 726, 98]
[489, 727, 184]
[466, 729, 54]
[436, 727, 146]
[453, 147, -42]
[461, 134, -60]
[464, 134, -60]
[468, 133, -61]
[458, 134, -32]
[459, 133, -32]
[460, 133, -32]
[490, 138, -108]
[481, 135, 15]
[464, 162, -57]
[460, 163, -21]
[530, 226, -153]
[499, 216, 82]
[514, 344, -113]
[489, 317, 89]
[423, 321, 22]
[430, 344, 17]
[401, 320, 17]
[420, 361, 11]
[401, 303, 27]
[421, 354, -6]
[410, 302, 31]
[426, 352, 6]
[505, 443, -66]
[482, 433, 66]
[505, 583, -13]
[474, 574, 111]
[501, 704, 92]
[474, 705, 177]
[511, 724, 100]
[484, 726, 181]
[463, 727, 55]
[434, 726, 143]
[454, 148, -47]
[462, 135, -64]
[465, 135, -64]
[469, 135, -65]
[459, 135, -37]
[460, 134, -37]
[461, 134, -37]
[491, 139, -109]
[481, 136, 12]
[464, 163, -61]
[460, 163, -25]
[532, 226, -149]
[496, 217, 82]
[518, 345, -117]
[489, 318, 70]
[436, 317, 7]
[436, 344, -17]
[418, 311, 3]
[426, 349, -25]
[424, 295, 15]
[431, 315, -39]
[432, 295, 17]
[436, 315, -26]
[505, 442, -63]
[480, 433, 64]
[505, 583, -13]
[474, 575, 106]
[501, 703, 90]
[473, 704, 172]
[511, 722, 98]
[483, 724, 176]
[464, 728, 50]
[434, 725, 134]
[454, 149, -46]
[462, 135, -63]
[466, 135, -63]
[469, 135, -63]
[459, 135, -36]
[460, 135, -36]
[461, 134, -36]
[491, 139, -107]
[481, 137, 12]
[465, 164, -60]
[460, 164, -25]
[532, 226, -147]
[496, 218, 79]
[519, 345, -112]
[490, 322, 78]
[438, 311, 10]
[439, 380, 1]
[418, 304, 3]
[430, 393, -12]
[425, 288, 14]
[432, 381, -26]
[433, 288, 18]
[437, 375, -8]
[505, 442, -62]
[479, 434, 62]
[505, 584, -15]
[472, 577, 105]
[501, 704, 89]
[471, 703, 175]
[511, 723, 97]
[480, 723, 179]
[463, 728, 50]
[433, 725, 138]
[455, 152, -41]
[463, 138, -58]
[466, 137, -58]
[469, 137, -58]
[459, 138, -31]
[460, 137, -31]
[461, 137, -31]
[491, 140, -103]
[481, 138, 16]
[465, 166, -55]
[461, 166, -20]
[532, 226, -142]
[497, 219, 78]
[519, 345, -108]
[490, 323, 82]
[442, 300, 15]
[446, 386, 3]
[424, 291, 9]
[437, 401, -6]
[431, 276, 19]
[440, 393, -25]
[439, 279, 23]
[445, 386, -7]
[505, 442, -60]
[478, 434, 61]
[503, 583, -22]
[469, 577, 99]
[499, 703, 82]
[467, 702, 167]
[509, 723, 90]
[476, 722, 172]
[461, 729, 44]
[430, 725, 131]
[455, 153, -36]
[463, 139, -54]
[466, 138, -54]
[469, 138, -54]
[459, 139, -26]
[460, 138, -26]
[461, 138, -26]
[491, 141, -101]
[481, 139, 23]
[465, 167, -51]
[461, 167, -15]
[532, 227, -142]
[497, 219, 83]
[518, 344, -108]
[486, 323, 69]
[442, 300, 25]
[452, 354, -26]
[424, 289, 22]
[436, 371, -35]
[432, 275, 30]
[439, 365, -48]
[440, 277, 34]
[444, 362, -35]
[505, 442, -61]
[477, 434, 61]
[502, 583, -26]
[469, 578, 95]
[498, 703, 80]
[466, 702, 164]
[508, 722, 88]
[475, 723, 169]
[460, 729, 41]
[429, 725, 127]
[455, 154, -33]
[462, 139, -51]
[466, 139, -51]
[469, 138, -51]
[459, 139, -23]
[460, 139, -23]
[461, 138, -23]
[491, 142, -99]
[481, 140, 25]
[465, 168, -48]
[461, 169, -12]
[533, 228, -143]
[497, 220, 84]
[513, 343, -109]
[483, 320, 62]
[442, 295, 31]
[445, 341, -40]
[423, 285, 29]
[435, 345, -50]
[428, 271, 37]
[436, 339, -61]
[437, 273, 40]
[443, 316, -49]
[505, 442, -61]
[476, 434, 61]
[502, 583, -27]
[470, 578, 95]
[498, 700, 82]
[468, 699, 166]
[508, 719, 90]
[477, 720, 171]
[460, 727, 44]
[430, 721, 132]
[455, 155, -33]
[462, 139, -51]
[465, 139, -51]
[468, 138, -51]
[459, 140, -23]
[460, 139, -23]
[461, 139, -23]
[490, 142, -100]
[481, 140, 26]
[464, 169, -48]
[460, 169, -12]
[534, 228, -143]
[496, 220, 84]
[513, 343, -109]
[482, 320, 67]
[445, 297, 25]
[446, 345, -27]
[426, 283, 21]
[434, 353, -36]
[433, 270, 31]
[436, 344, -49]
[440, 273, 34]
[442, 317, -37]
[505, 443, -60]
[475, 435, 60]
[502, 583, -33]
[469, 578, 92]
[498, 699, 83]
[468, 696, 169]
[508, 717, 92]
[477, 715, 175]
[461, 727, 46]
[432, 719, 135]
[453, 154, -30]
[461, 139, -48]
[463, 139, -48]
[466, 138, -49]
[458, 140, -19]
[459, 139, -19]
[460, 139, -19]
[488, 142, -100]
[480, 140, 28]
[462, 169, -46]
[459, 169, -9]
[532, 229, -145]
[496, 220, 86]
[504, 339, -104]
[482, 318, 69]
[444, 292, 45]
[445, 345, -20]
[425, 279, 42]
[435, 356, -28]
[431, 266, 51]
[439, 345, -41]
[439, 269, 53]
[444, 326, -30]
[505, 442, -60]
[475, 435, 61]
[502, 581, -34]
[470, 576, 93]
[498, 695, 83]
[469, 691, 171]
[508, 711, 92]
[478, 710, 176]
[461, 723, 47]
[435, 715, 136]
[453, 155, -33]
[460, 140, -51]
[462, 139, -51]
[465, 139, -51]
[458, 140, -22]
[459, 140, -22]
[459, 139, -23]
[487, 142, -101]
[480, 140, 26]
[461, 169, -49]
[458, 170, -12]
[531, 230, -146]
[495, 220, 86]
[502, 339, -109]
[481, 316, 58]
[441, 284, 41]
[438, 335, -48]
[419, 267, 40]
[432, 336, -56]
[424, 254, 50]
[437, 329, -65]
[436, 260, 51]
[441, 326, -56]
[504, 442, -62]
[475, 435, 62]
[502, 581, -36]
[471, 576, 95]
[499, 694, 82]
[473, 691, 174]
[509, 711, 91]
[482, 710, 180]
[462, 723, 47]
[437, 714, 145]
[453, 156, -34]
[460, 141, -52]
[462, 140, -52]
[465, 140, -52]
[458, 141, -24]
[458, 141, -24]
[459, 140, -24]
[487, 144, -101]
[479, 142, 24]
[461, 170, -50]
[458, 171, -13]
[531, 231, -145]
[494, 221, 85]
[503, 337, -110]
[480, 317, 61]
[441, 280, 34]
[439, 339, -35]
[420, 262, 31]
[432, 345, -43]
[425, 251, 42]
[437, 337, -54]
[436, 258, 43]
[441, 332, -44]
[504, 442, -62]
[475, 435, 62]
[503, 581, -38]
[471, 575, 96]
[499, 694, 80]
[474, 688, 175]
[509, 711, 89]
[483, 707, 182]
[463, 723, 46]
[438, 711, 147]
[453, 157, -30]
[460, 142, -48]
[462, 141, -48]
[465, 141, -48]
[457, 142, -20]
[458, 141, -20]
[459, 141, -20]
[486, 145, -98]
[478, 143, 26]
[461, 171, -46]
[458, 172, -10]
[531, 231, -143]
[494, 222, 85]
[504, 338, -107]
[482, 319, 70]
[446, 283, 39]
[444, 358, -4]
[429, 263, 37]
[438, 367, -8]
[434, 253, 48]
[441, 361, -23]
[442, 260, 49]
[445, 356, -14]
[504, 442, -62]
[475, 435, 62]
[503, 581, -37]
[471, 574, 96]
[499, 695, 78]
[475, 687, 179]
[509, 712, 87]
[484, 706, 186]
[463, 723, 45]
[439, 710, 153]
[453, 157, -30]
[460, 142, -47]
[462, 141, -48]
[464, 141, -48]
[457, 142, -19]
[458, 142, -19]
[459, 141, -19]
[486, 145, -97]
[478, 144, 28]
[461, 171, -46]
[458, 172, -10]
[531, 232, -142]
[494, 222, 85]
[507, 338, -107]
[482, 321, 69]
[450, 286, 39]
[445, 358, -11]
[432, 268, 37]
[439, 366, -15]
[437, 257, 48]
[442, 360, -27]
[444, 262, 49]
[446, 356, -20]
[504, 442, -63]
[475, 435, 63]
[503, 580, -35]
[472, 574, 96]
[499, 694, 78]
[475, 688, 178]
[510, 711, 87]
[484, 707, 185]
[463, 723, 44]
[439, 711, 151]
[453, 157, -30]
[460, 142, -48]
[462, 141, -48]
[464, 141, -48]
[457, 142, -20]
[458, 142, -20]
[459, 141, -20]
[486, 145, -97]
[478, 143, 28]
[461, 171, -45]
[458, 172, -9]
[531, 231, -143]
[494, 222, 88]
[506, 333, -111]
[472, 314, 51]
[448, 284, 33]
[442, 316, -62]
[431, 267, 30]
[438, 313, -71]
[436, 257, 40]
[441, 306, -76]
[443, 261, 42]
[445, 308, -69]
[504, 442, -63]
[475, 435, 63]
[503, 580, -32]
[472, 574, 97]
[500, 694, 78]
[476, 688, 171]
[510, 711, 87]
[485, 708, 177]
[466, 722, 43]
[439, 711, 140]
[453, 157, -30]
[460, 142, -48]
[463, 141, -48]
[465, 141, -49]
[458, 142, -20]
[459, 142, -20]
[460, 141, -20]
[487, 145, -97]
[479, 143, 27]
[462, 171, -45]
[459, 172, -10]
[531, 231, -143]
[495, 222, 88]
[505, 332, -112]
[473, 313, 52]
[445, 280, 33]
[442, 317, -54]
[428, 266, 33]
[438, 315, -63]
[432, 255, 42]
[440, 309, -70]
[439, 261, 42]
[445, 310, -62]
[504, 443, -62]
[475, 436, 62]
[502, 580, -24]
[472, 575, 97]
[499, 694, 79]
[475, 689, 167]
[510, 711, 87]
[484, 709, 172]
[465, 722, 44]
[438, 711, 137]
[453, 157, -30]
[461, 142, -48]
[463, 141, -48]
[466, 141, -48]
[458, 142, -20]
[459, 142, -20]
[460, 141, -20]
[488, 145, -97]
[480, 143, 27]
[462, 171, -45]
[459, 172, -9]
[531, 231, -142]
[495, 222, 88]
[505, 330, -112]
[470, 312, 52]
[445, 283, 32]
[440, 317, -59]
[428, 269, 30]
[437, 314, -69]
[434, 258, 41]
[439, 307, -75]
[440, 263, 41]
[444, 309, -67]
[505, 443, -62]
[476, 436, 62]
[502, 580, -24]
[472, 575, 95]
[499, 694, 78]
[475, 690, 161]
[509, 712, 86]
[484, 710, 165]
[465, 722, 41]
[438, 712, 128]
[454, 157, -30]
[461, 142, -49]
[464, 141, -49]
[467, 141, -49]
[459, 142, -21]
[459, 142, -21]
[460, 141, -21]
[490, 145, -96]
[481, 143, 27]
[463, 171, -45]
[460, 172, -10]
[533, 231, -141]
[496, 223, 88]
[509, 330, -113]
[471, 313, 52]
[445, 284, 13]
[440, 304, -63]
[428, 269, 11]
[435, 316, -73]
[435, 259, 20]
[437, 308, -80]
[441, 264, 22]
[443, 310, -71]
[506, 443, -61]
[477, 436, 61]
[504, 580, -20]
[472, 575, 96]
[501, 694, 81]
[475, 690, 163]
[511, 712, 88]
[484, 711, 167]
[466, 722, 42]
[438, 713, 130]
[455, 157, -31]
[463, 142, -49]
[466, 142, -49]
[469, 141, -49]
[459, 142, -22]
[460, 142, -22]
[460, 141, -22]
[492, 146, -96]
[481, 144, 26]
[465, 171, -45]
[460, 172, -11]
[536, 231, -140]
[496, 225, 88]
[513, 330, -119]
[468, 313, 47]
[445, 288, -7]
[434, 289, -80]
[428, 276, -10]
[430, 300, -91]
[435, 263, -1]
[432, 293, -96]
[441, 267, 1]
[438, 297, -87]
[507, 445, -61]
[478, 437, 61]
[506, 581, -21]
[474, 576, 96]
[504, 697, 81]
[476, 694, 163]
[515, 715, 88]
[485, 714, 167]
[469, 723, 42]
[438, 716, 128]
[457, 157, -33]
[465, 142, -50]
[468, 142, -51]
[471, 141, -51]
[461, 142, -23]
[462, 142, -23]
[462, 142, -23]
[494, 146, -96]
[483, 144, 25]
[467, 171, -46]
[462, 172, -12]
[537, 231, -141]
[497, 225, 88]
[516, 332, -122]
[469, 313, 47]
[445, 289, -4]
[434, 285, -79]
[428, 280, -6]
[427, 293, -90]
[435, 265, 3]
[428, 286, -96]
[440, 268, 5]
[436, 274, -86]
[507, 445, -61]
[479, 437, 61]
[506, 581, -20]
[474, 576, 96]
[504, 698, 82]
[475, 695, 164]
[515, 717, 89]
[484, 715, 168]
[469, 723, 42]
[437, 716, 129]
[459, 157, -41]
[467, 142, -58]
[470, 142, -58]
[474, 141, -58]
[463, 142, -32]
[463, 142, -32]
[464, 141, -32]
[496, 146, -101]
[484, 144, 17]
[469, 171, -54]
[464, 172, -20]
[538, 231, -143]
[497, 225, 85]
[520, 337, -123]
[471, 313, 44]
[446, 295, -5]
[434, 289, -82]
[427, 283, -7]
[427, 298, -94]
[435, 269, 1]
[428, 290, -101]
[441, 272, 3]
[436, 275, -90]
[509, 445, -61]
[481, 436, 61]
[510, 581, -16]
[476, 576, 100]
[508, 698, 83]
[476, 695, 165]
[519, 717, 90]
[485, 716, 169]
[472, 723, 43]
[438, 716, 130]
[460, 156, -43]
[469, 142, -61]
[472, 141, -61]
[476, 141, -61]
[465, 142, -35]
[466, 142, -34]
[466, 141, -35]
[498, 145, -105]
[486, 143, 12]
[470, 171, -57]
[466, 172, -23]
[537, 231, -147]
[500, 223, 80]
[519, 340, -122]
[485, 313, 47]
[449, 297, 9]
[439, 305, -76]
[431, 285, 8]
[431, 302, -87]
[439, 271, 18]
[432, 295, -93]
[445, 273, 18]
[439, 285, -83]
[509, 445, -61]
[484, 436, 61]
[510, 580, -11]
[479, 576, 106]
[508, 697, 88]
[479, 695, 170]
[519, 716, 96]
[489, 715, 175]
[472, 720, 52]
[438, 714, 139]
[462, 156, -44]
[470, 142, -61]
[473, 141, -61]
[477, 141, -62]
[467, 142, -35]
[468, 141, -35]
[469, 141, -35]
[499, 145, -107]
[488, 143, 12]
[471, 171, -58]
[467, 171, -23]
[538, 231, -150]
[503, 223, 78]
[521, 343, -121]
[491, 317, 60]
[446, 307, 9]
[439, 333, -34]
[425, 297, 7]
[431, 332, -44]
[434, 282, 17]
[431, 324, -57]
[440, 282, 18]
[439, 323, -44]
[510, 445, -61]
[485, 435, 61]
[512, 580, -5]
[479, 576, 113]
[511, 697, 100]
[482, 694, 182]
[522, 716, 108]
[491, 714, 187]
[474, 719, 64]
[442, 714, 152]
[464, 156, -50]
[473, 142, -68]
[476, 141, -68]
[479, 141, -68]
[469, 142, -41]
[470, 141, -41]
[471, 140, -41]
[501, 145, -111]
[490, 143, 5]
[474, 171, -63]
[470, 171, -29]
[539, 232, -152]
[505, 222, 74]
[522, 346, -123]
[493, 316, 55]
[445, 313, 4]
[439, 330, -39]
[424, 305, 2]
[430, 324, -50]
[432, 290, 12]
[430, 316, -64]
[439, 291, 13]
[437, 295, -50]
[511, 444, -61]
[487, 434, 61]
[514, 579, -1]
[481, 576, 112]
[511, 696, 105]
[482, 693, 183]
[522, 715, 114]
[492, 713, 188]
[474, 718, 69]
[442, 713, 151]
[465, 156, -49]
[474, 141, -67]
[478, 141, -67]
[481, 141, -67]
[471, 141, -40]
[471, 141, -40]
[472, 140, -40]
[503, 145, -111]
[491, 143, 7]
[476, 171, -63]
[471, 171, -29]
[540, 232, -152]
[506, 222, 74]
[523, 348, -121]
[495, 318, 63]
[445, 315, 5]
[441, 324, -25]
[423, 310, 2]
[428, 331, -34]
[430, 294, 12]
[428, 322, -48]
[438, 294, 15]
[435, 318, -35]
[512, 445, -61]
[489, 434, 61]
[513, 580, -5]
[481, 577, 110]
[510, 697, 101]
[482, 695, 181]
[521, 716, 108]
[491, 715, 186]
[473, 718, 63]
[442, 715, 150]
[467, 155, -50]
[476, 141, -68]
[479, 140, -68]
[483, 140, -68]
[473, 140, -42]
[473, 140, -42]
[474, 139, -42]
[504, 145, -112]
[492, 143, 5]
[478, 170, -64]
[473, 170, -30]
[540, 232, -153]
[508, 222, 73]
[523, 349, -120]
[497, 319, 68]
[444, 321, 6]
[441, 325, -16]
[421, 320, 3]
[425, 342, -24]
[425, 304, 13]
[423, 334, -39]
[433, 302, 15]
[433, 319, -26]
[513, 445, -61]
[492, 434, 61]
[514, 580, -7]
[481, 577, 110]
[511, 697, 99]
[483, 696, 180]
[523, 716, 107]
[492, 715, 185]
[474, 718, 63]
[444, 716, 148]
[467, 155, -51]
[476, 140, -68]
[480, 140, -68]
[483, 140, -68]
[473, 140, -41]
[474, 140, -41]
[475, 139, -41]
[504, 145, -112]
[493, 142, 6]
[478, 170, -65]
[473, 170, -30]
[542, 232, -156]
[508, 222, 74]
[523, 350, -127]
[495, 319, 70]
[430, 317, -14]
[430, 336, -21]
[405, 314, -22]
[415, 342, -30]
[407, 299, -11]
[414, 334, -45]
[417, 299, -5]
[422, 330, -32]
[515, 445, -62]
[493, 435, 62]
[517, 581, -7]
[482, 578, 115]
[516, 697, 102]
[487, 696, 188]
[527, 717, 110]
[497, 716, 193]
[480, 719, 65]
[448, 717, 155]
[467, 154, -51]
[477, 140, -68]
[480, 140, -68]
[483, 140, -68]
[473, 140, -41]
[474, 139, -41]
[475, 139, -41]
[504, 145, -113]
[494, 142, 7]
[478, 170, -65]
[474, 170, -30]
[542, 232, -159]
[509, 222, 75]
[523, 351, -130]
[496, 321, 85]
[427, 319, -15]
[431, 359, 9]
[403, 316, -23]
[416, 366, 3]
[404, 301, -13]
[416, 357, -15]
[413, 301, -6]
[423, 354, -1]
[516, 446, -64]
[494, 435, 64]
[519, 582, -7]
[483, 580, 119]
[519, 699, 102]
[489, 698, 194]
[530, 718, 111]
[499, 718, 199]
[483, 721, 65]
[450, 719, 161]
[467, 154, -50]
[477, 140, -67]
[480, 140, -67]
[483, 140, -68]
[474, 140, -40]
[474, 139, -40]
[475, 139, -40]
[504, 145, -113]
[495, 142, 7]
[478, 170, -64]
[474, 170, -29]
[542, 233, -160]
[510, 222, 78]
[519, 352, -138]
[496, 321, 78]
[418, 327, -32]
[426, 340, -10]
[393, 329, -41]
[412, 350, -18]
[395, 315, -31]
[411, 341, -32]
[404, 313, -23]
[418, 354, -20]
[518, 446, -65]
[495, 435, 65]
[522, 582, -10]
[484, 580, 117]
[522, 699, 101]
[490, 699, 190]
[533, 718, 109]
[501, 719, 195]
[486, 722, 64]
[451, 720, 157]
[467, 154, -54]
[477, 140, -71]
[480, 140, -71]
[483, 140, -71]
[474, 140, -44]
[474, 139, -44]
[475, 139, -44]
[504, 145, -113]
[495, 142, 5]
[478, 170, -67]
[474, 170, -33]
[542, 233, -160]
[510, 223, 78]
[514, 352, -139]
[492, 324, 70]
[414, 331, -42]
[413, 339, -41]
[390, 331, -51]
[397, 333, -51]
[392, 315, -40]
[395, 324, -65]
[401, 316, -33]
[403, 336, -51]
[518, 446, -65]
[495, 437, 65]
[524, 585, -27]
[484, 581, 107]
[525, 700, 100]
[492, 700, 188]
[537, 719, 109]
[501, 719, 193]
[490, 725, 63]
[454, 722, 155]
[467, 154, -54]
[477, 140, -71]
[480, 140, -71]
[483, 140, -71]
[474, 140, -44]
[474, 139, -44]
[475, 139, -44]
[504, 145, -113]
[495, 142, 5]
[478, 170, -67]
[474, 170, -33]
[542, 233, -161]
[510, 225, 79]
[511, 352, -152]
[488, 326, 71]
[408, 338, -73]
[407, 338, -39]
[381, 339, -86]
[392, 329, -49]
[386, 324, -75]
[389, 320, -62]
[395, 323, -65]
[397, 331, -49]
[519, 446, -65]
[494, 438, 65]
[524, 587, -42]
[484, 583, 99]
[526, 702, 100]
[492, 702, 187]
[538, 720, 109]
[502, 722, 193]
[492, 728, 63]
[456, 726, 154]
[467, 154, -54]
[477, 140, -70]
[480, 140, -70]
[483, 139, -70]
[473, 139, -42]
[474, 139, -42]
[475, 139, -42]
[504, 145, -112]
[496, 142, 8]
[478, 170, -66]
[474, 170, -33]
[541, 233, -166]
[511, 228, 83]
[511, 355, -166]
[492, 331, 107]
[412, 364, -105]
[411, 362, 43]
[387, 371, -126]
[398, 366, 40]
[385, 355, -115]
[396, 358, 16]
[396, 355, -98]
[404, 358, 30]
[519, 448, -67]
[496, 440, 68]
[522, 589, -45]
[485, 586, 100]
[525, 705, 97]
[494, 709, 194]
[536, 723, 108]
[504, 730, 200]
[490, 733, 64]
[455, 732, 160]
[467, 154, -65]
[476, 140, -82]
[480, 140, -82]
[483, 139, -82]
[473, 139, -53]
[474, 139, -53]
[475, 139, -54]
[504, 145, -127]
[496, 142, -1]
[478, 170, -80]
[474, 170, -43]
[540, 234, -183]
[511, 228, 79]
[512, 357, -192]
[493, 332, 110]
[415, 378, -141]
[413, 367, 52]
[390, 386, -163]
[401, 373, 50]
[388, 370, -152]
[399, 365, 26]
[399, 367, -134]
[407, 363, 39]
[518, 448, -69]
[495, 441, 69]
[521, 588, -37]
[483, 586, 113]
[524, 705, 97]
[493, 709, 200]
[536, 723, 108]
[503, 729, 206]
[489, 732, 63]
[455, 731, 164]
[467, 154, -75]
[476, 140, -92]
[479, 140, -93]
[482, 139, -93]
[473, 139, -63]
[474, 139, -63]
[475, 139, -64]
[504, 145, -138]
[496, 142, -9]
[477, 170, -90]
[473, 170, -53]
[539, 235, -192]
[510, 229, 72]
[512, 359, -202]
[495, 333, 105]
[418, 389, -151]
[421, 384, 47]
[392, 400, -173]
[406, 395, 45]
[391, 387, -164]
[402, 388, 21]
[401, 387, -144]
[410, 385, 34]
[518, 448, -69]
[495, 441, 69]
[521, 588, -45]
[479, 586, 112]
[524, 705, 92]
[491, 708, 196]
[535, 723, 102]
[502, 730, 202]
[489, 736, 57]
[451, 732, 161]
[467, 154, -84]
[476, 140, -101]
[479, 140, -101]
[482, 139, -101]
[473, 139, -73]
[474, 139, -73]
[475, 139, -73]
[503, 145, -143]
[496, 143, -21]
[477, 170, -97]
[473, 170, -62]
[537, 235, -191]
[510, 229, 61]
[514, 360, -194]
[495, 334, 98]
[426, 397, -143]
[421, 373, 41]
[403, 408, -163]
[402, 382, 39]
[398, 396, -155]
[397, 374, 15]
[407, 391, -137]
[404, 372, 28]
[518, 448, -69]
[495, 441, 69]
[521, 588, -39]
[480, 585, 112]
[525, 706, 92]
[495, 708, 195]
[536, 724, 103]
[506, 729, 201]
[490, 736, 58]
[455, 732, 160]
[467, 154, -85]
[476, 140, -102]
[479, 140, -102]
[482, 139, -102]
[473, 139, -74]
[473, 139, -74]
[474, 139, -74]
[503, 145, -141]
[495, 143, -20]
[477, 170, -97]
[472, 170, -62]
[536, 235, -190]
[510, 229, 65]
[516, 363, -203]
[494, 335, 108]
[439, 414, -170]
[422, 374, 53]
[416, 426, -193]
[401, 381, 53]
[411, 414, -185]
[395, 373, 27]
[420, 411, -164]
[402, 371, 40]
[515, 450, -69]
[495, 442, 69]
[519, 588, -29]
[480, 585, 120]
[523, 706, 92]
[495, 708, 202]
[535, 724, 102]
[505, 730, 209]
[486, 736, 55]
[451, 732, 168]
[466, 154, -92]
[475, 140, -107]
[478, 140, -107]
[482, 139, -108]
[472, 140, -80]
[473, 139, -80]
[474, 139, -81]
[503, 145, -146]
[495, 143, -26]
[476, 170, -103]
[472, 170, -68]
[535, 236, -194]
[510, 230, 59]
[517, 366, -212]
[494, 336, 102]
[437, 416, -179]
[431, 380, 45]
[415, 432, -204]
[407, 396, 45]
[411, 420, -193]
[400, 389, 20]
[420, 414, -173]
[407, 386, 32]
[515, 451, -69]
[495, 442, 69]
[518, 586, -20]
[480, 584, 122]
[522, 703, 98]
[495, 708, 206]
[534, 721, 107]
[505, 729, 212]
[486, 731, 60]
[450, 732, 171]
[466, 154, -90]
[475, 140, -106]
[478, 140, -106]
[481, 140, -106]
[471, 140, -79]
[472, 139, -79]
[473, 139, -79]
[502, 145, -144]
[494, 143, -23]
[476, 170, -102]
[471, 170, -66]
[535, 236, -193]
[509, 229, 61]
[520, 366, -213]
[494, 338, 99]
[441, 419, -178]
[439, 389, 40]
[419, 439, -203]
[422, 408, 40]
[416, 425, -192]
[417, 402, 15]
[423, 418, -171]
[423, 397, 27]
[515, 451, -69]
[495, 442, 69]
[515, 586, -38]
[479, 583, 119]
[519, 702, 94]
[493, 708, 203]
[531, 721, 104]
[503, 730, 210]
[482, 729, 54]
[447, 731, 168]
[466, 154, -104]
[474, 140, -120]
[477, 140, -120]
[480, 140, -120]
[470, 140, -93]
[470, 139, -93]
[471, 139, -93]
[502, 145, -156]
[492, 143, -34]
[475, 170, -114]
[470, 170, -79]
[536, 236, -200]
[506, 230, 51]
[523, 366, -216]
[492, 339, 93]
[461, 425, -183]
[444, 399, 35]
[440, 450, -208]
[433, 424, 35]
[436, 438, -199]
[429, 419, 11]
[442, 429, -177]
[434, 412, 23]
[515, 451, -69]
[494, 442, 69]
[514, 585, -38]
[480, 562, 118]
[516, 702, 94]
[488, 708, 204]
[527, 721, 104]
[497, 730, 211]
[478, 730, 52]
[443, 731, 167]
[465, 154, -102]
[473, 140, -119]
[476, 140, -119]
[480, 140, -119]
[469, 140, -91]
[469, 139, -91]
[470, 139, -91]
[501, 145, -155]
[491, 143, -31]
[475, 170, -112]
[469, 170, -76]
[535, 237, -199]
[505, 230, 55]
[523, 368, -214]
[492, 342, 93]
[464, 430, -171]
[449, 408, 35]
[444, 455, -195]
[443, 430, 34]
[440, 442, -186]
[439, 424, 10]
[446, 433, -165]
[445, 418, 22]
[515, 453, -69]
[494, 444, 69]
[509, 589, -61]
[477, 571, 107]
[514, 709, 87]
[486, 710, 202]
[526, 730, 98]
[495, 732, 209]
[478, 733, 47]
[442, 734, 166]
[465, 154, -101]
[472, 140, -117]
[476, 140, -117]
[479, 140, -117]
[468, 140, -91]
[468, 140, -91]
[469, 140, -91]
[501, 145, -149]
[489, 143, -31]
[475, 170, -110]
[469, 171, -76]
[534, 237, -195]
[506, 231, 56]
[523, 367, -209]
[492, 344, 93]
[469, 438, -167]
[463, 413, 37]
[454, 462, -191]
[456, 435, 37]
[448, 456, -182]
[447, 432, 13]
[453, 444, -161]
[457, 422, 25]
[515, 454, -68]
[494, 448, 68]
[506, 588, -53]
[477, 571, 106]
[513, 708, 88]
[487, 710, 202]
[524, 729, 98]
[496, 732, 209]
[478, 731, 47]
[443, 734, 168]
[463, 155, -95]
[471, 140, -111]
[474, 140, -112]
[478, 140, -112]
[467, 140, -82]
[467, 140, -82]
[467, 140, -82]
[499, 145, -149]
[488, 143, -18]
[473, 170, -105]
[468, 171, -67]
[533, 237, -193]
[504, 232, 69]
[523, 372, -208]
[491, 348, 109]
[465, 444, -168]
[458, 413, 49]
[447, 465, -195]
[451, 435, 48]
[442, 458, -186]
[447, 430, 22]
[448, 447, -162]
[453, 422, 35]
[511, 458, -69]
[489, 452, 69]
[496, 588, -52]
[471, 572, 122]
[505, 711, 106]
[481, 710, 223]
[516, 734, 117]
[489, 731, 231]
[469, 732, 68]
[440, 734, 193]
[461, 155, -95]
[469, 140, -110]
[471, 140, -110]
[475, 140, -110]
[465, 140, -81]
[465, 140, -81]
[466, 140, -81]
[497, 145, -147]
[487, 144, -17]
[471, 170, -104]
[466, 171, -66]
[531, 237, -195]
[505, 233, 69]
[523, 373, -211]
[494, 347, 110]
[468, 447, -173]
[464, 410, 53]
[454, 471, -200]
[459, 432, 53]
[447, 460, -192]
[455, 426, 27]
[452, 450, -167]
[459, 419, 39]
[510, 460, -69]
[489, 454, 69]
[491, 590, -51]
[472, 575, 120]
[498, 715, 101]
[477, 710, 216]
[510, 740, 112]
[485, 733, 224]
[460, 733, 66]
[433, 733, 186]
[460, 155, -94]
[468, 140, -109]
[471, 140, -109]
[474, 140, -109]
[464, 140, -82]
[464, 140, -82]
[464, 140, -82]
[496, 145, -144]
[485, 144, -19]
[470, 170, -103]
[464, 171, -67]
[531, 237, -194]
[503, 233, 67]
[523, 372, -209]
[494, 346, 107]
[475, 447, -171]
[466, 410, 50]
[466, 475, -197]
[462, 440, 49]
[459, 467, -191]
[458, 434, 23]
[462, 455, -167]
[463, 426, 36]
[509, 461, -69]
[487, 455, 69]
[490, 589, -48]
[471, 575, 119]
[498, 715, 94]
[477, 710, 212]
[511, 738, 103]
[485, 734, 220]
[463, 731, 61]
[429, 733, 181]
[459, 155, -96]
[467, 140, -111]
[470, 140, -111]
[473, 140, -111]
[463, 140, -84]
[463, 140, -84]
[463, 140, -84]
[495, 145, -144]
[484, 144, -22]
[469, 170, -104]
[463, 171, -70]
[530, 237, -193]
[503, 233, 64]
[523, 372, -208]
[495, 346, 105]
[480, 448, -171]
[468, 411, 50]
[472, 480, -196]
[467, 441, 50]
[465, 471, -191]
[462, 436, 24]
[467, 459, -167]
[467, 427, 37]
[509, 460, -67]
[481, 452, 68]
[491, 586, -45]
[470, 575, 116]
[497, 710, 96]
[474, 710, 208]
[509, 735, 105]
[482, 734, 215]
[463, 727, 62]
[426, 733, 180]
