[423, 156, -195]
[433, 141, -181]
[438, 142, -181]
[444, 143, -181]
[414, 139, -184]
[407, 138, -184]
[400, 138, -184]
[451, 153, -92]
[388, 148, -101]
[434, 177, -161]
[408, 176, -163]
[501, 262, -47]
[334, 252, -64]
[521, 387, -22]
[304, 384, -47]
[537, 503, -111]
[287, 502, -125]
[551, 529, -134]
[273, 534, -148]
[543, 531, -160]
[289, 536, -177]
[537, 520, -123]
[295, 523, -138]
[473, 516, -2]
[360, 513, 2]
[464, 692, 21]
[364, 694, 35]
[463, 851, 192]
[369, 856, 162]
[465, 873, 204]
[368, 880, 171]
[449, 909, 103]
[377, 909, 57]
[422, 155, -214]
[433, 141, -198]
[438, 142, -198]
[443, 143, -198]
[414, 139, -200]
[407, 138, -200]
[400, 138, -200]
[451, 153, -99]
[388, 148, -102]
[433, 177, -176]
[407, 176, -177]
[501, 262, -50]
[334, 252, -64]
[521, 389, -22]
[305, 384, -39]
[537, 505, -111]
[288, 501, -123]
[552, 532, -134]
[273, 532, -147]
[543, 534, -162]
[290, 533, -178]
[537, 524, -124]
[296, 521, -137]
[474, 516, -6]
[360, 514, 6]
[465, 693, 23]
[365, 694, 46]
[463, 853, 205]
[369, 858, 190]
[465, 875, 218]
[369, 884, 201]
[449, 911, 108]
[377, 911, 76]
[422, 155, -216]
[433, 141, -201]
[438, 142, -201]
[443, 143, -201]
[414, 138, -202]
[406, 138, -202]
[400, 138, -202]
[451, 153, -100]
[388, 148, -106]
[433, 176, -178]
[407, 176, -179]
[501, 262, -51]
[334, 252, -64]
[522, 389, -19]
[305, 384, -37]
[539, 506, -105]
[288, 500, -120]
[553, 532, -127]
[273, 531, -144]
[544, 534, -155]
[289, 532, -175]
[537, 524, -118]
[296, 520, -135]
[476, 516, -7]
[361, 514, 8]
[467, 693, 22]
[366, 695, 44]
[466, 854, 200]
[371, 861, 185]
[468, 877, 212]
[371, 887, 194]
[452, 912, 106]
[378, 913, 70]
[422, 155, -229]
[432, 141, -214]
[437, 141, -214]
[443, 143, -214]
[414, 138, -215]
[406, 138, -215]
[400, 138, -215]
[451, 152, -110]
[388, 148, -116]
[433, 176, -190]
[407, 175, -191]
[502, 261, -52]
[334, 252, -67]
[522, 388, -18]
[305, 384, -40]
[540, 505, -109]
[290, 500, -129]
[553, 531, -132]
[276, 530, -153]
[544, 532, -161]
[292, 531, -183]
[538, 522, -123]
[298, 519, -143]
[477, 516, -8]
[362, 514, 8]
[468, 693, 17]
[368, 695, 43]
[468, 854, 198]
[373, 861, 191]
[469, 876, 210]
[373, 887, 201]
[454, 913, 104]
[380, 914, 72]
[422, 154, -244]
[432, 140, -229]
[437, 141, -229]
[443, 142, -229]
[413, 138, -231]
[406, 138, -231]
[399, 137, -231]
[451, 152, -121]
[387, 148, -129]
[433, 176, -203]
[407, 175, -206]
[501, 261, -54]
[334, 252, -71]
[522, 388, -16]
[305, 384, -41]
[540, 503, -111]
[292, 500, -134]
[553, 530, -135]
[278, 531, -161]
[545, 531, -165]
[294, 531, -193]
[538, 521, -125]
[300, 519, -148]
[477, 516, -9]
[362, 514, 9]
[468, 694, 3]
[368, 696, 41]
[469, 854, 196]
[373, 864, 200]
[470, 877, 209]
[374, 890, 212]
[456, 914, 96]
[381, 916, 78]
[421, 154, -239]
[432, 140, -223]
[437, 141, -224]
[442, 142, -224]
[413, 138, -226]
[406, 137, -226]
[399, 137, -226]
[450, 152, -119]
[387, 147, -128]
[433, 176, -199]
[406, 175, -202]
[501, 260, -52]
[334, 252, -72]
[522, 388, -9]
[305, 383, -42]
[540, 504, -101]
[292, 499, -135]
[553, 531, -123]
[279, 530, -162]
[543, 533, -153]
[295, 531, -194]
[537, 522, -115]
[301, 519, -150]
[477, 516, -8]
[361, 514, 9]
[468, 693, 5]
[368, 695, 40]
[468, 854, 203]
[373, 863, 192]
[469, 876, 217]
[374, 890, 202]
[455, 914, 103]
[380, 915, 72]
[421, 154, -237]
[432, 140, -220]
[437, 141, -220]
[442, 142, -221]
[413, 138, -224]
[405, 137, -224]
[399, 137, -224]
[450, 152, -113]
[387, 147, -125]
[432, 176, -195]
[406, 175, -199]
[500, 260, -46]
[333, 252, -72]
[521, 388, -4]
[306, 383, -43]
[539, 503, -98]
[292, 499, -134]
[553, 531, -121]
[279, 531, -160]
[543, 533, -151]
[295, 532, -191]
[537, 522, -112]
[301, 520, -148]
[476, 515, -8]
[361, 514, 8]
[464, 693, 4]
[365, 695, 39]
[464, 854, 195]
[369, 863, 190]
[464, 876, 208]
[369, 889, 200]
[451, 914, 93]
[376, 915, 70]
[421, 154, -216]
[432, 140, -200]
[437, 141, -200]
[441, 142, -200]
[413, 138, -204]
[405, 137, -204]
[399, 137, -205]
[449, 152, -99]
[387, 147, -115]
[432, 176, -177]
[406, 175, -182]
[499, 259, -32]
[333, 252, -72]
[521, 386, 8]
[306, 383, -49]
[539, 503, -85]
[292, 501, -135]
[553, 530, -107]
[279, 534, -160]
[544, 532, -136]
[295, 535, -192]
[537, 521, -99]
[301, 522, -149]
[475, 514, -1]
[361, 513, 1]
[464, 692, 13]
[366, 693, 40]
[465, 850, 203]
[371, 858, 195]
[466, 873, 217]
[371, 883, 207]
[452, 909, 107]
[380, 910, 84]
[421, 154, -209]
[432, 140, -194]
[436, 141, -194]
[441, 142, -194]
[413, 138, -197]
[405, 137, -198]
[399, 137, -198]
[449, 151, -95]
[387, 147, -110]
[432, 176, -171]
[406, 175, -175]
[498, 259, -31]
[333, 251, -72]
[520, 385, 8]
[306, 383, -50]
[539, 503, -83]
[292, 501, -132]
[553, 529, -105]
[278, 534, -157]
[544, 532, -133]
[295, 536, -187]
[537, 521, -96]
[301, 522, -145]
[474, 513, 0]
[361, 512, 0]
[464, 691, 15]
[366, 692, 40]
[465, 848, 202]
[372, 855, 194]
[466, 870, 216]
[371, 879, 205]
[452, 906, 109]
[381, 907, 84]
[421, 155, -211]
[432, 140, -196]
[436, 141, -196]
[441, 142, -196]
[413, 138, -200]
[405, 138, -200]
[399, 138, -200]
[449, 152, -98]
[387, 148, -111]
[432, 176, -174]
[406, 175, -178]
[498, 258, -36]
[334, 251, -69]
[520, 384, 1]
[306, 383, -46]
[539, 501, -88]
[292, 501, -132]
[553, 524, -114]
[276, 534, -157]
[545, 528, -146]
[292, 535, -188]
[538, 518, -104]
[299, 522, -145]
[474, 512, 0]
[361, 512, 0]
[463, 690, 14]
[365, 691, 28]
[463, 848, 201]
[369, 855, 168]
[464, 870, 215]
[369, 879, 178]
[449, 906, 107]
[378, 907, 54]
[421, 155, -206]
[432, 141, -192]
[436, 141, -192]
[441, 142, -192]
[413, 139, -195]
[405, 138, -195]
[399, 138, -195]
[449, 152, -95]
[387, 148, -109]
[432, 176, -169]
[406, 175, -173]
[498, 258, -37]
[334, 252, -65]
[521, 383, -1]
[307, 383, -43]
[540, 496, -99]
[291, 498, -128]
[555, 518, -126]
[276, 527, -154]
[550, 521, -158]
[290, 528, -185]
[542, 513, -115]
[297, 518, -142]
[473, 512, 0]
[361, 511, 0]
[462, 690, 14]
[364, 691, 17]
[461, 848, 191]
[367, 855, 136]
[462, 870, 204]
[366, 879, 144]
[447, 905, 102]
[375, 907, 25]
[421, 157, -209]
[432, 141, -194]
[436, 142, -195]
[441, 143, -195]
[413, 139, -198]
[405, 139, -198]
[399, 139, -198]
[449, 153, -97]
[387, 149, -110]
[432, 177, -172]
[406, 176, -176]
[498, 258, -38]
[334, 252, -64]
[521, 383, -1]
[307, 382, -42]
[541, 490, -100]
[291, 488, -129]
[556, 513, -129]
[277, 514, -158]
[551, 514, -162]
[290, 513, -188]
[543, 506, -117]
[297, 505, -144]
[473, 511, 0]
[361, 509, 0]
[462, 690, 19]
[363, 690, 16]
[461, 848, 196]
[365, 854, 139]
[462, 869, 208]
[365, 877, 146]
[447, 905, 105]
[374, 907, 23]
[421, 158, -227]
[432, 143, -212]
[436, 144, -212]
[441, 145, -212]
[413, 141, -215]
[405, 140, -215]
[399, 140, -215]
[449, 155, -109]
[387, 151, -123]
[432, 178, -187]
[406, 177, -192]
[498, 259, -46]
[334, 252, -65]
[521, 382, -16]
[307, 382, -43]
[542, 486, -138]
[289, 483, -146]
[558, 510, -170]
[273, 510, -177]
[554, 509, -202]
[286, 511, -210]
[546, 502, -155]
[294, 503, -162]
[472, 511, 0]
[361, 507, 0]
[461, 689, 19]
[360, 689, 17]
[459, 847, 200]
[363, 853, 148]
[460, 868, 212]
[363, 876, 157]
[445, 904, 105]
[373, 906, 31]
[421, 159, -225]
[432, 143, -210]
[436, 144, -210]
[441, 146, -211]
[413, 141, -214]
[405, 141, -214]
[399, 141, -214]
[449, 156, -108]
[387, 151, -123]
[432, 179, -186]
[406, 177, -190]
[498, 259, -47]
[335, 252, -65]
[521, 382, -17]
[307, 381, -43]
[543, 484, -134]
[288, 480, -145]
[559, 508, -164]
[272, 508, -175]
[555, 508, -195]
[284, 509, -208]
[547, 500, -150]
[293, 500, -161]
[472, 510, 0]
[361, 507, 0]
[461, 688, 23]
[360, 688, 19]
[459, 846, 200]
[363, 852, 149]
[460, 867, 212]
[363, 874, 157]
[445, 902, 105]
[373, 904, 33]
[421, 160, -247]
[432, 144, -233]
[436, 145, -233]
[441, 146, -233]
[413, 142, -236]
[405, 142, -236]
[399, 142, -236]
[449, 156, -130]
[387, 152, -141]
[432, 179, -207]
[406, 178, -211]
[498, 259, -68]
[335, 252, -69]
[521, 379, -39]
[307, 380, -43]
[542, 476, -167]
[287, 479, -149]
[556, 501, -200]
[271, 507, -179]
[551, 499, -231]
[283, 508, -212]
[543, 490, -183]
[292, 499, -165]
[472, 510, -1]
[361, 505, 1]
[461, 687, 13]
[360, 687, 17]
[459, 846, 190]
[363, 852, 144]
[460, 866, 201]
[363, 874, 152]
[446, 901, 90]
[371, 904, 23]
[421, 161, -254]
[431, 145, -240]
[436, 146, -240]
[441, 147, -240]
[413, 142, -242]
[405, 142, -242]
[399, 143, -242]
[449, 157, -137]
[387, 153, -146]
[432, 180, -214]
[406, 179, -217]
[498, 261, -75]
[335, 253, -71]
[522, 380, -49]
[306, 380, -43]
[542, 472, -182]
[284, 480, -151]
[557, 497, -215]
[268, 508, -180]
[551, 492, -247]
[278, 508, -214]
[543, 485, -198]
[288, 498, -167]
[471, 510, -3]
[360, 505, 4]
[461, 687, 6]
[360, 688, 17]
[459, 846, 180]
[363, 854, 141]
[460, 867, 191]
[363, 876, 148]
[446, 901, 80]
[368, 906, 19]
[421, 161, -284]
[431, 145, -272]
[436, 146, -272]
[441, 148, -272]
[413, 143, -272]
[405, 143, -272]
[399, 143, -272]
[449, 157, -169]
[387, 154, -171]
[432, 180, -244]
[406, 179, -245]
[499, 262, -107]
[335, 254, -80]
[523, 385, -76]
[305, 380, -43]
[543, 474, -198]
[278, 472, -149]
[557, 499, -229]
[262, 501, -178]
[551, 494, -260]
[266, 499, -211]
[542, 487, -213]
[277, 491, -166]
[469, 510, -11]
[357, 504, 11]
[460, 690, -6]
[357, 691, 19]
[459, 852, 171]
[359, 862, 145]
[460, 873, 182]
[361, 886, 153]
[444, 908, 66]
[358, 915, 24]
[421, 162, -314]
[431, 145, -302]
[436, 146, -302]
[441, 148, -302]
[413, 143, -303]
[405, 143, -303]
[399, 143, -303]
[449, 158, -200]
[387, 154, -202]
[432, 181, -274]
[406, 179, -274]
[499, 263, -132]
[335, 254, -105]
[526, 385, -92]
[305, 378, -63]
[543, 475, -195]
[270, 460, -169]
[556, 501, -223]
[256, 488, -194]
[549, 495, -254]
[259, 486, -228]
[541, 489, -210]
[269, 475, -186]
[469, 507, -11]
[358, 500, 11]
[463, 691, -26]
[357, 691, 16]
[463, 855, 138]
[357, 867, 129]
[465, 876, 147]
[358, 891, 134]
[452, 910, 21]
[356, 919, -3]
[421, 162, -318]
[431, 145, -306]
[436, 147, -306]
[441, 148, -306]
[413, 143, -307]
[405, 143, -307]
[399, 143, -307]
[449, 158, -204]
[387, 154, -208]
[432, 181, -279]
[406, 179, -280]
[499, 263, -136]
[335, 254, -114]
[528, 386, -100]
[304, 378, -81]
[544, 475, -204]
[267, 458, -192]
[556, 503, -233]
[254, 486, -218]
[548, 496, -264]
[261, 482, -252]
[540, 489, -219]
[266, 473, -209]
[469, 504, -11]
[359, 497, 11]
[465, 691, -35]
[358, 692, 8]
[468, 856, 118]
[355, 868, 106]
[469, 878, 126]
[356, 893, 110]
[460, 910, 0]
[355, 920, -27]
[421, 162, -298]
[431, 146, -285]
[436, 147, -285]
[441, 148, -285]
[413, 144, -285]
[405, 143, -285]
[399, 144, -285]
[449, 158, -178]
[387, 154, -182]
[432, 181, -257]
[406, 180, -257]
[499, 264, -113]
[335, 255, -85]
[531, 386, -134]
[304, 378, -78]
[566, 425, -334]
[267, 430, -253]
[577, 439, -376]
[254, 460, -286]
[576, 426, -398]
[258, 445, -313]
[566, 421, -348]
[266, 436, -268]
[469, 505, -11]
[359, 499, 12]
[468, 691, -17]
[358, 693, 39]
[469, 856, 158]
[355, 868, 183]
[470, 878, 167]
[356, 893, 191]
[458, 910, 31]
[358, 920, 45]
[421, 163, -304]
[431, 146, -290]
[436, 147, -290]
[441, 149, -290]
[412, 144, -289]
[405, 144, -289]
[399, 144, -289]
[449, 159, -175]
[387, 154, -174]
[432, 182, -260]
[406, 180, -259]
[499, 264, -107]
[335, 255, -67]
[535, 387, -165]
[302, 381, -84]
[564, 380, -385]
[263, 405, -288]
[560, 373, -427]
[252, 421, -319]
[559, 356, -439]
[252, 403, -342]
[551, 355, -395]
[260, 397, -302]
[470, 505, -13]
[359, 501, 13]
[470, 693, -4]
[358, 696, 35]
[470, 857, 180]
[356, 868, 169]
[471, 880, 190]
[357, 892, 176]
[458, 913, 46]
[364, 923, 35]
[421, 163, -283]
[431, 146, -266]
[436, 148, -266]
[441, 149, -266]
[413, 144, -266]
[405, 144, -266]
[399, 144, -266]
[449, 159, -142]
[387, 154, -145]
[432, 182, -235]
[406, 180, -235]
[498, 264, -67]
[336, 255, -54]
[537, 385, -120]
[301, 381, -141]
[569, 385, -297]
[307, 373, -406]
[576, 392, -334]
[313, 383, -449]
[577, 377, -351]
[302, 362, -459]
[568, 375, -308]
[306, 361, -415]
[470, 507, -13]
[359, 505, 13]
[471, 693, -5]
[358, 696, 45]
[471, 857, 152]
[356, 865, 179]
[473, 879, 159]
[357, 888, 186]
[458, 913, 26]
[366, 921, 46]
[421, 163, -289]
[431, 147, -272]
[436, 148, -272]
[441, 150, -272]
[413, 144, -273]
[405, 144, -273]
[399, 144, -273]
[449, 159, -143]
[387, 155, -147]
[432, 182, -241]
[406, 181, -242]
[497, 264, -68]
[336, 256, -59]
[540, 381, -116]
[299, 381, -177]
[567, 365, -300]
[327, 360, -433]
[573, 365, -333]
[337, 363, -473]
[573, 350, -339]
[338, 340, -475]
[565, 352, -306]
[331, 346, -438]
[471, 507, -12]
[360, 508, 13]
[475, 693, -7]
[358, 697, 59]
[475, 857, 141]
[356, 865, 200]
[478, 879, 148]
[357, 887, 209]
[461, 913, 13]
[367, 921, 68]
[421, 164, -286]
[431, 147, -270]
[436, 148, -270]
[441, 150, -270]
[413, 144, -271]
[405, 144, -271]
[399, 144, -271]
[449, 159, -145]
[387, 155, -149]
[432, 183, -240]
[406, 181, -241]
[496, 263, -62]
[336, 256, -63]
[540, 378, -107]
[298, 381, -179]
[572, 363, -281]
[325, 356, -435]
[582, 363, -312]
[337, 362, -474]
[584, 349, -323]
[339, 338, -478]
[574, 350, -289]
[333, 342, -440]
[471, 507, -10]
[360, 508, 11]
[476, 693, -6]
[358, 697, 51]
[476, 856, 135]
[357, 864, 184]
[478, 879, 141]
[357, 886, 192]
[462, 913, 8]
[368, 920, 56]
[422, 164, -294]
[431, 147, -277]
[436, 149, -277]
[441, 150, -277]
[413, 145, -278]
[406, 144, -278]
[399, 144, -278]
[449, 159, -147]
[387, 155, -151]
[432, 183, -247]
[408, 181, -248]
[496, 262, -66]
[336, 255, -70]
[540, 374, -145]
[293, 378, -196]
[571, 339, -369]
[336, 357, -454]
[581, 329, -407]
[355, 364, -495]
[585, 314, -410]
[359, 340, -495]
[574, 319, -375]
[357, 341, -458]
[471, 506, -10]
[360, 507, 11]
[475, 690, -19]
[358, 694, 54]
[476, 854, 126]
[357, 859, 199]
[478, 876, 133]
[357, 882, 208]
[459, 913, -4]
[370, 917, 64]
[422, 164, -272]
[431, 147, -256]
[436, 149, -255]
[442, 150, -255]
[413, 145, -253]
[406, 144, -253]
[400, 144, -254]
[449, 159, -134]
[387, 155, -126]
[432, 183, -227]
[408, 181, -224]
[496, 261, -64]
[336, 253, -40]
[538, 374, -181]
[292, 374, -157]
[558, 314, -419]
[335, 338, -412]
[559, 297, -459]
[341, 336, -451]
[555, 281, -453]
[338, 315, -452]
[551, 288, -422]
[345, 318, -418]
[470, 504, -14]
[359, 507, 14]
[474, 689, -36]
[357, 693, 70]
[474, 853, 114]
[357, 857, 226]
[476, 875, 122]
[357, 879, 236]
[455, 912, -13]
[370, 913, 96]
[422, 164, -276]
[432, 147, -261]
[436, 149, -261]
[442, 150, -261]
[413, 145, -262]
[406, 144, -262]
[400, 144, -262]
[450, 159, -145]
[387, 155, -151]
[432, 183, -230]
[408, 182, -231]
[496, 258, -73]
[336, 252, -62]
[538, 355, -150]
[292, 363, -131]
[517, 338, -279]
[339, 351, -261]
[505, 338, -304]
[356, 360, -284]
[500, 322, -299]
[360, 341, -281]
[500, 323, -278]
[353, 342, -261]
[470, 504, -14]
[359, 507, 15]
[474, 688, -35]
[358, 692, 75]
[473, 848, 137]
[362, 854, 234]
[475, 870, 149]
[365, 877, 245]
[455, 907, 26]
[369, 911, 114]
[422, 164, -276]
[432, 147, -262]
[436, 149, -262]
[442, 150, -262]
[413, 145, -263]
[406, 144, -263]
[400, 144, -263]
[450, 160, -148]
[387, 155, -152]
[432, 183, -231]
[408, 182, -232]
[496, 258, -80]
[336, 251, -62]
[538, 339, -137]
[293, 360, -75]
[509, 344, -247]
[331, 354, -183]
[504, 351, -274]
[345, 366, -202]
[497, 336, -277]
[347, 347, -208]
[491, 337, -250]
[346, 345, -186]
[470, 504, -16]
[359, 507, 17]
[471, 688, -30]
[358, 692, 68]
[472, 845, 139]
[364, 853, 220]
[475, 867, 150]
[367, 875, 231]
[455, 904, 27]
[366, 909, 99]
[422, 164, -276]
[432, 147, -263]
[436, 149, -262]
[442, 150, -263]
[413, 145, -263]
[406, 144, -263]
[400, 144, -263]
[450, 160, -154]
[387, 155, -155]
[432, 183, -231]
[408, 182, -232]
[496, 257, -85]
[336, 250, -62]
[539, 335, -113]
[293, 357, -56]
[508, 346, -220]
[329, 353, -149]
[506, 355, -244]
[343, 366, -166]
[499, 340, -250]
[345, 348, -173]
[490, 341, -224]
[344, 345, -153]
[469, 504, -19]
[359, 507, 20]
[469, 688, -33]
[358, 692, 67]
[471, 845, 140]
[364, 853, 224]
[473, 867, 151]
[367, 875, 236]
[455, 903, 28]
[363, 909, 105]
[422, 165, -307]
[432, 147, -292]
[436, 149, -292]
[442, 150, -292]
[413, 145, -290]
[406, 144, -290]
[400, 144, -291]
[450, 160, -173]
[387, 155, -166]
[432, 184, -261]
[408, 182, -259]
[497, 257, -99]
[336, 250, -74]
[532, 358, -172]
[295, 364, -178]
[515, 346, -341]
[333, 336, -405]
[509, 347, -372]
[352, 342, -441]
[507, 331, -370]
[352, 321, -435]
[502, 333, -343]
[352, 325, -407]
[469, 505, -19]
[359, 507, 20]
[469, 693, -38]
[358, 695, 64]
[471, 853, 134]
[363, 857, 219]
[473, 875, 144]
[366, 880, 230]
[455, 911, 9]
[362, 914, 92]
[422, 165, -305]
[432, 147, -288]
[437, 149, -288]
[442, 150, -288]
[413, 145, -287]
[406, 144, -287]
[400, 144, -287]
[450, 160, -169]
[387, 154, -161]
[432, 184, -258]
[408, 182, -257]
[497, 258, -76]
[336, 250, -78]
[532, 362, -137]
[295, 374, -229]
[518, 324, -306]
[330, 318, -509]
[561, 327, -326]
[345, 309, -555]
[561, 315, -324]
[350, 293, -548]
[553, 318, -307]
[351, 299, -512]
[469, 505, -16]
[360, 508, 17]
[471, 695, -41]
[358, 697, 63]
[474, 858, 119]
[361, 862, 219]
[476, 881, 127]
[362, 885, 230]
[458, 916, -9]
[362, 918, 89]
[422, 165, -304]
[432, 147, -279]
[437, 149, -279]
[442, 150, -279]
[414, 145, -278]
[406, 144, -278]
[400, 144, -278]
[450, 160, -148]
[387, 154, -144]
[432, 184, -255]
[408, 182, -253]
[496, 259, -56]
[335, 250, -77]
[530, 373, -103]
[295, 383, -239]
[542, 309, -252]
[323, 308, -517]
[615, 295, -271]
[323, 299, -560]
[616, 287, -273]
[327, 277, -552]
[604, 295, -256]
[331, 287, -519]
[469, 506, -14]
[360, 509, 15]
[471, 696, -44]
[358, 699, 63]
[474, 862, 113]
[361, 865, 217]
[477, 886, 120]
[361, 888, 228]
[458, 919, -11]
[363, 921, 88]
[422, 165, -247]
[432, 147, -227]
[437, 149, -227]
[443, 150, -227]
[414, 144, -226]
[406, 144, -226]
[400, 144, -226]
[450, 160, -105]
[387, 153, -99]
[432, 184, -203]
[408, 182, -202]
[495, 259, -31]
[335, 250, -43]
[526, 392, -114]
[295, 385, -203]
[542, 296, -318]
[314, 300, -473]
[588, 277, -346]
[307, 277, -514]
[592, 271, -342]
[306, 262, -507]
[589, 280, -321]
[311, 272, -476]
[469, 506, -10]
[360, 509, 11]
[472, 695, -39]
[358, 699, 62]
[474, 863, 101]
[361, 867, 207]
[477, 886, 107]
[360, 890, 217]
[459, 920, -20]
[365, 922, 81]
[422, 165, -237]
[432, 147, -218]
[437, 149, -218]
[443, 150, -218]
[414, 144, -217]
[407, 144, -217]
[400, 144, -217]
[450, 160, -98]
[387, 153, -92]
[432, 184, -194]
[408, 182, -193]
[495, 259, -27]
[334, 250, -36]
[524, 392, -116]
[295, 387, -194]
[541, 293, -316]
[311, 298, -461]
[577, 275, -344]
[305, 274, -501]
[579, 269, -341]
[302, 260, -494]
[579, 278, -319]
[307, 271, -463]
[469, 505, -9]
[360, 509, 9]
[473, 695, -36]
[358, 699, 60]
[475, 863, 101]
[361, 867, 192]
[478, 886, 107]
[359, 891, 201]
[460, 921, -17]
[367, 923, 67]
[422, 165, -199]
[432, 147, -184]
[437, 149, -183]
[443, 150, -183]
[414, 144, -183]
[407, 144, -183]
[400, 143, -183]
[450, 160, -78]
[387, 152, -75]
[432, 184, -162]
[408, 182, -161]
[495, 260, -23]
[333, 251, -20]
[524, 400, -131]
[294, 389, -166]
[538, 290, -343]
[308, 290, -437]
[551, 268, -375]
[300, 264, -481]
[552, 258, -367]
[298, 251, -447]
[549, 271, -345]
[304, 261, -431]
[469, 505, -6]
[360, 509, 7]
[472, 695, -34]
[358, 699, 58]
[474, 863, 84]
[361, 869, 173]
[477, 886, 88]
[359, 892, 180]
[458, 921, -32]
[367, 924, 52]
[422, 165, -164]
[432, 147, -148]
[437, 149, -148]
[443, 150, -148]
[414, 144, -147]
[407, 143, -147]
[400, 143, -147]
[450, 160, -51]
[387, 152, -45]
[432, 184, -130]
[408, 182, -128]
[495, 261, -10]
[333, 251, 0]
[524, 402, -132]
[294, 390, -133]
[538, 284, -331]
[308, 283, -359]
[547, 259, -363]
[299, 257, -395]
[546, 251, -354]
[299, 245, -381]
[542, 264, -332]
[306, 256, -360]
[469, 506, -5]
[360, 509, 5]
[472, 696, -16]
[358, 700, 50]
[474, 865, 92]
[361, 870, 148]
[477, 887, 96]
[359, 893, 154]
[458, 922, -21]
[368, 925, 30]
[422, 165, -161]
[432, 147, -146]
[437, 149, -146]
[443, 150, -146]
[414, 144, -145]
[407, 143, -144]
[400, 143, -145]
[450, 160, -49]
[387, 152, -43]
[432, 184, -126]
[408, 182, -125]
[496, 261, -7]
[333, 252, 3]
[524, 400, -130]
[294, 389, -127]
[539, 278, -321]
[308, 282, -347]
[546, 256, -352]
[299, 255, -382]
[544, 245, -349]
[300, 244, -371]
[540, 258, -323]
[306, 255, -348]
[469, 507, -3]
[360, 509, 4]
[472, 696, -10]
[358, 700, 42]
[474, 865, 95]
[360, 870, 135]
[477, 887, 100]
[358, 892, 140]
[457, 921, -17]
[368, 925, 16]
[422, 165, -178]
[432, 147, -163]
[438, 148, -163]
[443, 150, -163]
[414, 144, -162]
[407, 143, -162]
[401, 143, -162]
[450, 160, -63]
[388, 152, -55]
[432, 184, -143]
[408, 182, -141]
[497, 261, -17]
[334, 253, 1]
[524, 400, -147]
[295, 389, -126]
[539, 278, -355]
[307, 286, -353]
[544, 255, -389]
[299, 260, -388]
[543, 248, -379]
[297, 248, -379]
[537, 259, -356]
[303, 257, -355]
[469, 508, -4]
[360, 509, 5]
[471, 697, -7]
[359, 700, 43]
[470, 865, 99]
[362, 870, 148]
[473, 887, 105]
[359, 892, 154]
[453, 921, -16]
[369, 925, 26]
[423, 165, -176]
[433, 147, -161]
[438, 148, -161]
[443, 150, -161]
[414, 144, -159]
[407, 143, -159]
[401, 143, -159]
[451, 160, -62]
[388, 152, -53]
[433, 184, -140]
[409, 182, -138]
[498, 261, -17]
[335, 253, 4]
[525, 400, -146]
[296, 389, -119]
[539, 277, -349]
[306, 287, -345]
[543, 255, -382]
[298, 261, -381]
[543, 246, -372]
[295, 248, -373]
[537, 258, -350]
[301, 258, -348]
[469, 509, -4]
[360, 509, 5]
[471, 697, -7]
[360, 700, 42]
[469, 864, 101]
[363, 870, 144]
[472, 887, 107]
[360, 892, 150]
[452, 921, -14]
[371, 925, 23]
[423, 164, -190]
[433, 146, -175]
[438, 147, -175]
[444, 149, -175]
[415, 143, -173]
[408, 143, -173]
[401, 143, -173]
[451, 159, -73]
[388, 152, -65]
[433, 183, -153]
[409, 181, -151]
[499, 261, -20]
[335, 253, -5]
[525, 400, -160]
[298, 389, -128]
[539, 277, -373]
[304, 286, -353]
[544, 253, -406]
[291, 258, -389]
[543, 244, -396]
[289, 247, -374]
[538, 257, -374]
[297, 257, -356]
[470, 509, -5]
[361, 509, 5]
[470, 697, -9]
[360, 700, 50]
[468, 864, 103]
[363, 869, 161]
[470, 886, 108]
[360, 892, 168]
[450, 921, -13]
[371, 925, 43]
[423, 163, -196]
[433, 146, -181]
[439, 147, -181]
[444, 149, -181]
[415, 143, -180]
[408, 143, -180]
[401, 142, -180]
[452, 159, -77]
[389, 152, -70]
[433, 183, -159]
[409, 181, -157]
[500, 261, -23]
[336, 254, -9]
[526, 399, -153]
[300, 389, -149]
[539, 276, -362]
[300, 285, -394]
[543, 256, -393]
[286, 259, -431]
[543, 245, -386]
[283, 247, -423]
[538, 256, -364]
[291, 257, -397]
[470, 510, -5]
[361, 510, 6]
[469, 697, -12]
[361, 700, 56]
[467, 865, 97]
[363, 870, 179]
[469, 887, 102]
[361, 892, 187]
[449, 921, -18]
[372, 925, 59]
[424, 163, -198]
[434, 146, -183]
[439, 147, -183]
[445, 149, -183]
[416, 143, -182]
[409, 143, -182]
[402, 142, -182]
[453, 158, -79]
[390, 152, -72]
[434, 183, -160]
[410, 181, -160]
[501, 261, -25]
[338, 254, -12]
[526, 399, -154]
[304, 389, -151]
[540, 276, -371]
[300, 285, -402]
[544, 252, -403]
[285, 259, -440]
[543, 244, -396]
[282, 247, -434]
[538, 256, -373]
[291, 256, -406]
[470, 511, -5]
[362, 511, 6]
[469, 697, -14]
[363, 700, 60]
[466, 865, 99]
[365, 870, 194]
[469, 886, 104]
[362, 892, 203]
[449, 921, -16]
[374, 925, 74]
[425, 163, -198]
[434, 146, -183]
[440, 147, -183]
[446, 149, -183]
[417, 143, -181]
[410, 143, -181]
[403, 142, -181]
[454, 158, -79]
[391, 152, -70]
[435, 183, -161]
[412, 181, -159]
[501, 260, -26]
[340, 254, -13]
[527, 399, -154]
[305, 389, -151]
[542, 273, -371]
[300, 286, -396]
[546, 248, -403]
[286, 260, -434]
[545, 240, -396]
[284, 249, -427]
[539, 254, -373]
[293, 258, -400]
[471, 511, -5]
[362, 511, 6]
[469, 697, -15]
[363, 700, 62]
[466, 865, 100]
[366, 870, 194]
[468, 886, 105]
[363, 892, 203]
[448, 921, -15]
[374, 925, 75]
[425, 163, -197]
[435, 146, -182]
[441, 147, -182]
[447, 149, -182]
[417, 143, -180]
[410, 143, -180]
[404, 142, -180]
[455, 158, -79]
[392, 152, -68]
[435, 182, -160]
[412, 181, -157]
[502, 260, -27]
[340, 254, -9]
[527, 398, -165]
[306, 390, -144]
[543, 272, -392]
[300, 286, -394]
[547, 248, -427]
[286, 261, -430]
[546, 239, -419]
[284, 250, -424]
[541, 254, -394]
[292, 258, -397]
[471, 511, -7]
[362, 511, 8]
[469, 697, -20]
[364, 700, 68]
[466, 865, 97]
[366, 870, 201]
[468, 887, 102]
[363, 892, 210]
[447, 921, -17]
[374, 925, 83]
[426, 163, -196]
[436, 146, -181]
[442, 147, -181]
[448, 149, -181]
[418, 143, -178]
[412, 142, -178]
[405, 142, -178]
[456, 158, -78]
[393, 152, -66]
[436, 182, -160]
[412, 181, -156]
[502, 260, -28]
[342, 254, -6]
[527, 398, -162]
[306, 390, -140]
[543, 274, -382]
[300, 286, -391]
[547, 250, -416]
[286, 260, -428]
[546, 242, -408]
[285, 250, -422]
[541, 256, -384]
[293, 258, -395]
[471, 511, -11]
[362, 511, 12]
[469, 697, -39]
[364, 701, 80]
[466, 866, 80]
[367, 870, 221]
[468, 888, 86]
[364, 892, 232]
[447, 921, -32]
[374, 925, 108]
[427, 163, -194]
[437, 146, -179]
[443, 147, -178]
[449, 149, -178]
[419, 143, -176]
[413, 142, -176]
[406, 142, -176]
[457, 158, -78]
[394, 152, -64]
[437, 182, -158]
[413, 181, -154]
[503, 261, -28]
[342, 254, -6]
[528, 398, -161]
[306, 390, -139]
[545, 275, -374]
[300, 286, -391]
[552, 252, -408]
[287, 261, -427]
[576, 243, -400]
[285, 250, -422]
[566, 257, -376]
[293, 259, -394]
[471, 512, -12]
[363, 511, 13]
[470, 697, -40]
[365, 701, 81]
[466, 866, 81]
[367, 871, 222]
[469, 888, 86]
[365, 893, 233]
[447, 922, -30]
[374, 926, 110]
[428, 163, -225]
[438, 146, -205]
[444, 147, -205]
[450, 149, -205]
[420, 143, -204]
[414, 142, -204]
[407, 142, -204]
[459, 158, -87]
[395, 152, -78]
[438, 182, -183]
[414, 181, -181]
[503, 260, -19]
[343, 254, -27]
[538, 353, -74]
[306, 390, -179]
[624, 275, -223]
[300, 287, -420]
[650, 256, -240]
[287, 262, -454]
[643, 248, -244]
[286, 251, -448]
[630, 258, -228]
[294, 259, -422]
[472, 512, -12]
[364, 511, 13]
[473, 697, -41]
[370, 701, 76]
[470, 866, 84]
[371, 870, 216]
[474, 888, 90]
[369, 892, 226]
[451, 921, -30]
[376, 926, 101]
[429, 163, -233]
[439, 146, -213]
[446, 147, -213]
[451, 149, -213]
[421, 143, -212]
[415, 142, -212]
[408, 142, -212]
[460, 159, -93]
[395, 152, -84]
[439, 183, -190]
[415, 181, -187]
[503, 260, -20]
[343, 253, -30]
[538, 364, -91]
[306, 389, -184]
[596, 276, -267]
[300, 287, -438]
[633, 261, -291]
[287, 263, -473]
[630, 252, -290]
[286, 251, -468]
[618, 261, -271]
[294, 259, -440]
[472, 512, -12]
[364, 512, 13]
[473, 697, -43]
[370, 701, 80]
[470, 866, 87]
[371, 869, 234]
[474, 888, 92]
[368, 891, 246]
[450, 921, -28]
[375, 925, 120]
[430, 163, -236]
[440, 146, -216]
[446, 147, -216]
[452, 149, -216]
[422, 143, -215]
[415, 142, -215]
[408, 142, -215]
[461, 159, -94]
[396, 152, -88]
[440, 183, -193]
[415, 181, -192]
[503, 259, -15]
[343, 252, -37]
[539, 362, -53]
[306, 388, -196]
[624, 276, -191]
[301, 287, -446]
[654, 265, -207]
[287, 263, -482]
[643, 256, -210]
[287, 252, -475]
[630, 264, -195]
[295, 260, -448]
[472, 512, -12]
[364, 512, 12]
[473, 697, -40]
[371, 701, 77]
[470, 866, 89]
[371, 868, 227]
[474, 888, 95]
[369, 890, 239]
[450, 921, -25]
[375, 924, 111]
[430, 163, -256]
[441, 146, -234]
[447, 147, -234]
[453, 149, -234]
[422, 143, -234]
[416, 142, -234]
[408, 142, -234]
[462, 159, -108]
[396, 152, -105]
[440, 183, -210]
[415, 181, -210]
[503, 259, -17]
[343, 252, -50]
[545, 339, -18]
[305, 388, -214]
[634, 279, -117]
[309, 293, -471]
[662, 279, -127]
[301, 272, -508]
[653, 263, -132]
[299, 257, -499]
[639, 270, -121]
[307, 267, -472]
[472, 512, -12]
[364, 512, 13]
[473, 697, -45]
[371, 701, 75]
[470, 865, 95]
[372, 867, 237]
[474, 888, 101]
[369, 889, 250]
[450, 921, -22]
[375, 923, 121]
[430, 163, -287]
[441, 146, -270]
[447, 147, -270]
[453, 149, -270]
[422, 143, -267]
[415, 142, -267]
[408, 142, -267]
[462, 159, -148]
[396, 152, -132]
[440, 183, -242]
[416, 181, -237]
[504, 260, -53]
[344, 251, -59]
[544, 349, -65]
[305, 388, -200]
[617, 303, -207]
[326, 307, -455]
[637, 296, -226]
[327, 293, -492]
[634, 286, -231]
[328, 277, -486]
[622, 291, -212]
[331, 284, -456]
[472, 512, -14]
[364, 512, 15]
[473, 697, -43]
[371, 701, 79]
[470, 865, 117]
[372, 866, 259]
[475, 888, 126]
[371, 888, 273]
[450, 921, -1]
[375, 922, 142]
[430, 163, -264]
[441, 146, -247]
[447, 147, -247]
[453, 149, -247]
[422, 143, -244]
[416, 142, -244]
[408, 142, -244]
[463, 159, -129]
[396, 151, -114]
[440, 183, -220]
[416, 181, -216]
[504, 260, -48]
[345, 249, -40]
[543, 354, -108]
[305, 384, -135]
[563, 307, -293]
[332, 316, -364]
[573, 300, -325]
[337, 309, -399]
[570, 293, -327]
[342, 297, -397]
[558, 296, -297]
[338, 300, -367]
[472, 511, -20]
[364, 511, 21]
[472, 696, -42]
[371, 700, 87]
[469, 863, 121]
[372, 862, 265]
[474, 885, 130]
[371, 884, 279]
[448, 918, 6]
[374, 918, 149]
[430, 163, -265]
[441, 145, -250]
[447, 147, -250]
[454, 148, -250]
[423, 143, -247]
[416, 142, -247]
[409, 142, -247]
[463, 159, -138]
[396, 151, -123]
[441, 183, -222]
[416, 180, -218]
[505, 260, -69]
[346, 248, -40]
[543, 362, -155]
[304, 381, -140]
[546, 314, -344]
[337, 330, -371]
[549, 307, -379]
[347, 327, -406]
[552, 292, -375]
[347, 312, -403]
[545, 297, -347]
[347, 315, -373]
[472, 512, -22]
[364, 512, 22]
[472, 696, -30]
[370, 699, 88]
[469, 861, 140]
[372, 859, 260]
[473, 883, 150]
[371, 881, 273]
[447, 916, 23]
[370, 915, 142]
[430, 163, -257]
[441, 145, -242]
[447, 147, -242]
[454, 148, -242]
[423, 143, -239]
[416, 142, -239]
[409, 142, -239]
[463, 159, -130]
[396, 151, -114]
[441, 183, -215]
[416, 180, -211]
[505, 260, -64]
[346, 248, -31]
[542, 363, -158]
[304, 379, -134]
[543, 314, -351]
[336, 330, -373]
[545, 304, -386]
[342, 325, -409]
[550, 288, -382]
[341, 309, -407]
[543, 294, -353]
[343, 313, -376]
[472, 512, -23]
[364, 512, 24]
[471, 696, -35]
[369, 698, 91]
[467, 860, 128]
[371, 858, 263]
[471, 882, 136]
[371, 880, 276]
[446, 916, 12]
[368, 913, 145]
[431, 163, -254]
[441, 146, -238]
[448, 147, -238]
[454, 149, -238]
[423, 143, -237]
[416, 142, -237]
[409, 142, -237]
[463, 159, -125]
[396, 151, -116]
[441, 183, -211]
[416, 181, -208]
[505, 259, -59]
[346, 247, -35]
[545, 347, -101]
[303, 368, -102]
[541, 317, -241]
[338, 333, -257]
[538, 312, -267]
[353, 345, -282]
[534, 298, -265]
[361, 326, -278]
[530, 301, -243]
[351, 321, -257]
[472, 511, -22]
[364, 511, 23]
[471, 695, -41]
[369, 697, 90]
[467, 857, 119]
[373, 857, 257]
[471, 880, 128]
[374, 879, 270]
[446, 913, 7]
[368, 912, 139]
[431, 163, -269]
[442, 146, -253]
[448, 147, -253]
[454, 149, -253]
[424, 143, -252]
[417, 142, -252]
[410, 142, -252]
[464, 160, -136]
[397, 151, -127]
[441, 183, -224]
[417, 181, -222]
[506, 259, -65]
[346, 247, -44]
[546, 352, -136]
[302, 368, -112]
[545, 320, -316]
[337, 336, -323]
[543, 312, -349]
[348, 343, -356]
[542, 298, -347]
[355, 322, -347]
[537, 301, -319]
[352, 322, -325]
[473, 511, -22]
[364, 512, 23]
[472, 695, -45]
[369, 697, 87]
[469, 857, 118]
[374, 857, 256]
[473, 880, 127]
[375, 879, 268]
[449, 913, 4]
[368, 913, 137]
[432, 163, -267]
[442, 146, -252]
[448, 147, -252]
[454, 149, -252]
[424, 143, -253]
[417, 142, -253]
[410, 142, -253]
[464, 160, -136]
[397, 151, -139]
[442, 183, -222]
[417, 181, -222]
[507, 259, -67]
[346, 248, -57]
[550, 352, -144]
[304, 370, -152]
[532, 343, -339]
[344, 351, -391]
[523, 342, -376]
[356, 353, -432]
[521, 324, -374]
[357, 333, -433]
[518, 325, -342]
[357, 337, -396]
[475, 512, -20]
[365, 512, 21]
[476, 695, -17]
[369, 697, 86]
[473, 857, 153]
[375, 857, 254]
[476, 880, 163]
[377, 880, 266]
[456, 913, 38]
[371, 913, 134]
[432, 163, -284]
[442, 146, -269]
[448, 147, -269]
[455, 149, -269]
[424, 143, -271]
[417, 142, -271]
[411, 142, -271]
[464, 160, -147]
[397, 151, -154]
[442, 183, -238]
[418, 181, -240]
[508, 260, -73]
[346, 249, -70]
[552, 363, -147]
[304, 372, -168]
[531, 364, -354]
[353, 358, -409]
[531, 354, -393]
[371, 367, -449]
[530, 334, -392]
[373, 343, -450]
[526, 335, -358]
[367, 346, -413]
[476, 513, -20]
[365, 514, 21]
[477, 696, -17]
[369, 699, 86]
[474, 858, 150]
[375, 859, 253]
[477, 881, 158]
[377, 881, 265]
[457, 914, 29]
[372, 916, 134]
[433, 163, -279]
[443, 146, -263]
[449, 147, -263]
[455, 149, -263]
[425, 143, -265]
[418, 142, -265]
[411, 142, -265]
[464, 160, -141]
[398, 152, -150]
[443, 183, -232]
[418, 181, -235]
[509, 260, -71]
[346, 249, -73]
[555, 363, -101]
[304, 373, -175]
[531, 370, -260]
[356, 359, -403]
[530, 368, -292]
[370, 369, -441]
[527, 349, -294]
[375, 346, -441]
[517, 351, -264]
[372, 346, -406]
[478, 514, -15]
[365, 514, 16]
[477, 696, -19]
[370, 699, 85]
[473, 856, 143]
[375, 858, 255]
[476, 879, 152]
[377, 880, 268]
[456, 912, 25]
[372, 915, 137]
[434, 163, -274]
[443, 146, -260]
[449, 147, -260]
[455, 149, -260]
[425, 143, -261]
[418, 142, -261]
[411, 142, -261]
[464, 160, -139]
[398, 152, -145]
[443, 183, -230]
[419, 180, -232]
[509, 260, -65]
[347, 250, -58]
[554, 374, -107]
[303, 373, -161]
[568, 359, -297]
[331, 353, -411]
[573, 353, -331]
[325, 357, -449]
[578, 335, -339]
[335, 338, -452]
[568, 338, -304]
[340, 339, -417]
[478, 514, -12]
[365, 514, 13]
[477, 696, -30]
[369, 699, 83]
[473, 858, 115]
[375, 859, 254]
[475, 881, 122]
[376, 881, 266]
[456, 914, -6]
[372, 916, 135]
[434, 163, -266]
[443, 146, -252]
[449, 147, -253]
[456, 149, -252]
[426, 143, -256]
[419, 142, -256]
[412, 142, -256]
[464, 160, -138]
[399, 152, -139]
[444, 183, -225]
[419, 180, -229]
[511, 262, -63]
[347, 252, -56]
[558, 379, -112]
[300, 376, -140]
[547, 377, -324]
[337, 365, -375]
[542, 386, -365]
[350, 378, -415]
[540, 363, -367]
[360, 352, -419]
[531, 360, -329]
[352, 352, -380]
[478, 517, -11]
[365, 516, 12]
[478, 699, -16]
[369, 701, 74]
[473, 860, 131]
[374, 863, 219]
[475, 884, 138]
[375, 885, 228]
[457, 916, 9]
[372, 920, 93]
[435, 163, -267]
[444, 146, -253]
[450, 147, -253]
[456, 149, -253]
[426, 143, -255]
[419, 142, -255]
[412, 142, -255]
[465, 160, -138]
[400, 152, -143]
[444, 183, -225]
[420, 180, -228]
[512, 262, -70]
[348, 253, -61]
[559, 382, -117]
[299, 380, -142]
[540, 394, -320]
[349, 371, -378]
[526, 406, -361]
[367, 382, -420]
[522, 390, -365]
[366, 358, -424]
[521, 383, -325]
[364, 357, -382]
[480, 518, -11]
[367, 516, 12]
[480, 700, -14]
[369, 703, 69]
[474, 862, 151]
[374, 865, 219]
[476, 885, 159]
[375, 888, 228]
[459, 919, 30]
[372, 922, 91]
[435, 163, -259]
[445, 146, -245]
[451, 147, -245]
[457, 149, -245]
[427, 143, -246]
[420, 142, -246]
[413, 142, -246]
[466, 160, -131]
[400, 152, -135]
[445, 183, -216]
[420, 180, -218]
[512, 262, -68]
[348, 254, -42]
[558, 383, -112]
[300, 383, -102]
[551, 390, -320]
[325, 386, -337]
[549, 398, -363]
[332, 400, -377]
[547, 379, -376]
[341, 369, -390]
[542, 376, -329]
[343, 368, -347]
[481, 518, -11]
[368, 516, 12]
[480, 700, -7]
[369, 703, 64]
[474, 862, 155]
[373, 865, 210]
[476, 885, 163]
[374, 888, 219]
[460, 918, 33]
[372, 923, 77]
[436, 162, -258]
[445, 145, -244]
[451, 147, -244]
[457, 149, -244]
[427, 142, -246]
[420, 142, -245]
[413, 142, -245]
[466, 159, -131]
[401, 151, -134]
[445, 182, -216]
[421, 180, -217]
[512, 263, -66]
[348, 254, -43]
[558, 385, -107]
[300, 385, -91]
[572, 385, -320]
[299, 402, -306]
[579, 391, -358]
[297, 419, -342]
[579, 374, -370]
[305, 398, -359]
[570, 372, -326]
[311, 392, -318]
[482, 518, -9]
[368, 516, 10]
[481, 700, 7]
[369, 704, 47]
[474, 863, 171]
[372, 868, 179]
[476, 886, 180]
[371, 891, 186]
[460, 920, 51]
[374, 927, 42]
[436, 162, -259]
[445, 145, -244]
[452, 147, -244]
[458, 148, -244]
[427, 142, -246]
[420, 142, -245]
[413, 142, -246]
[466, 159, -131]
[401, 151, -134]
[446, 182, -216]
[421, 180, -217]
[513, 264, -67]
[348, 254, -43]
[557, 391, -109]
[301, 387, -100]
[569, 400, -319]
[285, 414, -332]
[573, 410, -361]
[280, 441, -371]
[573, 390, -375]
[289, 418, -382]
[548, 388, -328]
[295, 409, -344]
[482, 518, -8]
[368, 515, 9]
[482, 700, 13]
[369, 704, 54]
[475, 863, 179]
[371, 870, 198]
[476, 886, 188]
[370, 893, 207]
[460, 921, 60]
[374, 928, 66]
[436, 161, -263]
[445, 144, -250]
[452, 146, -250]
[458, 148, -250]
[427, 142, -251]
[420, 141, -251]
[413, 141, -251]
[467, 158, -146]
[401, 151, -149]
[446, 182, -223]
[422, 179, -223]
[513, 264, -83]
[348, 254, -64]
[557, 389, -92]
[303, 387, -56]
[585, 427, -249]
[280, 438, -182]
[596, 445, -283]
[269, 478, -208]
[596, 433, -308]
[276, 464, -235]
[582, 426, -263]
[285, 454, -196]
[482, 516, -8]
[368, 513, 9]
[482, 699, 30]
[370, 703, 57]
[475, 862, 198]
[371, 869, 203]
[477, 885, 208]
[370, 893, 213]
[460, 920, 85]
[374, 927, 69]
[436, 160, -286]
[446, 144, -273]
[452, 145, -273]
[458, 147, -273]
[427, 141, -274]
[420, 141, -274]
[413, 141, -274]
[467, 158, -167]
[401, 150, -174]
[447, 181, -246]
[422, 179, -247]
[514, 264, -107]
[348, 254, -91]
[553, 388, -88]
[304, 387, -76]
[580, 471, -213]
[286, 454, -203]
[594, 493, -245]
[282, 489, -231]
[587, 489, -273]
[287, 478, -260]
[579, 476, -227]
[295, 465, -217]
[482, 515, -8]
[368, 512, 9]
[481, 699, 26]
[370, 703, 59]
[476, 863, 199]
[371, 871, 206]
[478, 886, 210]
[370, 895, 215]
[460, 921, 84]
[374, 927, 76]
[437, 160, -306]
[446, 143, -292]
[453, 145, -292]
[459, 147, -292]
[428, 141, -294]
[421, 141, -294]
[413, 140, -294]
[467, 158, -183]
[401, 150, -191]
[447, 181, -263]
[422, 179, -266]
[514, 264, -113]
[348, 254, -105]
[548, 387, -81]
[305, 386, -77]
[564, 474, -205]
[291, 465, -195]
[585, 499, -238]
[286, 500, -224]
[583, 503, -268]
[292, 488, -256]
[573, 490, -220]
[300, 481, -210]
[481, 515, -8]
[368, 512, 9]
[478, 701, 17]
[370, 703, 45]
[474, 864, 208]
[370, 874, 198]
[475, 886, 220]
[370, 898, 208]
[460, 922, 98]
[372, 929, 69]
[437, 160, -304]
[446, 143, -291]
[453, 145, -291]
[459, 147, -291]
[428, 141, -293]
[421, 141, -293]
[413, 140, -293]
[467, 158, -182]
[401, 150, -189]
[447, 181, -262]
[422, 179, -264]
[514, 265, -111]
[348, 254, -102]
[546, 387, -79]
[306, 385, -75]
[556, 474, -205]
[294, 465, -193]
[577, 498, -237]
[289, 501, -222]
[579, 500, -267]
[297, 489, -253]
[569, 488, -220]
[303, 482, -208]
[481, 515, -9]
[367, 512, 9]
[477, 702, 13]
[371, 704, 43]
[473, 865, 208]
[370, 876, 196]
[474, 887, 221]
[370, 900, 206]
[459, 924, 99]
[371, 930, 67]
[437, 160, -301]
[446, 143, -289]
[453, 145, -289]
[459, 147, -289]
[428, 141, -287]
[421, 141, -287]
[413, 140, -287]
[467, 158, -173]
[401, 150, -175]
[447, 181, -256]
[422, 179, -255]
[514, 265, -101]
[348, 254, -92]
[544, 387, -65]
[307, 383, -62]
[554, 473, -196]
[296, 471, -176]
[575, 499, -229]
[287, 503, -206]
[568, 492, -260]
[297, 501, -237]
[560, 485, -212]
[304, 490, -192]
[481, 515, -7]
[368, 511, 8]
[477, 702, 12]
[372, 704, 22]
[473, 865, 201]
[371, 876, 156]
[474, 887, 213]
[371, 900, 163]
[460, 924, 94]
[372, 930, 25]
[437, 160, -267]
[446, 143, -251]
[453, 145, -251]
[459, 146, -251]
[428, 141, -253]
[421, 140, -253]
[414, 140, -254]
[467, 158, -141]
[401, 150, -154]
[447, 181, -225]
[422, 178, -228]
[514, 264, -74]
[348, 254, -89]
[541, 385, -36]
[309, 381, -55]
[554, 478, -176]
[294, 477, -173]
[574, 501, -212]
[278, 508, -205]
[568, 499, -245]
[291, 507, -240]
[560, 491, -193]
[301, 497, -190]
[481, 515, -4]
[368, 511, 5]
[474, 701, 5]
[372, 701, 17]
[470, 860, 208]
[371, 870, 173]
[470, 880, 222]
[370, 892, 183]
[459, 918, 105]
[374, 924, 46]
[437, 160, -253]
[446, 143, -238]
[453, 144, -238]
[459, 146, -238]
[428, 141, -241]
[421, 140, -241]
[414, 140, -241]
[467, 157, -130]
[401, 150, -145]
[447, 180, -213]
[422, 178, -217]
[514, 264, -66]
[348, 253, -81]
[541, 383, -34]
[311, 377, -62]
[558, 481, -173]
[295, 472, -198]
[575, 505, -209]
[282, 501, -232]
[568, 503, -242]
[293, 500, -265]
[560, 496, -189]
[302, 491, -214]
[480, 511, -2]
[368, 507, 3]
[473, 692, 10]
[371, 691, 25]
[468, 852, 201]
[368, 859, 174]
[468, 872, 214]
[368, 882, 184]
[455, 909, 96]
[373, 910, 50]
[437, 159, -227]
[446, 143, -212]
[453, 144, -212]
[459, 146, -212]
[428, 140, -216]
[421, 140, -216]
[414, 139, -216]
[467, 157, -107]
[401, 150, -123]
[447, 180, -188]
[422, 178, -192]
[514, 264, -46]
[348, 252, -74]
[542, 382, -17]
[312, 375, -61]
[558, 484, -150]
[296, 474, -184]
[574, 507, -185]
[284, 503, -217]
[568, 506, -216]
[295, 502, -249]
[560, 498, -166]
[303, 493, -199]
[480, 511, 1]
[368, 507, -1]
[473, 693, 24]
[371, 692, 31]
[466, 851, 228]
[368, 857, 179]
[466, 871, 243]
[367, 879, 187]
[452, 908, 133]
[374, 910, 63]
[437, 159, -217]
[446, 142, -203]
[453, 144, -203]
[459, 145, -203]
[428, 140, -206]
[421, 139, -206]
[414, 139, -206]
[467, 156, -101]
[401, 149, -116]
[447, 180, -179]
[422, 178, -183]
[514, 264, -42]
[348, 251, -67]
[542, 380, -12]
[313, 374, -59]
[558, 485, -137]
[296, 474, -178]
[574, 508, -170]
[284, 504, -210]
[568, 507, -200]
[296, 504, -241]
[560, 499, -152]
[303, 494, -193]
[480, 511, 2]
[368, 507, -1]
[473, 693, 25]
[370, 692, 32]
[465, 850, 224]
[368, 855, 183]
[466, 870, 238]
[367, 877, 192]
[450, 908, 130]
[374, 909, 66]
[437, 159, -234]
[446, 142, -219]
[453, 143, -219]
[459, 145, -219]
[428, 140, -222]
[421, 139, -222]
[414, 139, -222]
[467, 156, -113]
[401, 149, -126]
[448, 179, -194]
[422, 177, -198]
[514, 263, -49]
[348, 251, -70]
[542, 380, -19]
[314, 374, -60]
[559, 487, -155]
[297, 479, -176]
[574, 509, -191]
[284, 509, -209]
[568, 509, -222]
[295, 509, -243]
[560, 502, -171]
[303, 499, -192]
[481, 512, 2]
[370, 508, -1]
[473, 693, 26]
[372, 693, 33]
[465, 851, 238]
[368, 856, 198]
[466, 870, 253]
[367, 878, 210]
[452, 908, 141]
[376, 911, 80]
[437, 158, -239]
[447, 142, -224]
[453, 143, -224]
[459, 144, -224]
[428, 139, -227]
[421, 139, -227]
[414, 138, -227]
[467, 155, -117]
[401, 148, -131]
[448, 179, -198]
[422, 177, -202]
[515, 261, -52]
[348, 250, -76]
[541, 380, -16]
[315, 374, -63]
[559, 488, -140]
[296, 484, -173]
[573, 509, -173]
[282, 514, -204]
[568, 510, -205]
[295, 515, -238]
[560, 504, -156]
[302, 505, -189]
[483, 512, 1]
[373, 508, -1]
[475, 694, 35]
[374, 694, 45]
[472, 851, 250]
[373, 857, 215]
[473, 871, 266]
[372, 879, 228]
[459, 909, 156]
[383, 911, 100]
[437, 158, -234]
[447, 141, -219]
[453, 142, -219]
[459, 144, -219]
[428, 139, -222]
[421, 138, -222]
[414, 138, -223]
[467, 154, -114]
[401, 148, -130]
[448, 178, -194]
[422, 177, -198]
[515, 261, -50]
[348, 250, -80]
[540, 384, -5]
[315, 378, -66]
[559, 498, -100]
[296, 496, -176]
[573, 523, -124]
[282, 529, -204]
[567, 526, -154]
[295, 531, -236]
[559, 517, -114]
[302, 518, -191]
[483, 515, 1]
[373, 512, 0]
[476, 699, 30]
[375, 701, 50]
[472, 858, 233]
[375, 866, 210]
[473, 879, 247]
[374, 890, 221]
[459, 917, 149]
[383, 921, 93]
[438, 157, -263]
[447, 140, -246]
[454, 141, -246]
[460, 143, -246]
[429, 138, -250]
[422, 137, -250]
[415, 137, -250]
[468, 153, -135]
[401, 147, -148]
[448, 177, -221]
[423, 176, -225]
[515, 261, -68]
[348, 250, -87]
[540, 390, -12]
[315, 384, -66]
[558, 510, -135]
[297, 504, -176]
[571, 542, -165]
[287, 538, -205]
[562, 545, -194]
[303, 539, -240]
[555, 531, -150]
[308, 526, -192]
[485, 518, -5]
[373, 514, 5]
[477, 707, 3]
[375, 709, 38]
[473, 870, 220]
[375, 879, 201]
[474, 893, 235]
[375, 904, 213]
[460, 932, 116]
[383, 934, 73]
[439, 156, -262]
[448, 139, -243]
[454, 141, -243]
[460, 142, -243]
[430, 137, -247]
[423, 137, -247]
[415, 137, -248]
[468, 152, -131]
[401, 147, -147]
[449, 177, -219]
[424, 175, -225]
[515, 261, -65]
[348, 250, -85]
[541, 392, -19]
[315, 386, -65]
[557, 511, -130]
[298, 506, -170]
[570, 542, -158]
[288, 540, -198]
[559, 544, -188]
[305, 542, -231]
[551, 531, -144]
[310, 528, -185]
[485, 519, -5]
[373, 516, 6]
[477, 708, 5]
[375, 709, 34]
[473, 871, 216]
[375, 879, 188]
[474, 894, 232]
[375, 905, 198]
[460, 932, 114]
[383, 934, 63]
[440, 155, -247]
[448, 139, -230]
[455, 140, -230]
[461, 141, -230]
[430, 137, -234]
[423, 136, -234]
[415, 136, -235]
[468, 151, -123]
[402, 146, -141]
[449, 176, -207]
[424, 175, -212]
[515, 261, -63]
[347, 250, -84]
[540, 393, -20]
[315, 386, -65]
[556, 512, -119]
[298, 508, -159]
[570, 540, -144]
[286, 542, -185]
[559, 544, -172]
[302, 545, -217]
[551, 531, -132]
[308, 531, -174]
[486, 520, -5]
[373, 517, 6]
[477, 707, 16]
[374, 708, 39]
[473, 871, 218]
[375, 878, 189]
[474, 894, 233]
[375, 904, 200]
[460, 931, 120]
[383, 933, 68]
[440, 155, -262]
[449, 138, -245]
[455, 139, -245]
[461, 141, -245]
[430, 136, -249]
[423, 135, -249]
[416, 135, -249]
[468, 150, -134]
[402, 145, -148]
[449, 176, -220]
[425, 175, -224]
[516, 261, -68]
[347, 250, -85]
[540, 395, -21]
[316, 386, -63]
[556, 512, -131]
[300, 506, -166]
[569, 537, -159]
[287, 539, -193]
[559, 541, -188]
[302, 541, -227]
[551, 530, -146]
[308, 527, -182]
[486, 521, -8]
[373, 517, 8]
[477, 709, 0]
[373, 710, 42]
[473, 874, 211]
[375, 881, 210]
[474, 898, 226]
[374, 908, 222]
[460, 935, 106]
[382, 936, 86]
[440, 155, -299]
[449, 138, -282]
[455, 139, -282]
[462, 140, -282]
[431, 136, -285]
[423, 135, -286]
[416, 135, -286]
[468, 149, -166]
[402, 144, -179]
[450, 176, -254]
[425, 174, -258]
[516, 261, -90]
[347, 250, -103]
[540, 397, -39]
[317, 388, -72]
[556, 513, -135]
[303, 504, -177]
[569, 539, -161]
[289, 538, -205]
[559, 545, -192]
[304, 538, -244]
[551, 532, -149]
[310, 524, -195]
[486, 522, -9]
[373, 518, 9]
[476, 713, -3]
[369, 712, 62]
[471, 877, 214]
[369, 884, 265]
[471, 902, 230]
[368, 912, 280]
[458, 940, 106]
[376, 939, 137]
[440, 154, -296]
[449, 138, -279]
[456, 139, -279]
[462, 140, -280]
[431, 136, -283]
[424, 135, -283]
[416, 134, -283]
[469, 149, -163]
[402, 144, -179]
[450, 175, -251]
[425, 174, -256]
[516, 261, -87]
[347, 250, -107]
[540, 398, -39]
[317, 388, -81]
[556, 513, -136]
[305, 504, -192]
[569, 539, -164]
[291, 537, -221]
[560, 543, -194]
[305, 538, -259]
[551, 531, -150]
[312, 523, -209]
[487, 522, -9]
[373, 518, 9]
[476, 714, -1]
[368, 712, 68]
[471, 878, 216]
[367, 885, 270]
[470, 902, 232]
[366, 914, 285]
[457, 942, 106]
[374, 941, 144]
[441, 154, -312]
[450, 137, -296]
[456, 138, -296]
[462, 139, -296]
[431, 135, -299]
[424, 134, -299]
[416, 134, -300]
[469, 148, -178]
[402, 143, -191]
[450, 175, -267]
[425, 173, -271]
[516, 261, -99]
[347, 250, -115]
[540, 398, -45]
[317, 389, -85]
[556, 515, -137]
[305, 504, -196]
[569, 542, -164]
[290, 536, -226]
[560, 548, -196]
[305, 536, -263]
[551, 534, -152]
[311, 522, -213]
[487, 523, -10]
[371, 518, 10]
[474, 714, 0]
[366, 713, 74]
[469, 878, 229]
[365, 885, 284]
[468, 902, 246]
[364, 913, 300]
[455, 942, 115]
[371, 941, 156]
