[361, 240, -110]
[371, 225, -117]
[376, 224, -117]
[382, 223, -118]
[360, 227, -110]
[357, 227, -110]
[354, 228, -110]
[397, 227, -103]
[355, 233, -60]
[371, 250, -100]
[356, 253, -89]
[450, 271, -70]
[332, 292, -18]
[492, 353, -108]
[331, 374, 61]
[449, 373, -165]
[323, 412, 88]
[446, 389, -177]
[318, 427, 87]
[438, 367, -175]
[319, 417, 82]
[435, 367, -164]
[324, 410, 87]
[431, 448, -16]
[350, 457, 16]
[417, 584, 91]
[338, 586, 137]
[410, 737, 284]
[343, 757, 289]
[413, 764, 305]
[347, 775, 303]
[396, 779, 260]
[345, 802, 241]
[303, 62, -15]
[307, 57, -22]
[308, 58, -22]
[308, 58, -22]
[308, 57, -8]
[309, 57, -8]
[310, 57, -8]
[314, 63, -43]
[317, 62, 18]
[304, 69, -22]
[305, 69, -4]
[320, 97, -76]
[329, 97, 52]
[328, 142, -95]
[336, 145, 57]
[311, 176, -84]
[329, 180, 27]
[308, 186, -94]
[328, 189, 27]
[306, 184, -92]
[326, 189, 17]
[307, 182, -82]
[326, 186, 22]
[337, 184, -41]
[327, 180, 41]
[314, 233, -90]
[287, 204, 26]
[326, 307, -105]
[321, 255, 66]
[334, 322, -108]
[331, 262, 69]
[298, 320, -149]
[303, 269, 60]
[303, 63, -21]
[307, 58, -28]
[308, 58, -28]
[309, 59, -28]
[308, 58, -15]
[309, 58, -15]
[310, 58, -15]
[314, 64, -49]
[317, 63, 10]
[305, 70, -28]
[305, 71, -10]
[320, 97, -80]
[330, 98, 47]
[328, 141, -95]
[341, 144, 57]
[308, 173, -86]
[341, 178, 32]
[303, 182, -96]
[342, 185, 32]
[301, 179, -94]
[339, 185, 24]
[303, 176, -85]
[338, 183, 27]
[335, 183, -41]
[329, 180, 41]
[314, 234, -84]
[300, 216, 90]
[326, 306, -94]
[319, 259, 158]
[334, 321, -96]
[327, 266, 163]
[299, 320, -135]
[299, 271, 158]
[304, 64, -41]
[308, 59, -48]
[308, 59, -48]
[309, 59, -48]
[308, 58, -35]
[309, 59, -35]
[310, 59, -35]
[315, 64, -65]
[317, 63, -7]
[305, 71, -46]
[305, 71, -29]
[323, 97, -95]
[330, 99, 33]
[330, 140, -110]
[340, 144, 46]
[301, 174, -106]
[342, 178, 18]
[296, 182, -119]
[344, 186, 17]
[293, 179, -116]
[341, 186, 8]
[295, 176, -104]
[340, 183, 13]
[335, 183, -41]
[329, 180, 41]
[315, 235, -75]
[297, 221, 94]
[326, 306, -78]
[319, 262, 165]
[335, 320, -80]
[327, 269, 171]
[299, 321, -121]
[299, 274, 165]
[305, 64, -38]
[309, 59, -46]
[310, 59, -46]
[310, 59, -46]
[309, 59, -32]
[310, 59, -32]
[311, 59, -32]
[317, 64, -63]
[318, 63, -5]
[306, 71, -44]
[306, 71, -27]
[325, 97, -92]
[331, 99, 34]
[330, 140, -109]
[340, 144, 45]
[300, 172, -106]
[341, 178, 16]
[294, 181, -118]
[343, 186, 15]
[290, 176, -115]
[340, 186, 6]
[293, 174, -104]
[340, 184, 11]
[335, 183, -41]
[329, 181, 41]
[316, 236, -67]
[297, 219, 87]
[326, 307, -67]
[319, 258, 160]
[335, 321, -68]
[327, 263, 166]
[299, 321, -107]
[301, 270, 163]
[306, 64, -34]
[310, 59, -41]
[311, 59, -41]
[312, 59, -41]
[310, 59, -28]
[311, 59, -28]
[312, 59, -28]
[318, 64, -60]
[319, 63, 0]
[308, 71, -40]
[308, 71, -23]
[327, 97, -91]
[333, 100, 39]
[331, 142, -107]
[337, 145, 50]
[294, 170, -102]
[337, 178, 17]
[286, 177, -115]
[339, 186, 17]
[282, 171, -111]
[336, 185, 8]
[285, 169, -100]
[335, 182, 13]
[336, 185, -41]
[331, 183, 41]
[316, 236, -62]
[306, 222, 113]
[326, 307, -59]
[318, 259, 191]
[335, 321, -60]
[325, 264, 198]
[299, 321, -97]
[299, 269, 195]
[308, 64, -32]
[312, 59, -40]
[313, 59, -40]
[313, 59, -40]
[312, 59, -25]
[313, 59, -25]
[314, 59, -25]
[320, 64, -58]
[321, 63, 2]
[310, 71, -39]
[310, 71, -20]
[329, 97, -88]
[335, 100, 41]
[331, 143, -103]
[333, 145, 62]
[293, 166, -100]
[316, 174, 35]
[285, 172, -111]
[313, 180, 34]
[281, 166, -108]
[310, 178, 23]
[284, 165, -98]
[311, 176, 29]
[337, 185, -41]
[333, 184, 41]
[317, 236, -66]
[312, 225, 119]
[326, 308, -67]
[318, 270, 186]
[335, 321, -68]
[325, 278, 192]
[299, 321, -105]
[299, 278, 185]
[310, 64, -23]
[314, 59, -29]
[315, 59, -30]
[316, 59, -30]
[314, 59, -16]
[315, 59, -16]
[315, 59, -16]
[322, 64, -48]
[323, 63, 10]
[312, 71, -29]
[312, 71, -12]
[334, 98, -79]
[335, 101, 50]
[329, 143, -94]
[324, 145, 68]
[290, 160, -87]
[298, 170, 37]
[279, 166, -100]
[292, 174, 35]
[277, 160, -97]
[289, 171, 24]
[281, 158, -85]
[291, 170, 31]
[338, 185, -40]
[332, 184, 40]
[317, 236, -66]
[313, 225, 111]
[326, 308, -73]
[318, 273, 174]
[335, 321, -74]
[324, 281, 180]
[299, 321, -111]
[299, 281, 173]
[312, 64, -23]
[316, 59, -30]
[317, 59, -30]
[318, 59, -30]
[316, 59, -17]
[316, 59, -16]
[317, 59, -17]
[325, 64, -47]
[324, 63, 11]
[314, 71, -29]
[313, 71, -12]
[338, 98, -78]
[329, 102, 50]
[328, 143, -96]
[319, 146, 66]
[289, 156, -93]
[287, 160, 34]
[279, 161, -107]
[286, 168, 35]
[276, 153, -104]
[283, 165, 21]
[279, 152, -92]
[286, 164, 29]
[340, 185, -39]
[331, 184, 39]
[318, 236, -76]
[311, 225, 112]
[326, 308, -87]
[318, 273, 180]
[335, 321, -90]
[324, 280, 186]
[299, 322, -129]
[302, 290, 177]
[314, 64, -22]
[318, 59, -29]
[318, 59, -29]
[319, 59, -29]
[317, 59, -16]
[318, 59, -16]
[318, 59, -16]
[327, 64, -46]
[326, 63, 10]
[316, 71, -28]
[315, 71, -11]
[339, 98, -76]
[331, 102, 49]
[326, 143, -95]
[322, 146, 65]
[288, 151, -95]
[299, 164, 33]
[278, 154, -108]
[296, 169, 32]
[277, 147, -105]
[293, 166, 21]
[280, 147, -93]
[295, 165, 28]
[340, 185, -39]
[331, 184, 39]
[318, 236, -73]
[314, 227, 121]
[326, 309, -86]
[323, 282, 192]
[335, 322, -89]
[324, 285, 198]
[299, 322, -129]
[303, 296, 189]
[315, 64, -22]
[319, 59, -29]
[320, 59, -29]
[320, 59, -29]
[318, 59, -16]
[319, 59, -16]
[319, 59, -16]
[328, 64, -45]
[327, 63, 10]
[317, 71, -27]
[316, 71, -11]
[341, 98, -73]
[331, 103, 49]
[324, 142, -93]
[318, 145, 58]
[286, 146, -94]
[303, 164, 16]
[275, 147, -107]
[301, 169, 12]
[275, 140, -104]
[299, 166, 4]
[279, 140, -92]
[300, 164, 11]
[340, 185, -38]
[331, 184, 38]
[318, 235, -76]
[314, 227, 122]
[326, 309, -100]
[324, 284, 193]
[335, 322, -103]
[324, 285, 199]
[299, 322, -147]
[303, 298, 190]
[315, 64, -17]
[320, 59, -24]
[320, 59, -24]
[321, 59, -24]
[319, 59, -11]
[319, 59, -11]
[320, 59, -11]
[329, 64, -40]
[328, 63, 14]
[318, 71, -22]
[317, 71, -6]
[341, 98, -69]
[332, 102, 51]
[320, 140, -86]
[324, 146, 58]
[278, 141, -82]
[318, 172, 21]
[266, 143, -92]
[318, 179, 18]
[266, 132, -90]
[316, 176, 8]
[273, 134, -80]
[315, 174, 16]
[341, 185, -38]
[331, 184, 38]
[318, 234, -92]
[313, 226, 125]
[326, 309, -118]
[324, 281, 199]
[335, 322, -122]
[325, 282, 206]
[299, 322, -166]
[303, 293, 197]
[316, 65, -16]
[320, 59, -23]
[321, 59, -23]
[322, 60, -23]
[320, 59, -11]
[320, 59, -11]
[321, 59, -11]
[330, 64, -39]
[329, 63, 13]
[319, 71, -21]
[318, 71, -6]
[342, 98, -65]
[333, 102, 48]
[318, 138, -83]
[327, 146, 54]
[279, 126, -76]
[320, 174, 22]
[269, 122, -85]
[321, 181, 20]
[269, 117, -82]
[318, 178, 10]
[273, 119, -74]
[318, 176, 17]
[341, 185, -37]
[330, 185, 37]
[318, 233, -90]
[312, 225, 128]
[326, 309, -119]
[324, 275, 206]
[335, 322, -123]
[325, 279, 214]
[299, 322, -166]
[304, 283, 207]
[317, 65, -17]
[321, 59, -24]
[322, 59, -24]
[323, 60, -24]
[320, 59, -13]
[321, 59, -13]
[321, 59, -13]
[331, 64, -41]
[329, 63, 10]
[320, 71, -23]
[319, 71, -6]
[343, 97, -67]
[333, 102, 45]
[318, 136, -93]
[323, 143, 55]
[281, 122, -100]
[304, 159, 25]
[273, 116, -112]
[301, 163, 23]
[272, 112, -108]
[299, 159, 16]
[276, 114, -99]
[300, 158, 21]
[341, 186, -37]
[330, 185, 37]
[318, 233, -86]
[313, 226, 127]
[326, 309, -110]
[321, 275, 204]
[335, 322, -114]
[324, 281, 211]
[299, 322, -156]
[304, 289, 204]
[316, 65, -15]
[321, 59, -23]
[322, 59, -23]
[323, 60, -23]
[320, 59, -11]
[321, 59, -11]
[321, 59, -11]
[330, 64, -40]
[329, 63, 12]
[319, 72, -21]
[318, 72, -5]
[343, 97, -64]
[333, 101, 47]
[316, 135, -93]
[321, 139, 71]
[280, 115, -104]
[297, 144, 64]
[273, 108, -115]
[293, 144, 66]
[273, 103, -111]
[290, 140, 58]
[277, 106, -102]
[291, 140, 61]
[341, 186, -36]
[330, 186, 36]
[318, 232, -104]
[314, 228, 119]
[326, 309, -140]
[323, 288, 195]
[335, 322, -144]
[325, 290, 198]
[299, 323, -186]
[302, 293, 184]
[316, 65, 0]
[320, 59, -5]
[321, 60, -5]
[322, 60, -5]
[320, 59, 5]
[321, 59, 5]
[321, 59, 5]
[329, 64, -22]
[329, 63, 28]
[318, 72, -4]
[318, 72, 10]
[341, 97, -47]
[336, 101, 58]
[315, 133, -84]
[340, 153, 67]
[279, 111, -100]
[341, 186, 51]
[273, 105, -110]
[346, 195, 53]
[274, 100, -109]
[341, 195, 49]
[277, 103, -97]
[338, 192, 48]
[340, 186, -36]
[330, 186, 36]
[318, 232, -111]
[315, 230, 110]
[326, 309, -135]
[325, 290, 177]
[335, 322, -138]
[326, 290, 182]
[299, 323, -180]
[302, 292, 171]
[316, 65, 10]
[320, 59, 4]
[321, 59, 4]
[322, 60, 4]
[320, 59, 15]
[321, 59, 15]
[321, 59, 15]
[329, 64, -9]
[329, 63, 38]
[318, 72, 6]
[317, 72, 20]
[341, 95, -35]
[337, 100, 64]
[316, 130, -80]
[347, 151, 66]
[279, 105, -103]
[356, 198, 49]
[274, 98, -112]
[361, 208, 51]
[274, 94, -106]
[357, 209, 47]
[277, 98, -100]
[354, 206, 46]
[338, 185, -36]
[328, 186, 36]
[318, 232, -108]
[315, 231, 81]
[327, 309, -122]
[325, 291, 145]
[335, 323, -125]
[329, 293, 150]
[299, 323, -166]
[303, 297, 137]
[316, 65, 11]
[320, 59, 5]
[321, 59, 5]
[322, 59, 5]
[320, 59, 16]
[321, 59, 16]
[321, 59, 16]
[329, 63, -8]
[329, 63, 39]
[318, 72, 7]
[317, 72, 21]
[340, 94, -35]
[336, 100, 66]
[316, 128, -81]
[346, 155, 67]
[280, 100, -107]
[356, 196, 51]
[276, 92, -116]
[363, 206, 54]
[280, 88, -109]
[358, 207, 50]
[282, 92, -105]
[355, 203, 49]
[336, 184, -36]
[326, 186, 36]
[318, 232, -109]
[315, 233, 68]
[327, 309, -120]
[325, 296, 120]
[335, 322, -122]
[331, 301, 124]
[299, 323, -163]
[302, 306, 110]
[315, 65, 15]
[320, 59, 9]
[321, 59, 9]
[322, 59, 9]
[320, 59, 20]
[320, 59, 20]
[321, 59, 20]
[329, 63, -5]
[329, 63, 40]
[318, 72, 11]
[317, 72, 24]
[339, 94, -31]
[337, 99, 65]
[313, 123, -78]
[345, 154, 66]
[281, 96, -106]
[355, 194, 48]
[277, 88, -115]
[362, 205, 50]
[283, 85, -108]
[358, 205, 46]
[287, 89, -103]
[354, 201, 45]
[335, 183, -36]
[324, 186, 36]
[318, 232, -107]
[315, 233, 82]
[326, 309, -118]
[325, 292, 146]
[335, 323, -120]
[331, 295, 151]
[299, 323, -161]
[304, 300, 140]
[315, 65, 10]
[320, 59, 4]
[321, 59, 4]
[321, 59, 4]
[320, 59, 14]
[320, 59, 14]
[321, 59, 14]
[328, 63, -11]
[329, 63, 34]
[317, 72, 6]
[317, 72, 19]
[338, 94, -37]
[337, 99, 62]
[312, 121, -81]
[343, 156, 66]
[283, 95, -108]
[351, 195, 47]
[278, 86, -118]
[358, 206, 49]
[286, 82, -111]
[353, 200, 45]
[290, 86, -106]
[351, 202, 45]
[333, 183, -35]
[324, 186, 35]
[318, 232, -92]
[315, 235, 80]
[326, 308, -95]
[325, 295, 138]
[335, 322, -97]
[337, 295, 143]
[299, 323, -136]
[309, 300, 130]
[312, 65, -8]
[319, 59, -14]
[320, 60, -14]
[321, 60, -14]
[318, 59, -4]
[319, 59, -4]
[319, 59, -4]
[328, 63, -26]
[326, 63, 16]
[316, 73, -11]
[316, 73, 0]
[338, 94, -44]
[332, 98, 47]
[307, 121, -86]
[332, 154, 64]
[286, 92, -107]
[347, 181, 52]
[281, 84, -117]
[357, 190, 54]
[289, 79, -111]
[348, 186, 49]
[291, 83, -105]
[347, 184, 49]
[332, 182, -36]
[322, 185, 36]
[318, 233, -73]
[315, 235, 86]
[326, 307, -78]
[325, 293, 148]
[335, 322, -80]
[337, 294, 153]
[299, 323, -117]
[311, 299, 142]
[312, 66, -12]
[317, 61, -17]
[318, 61, -17]
[319, 61, -17]
[317, 61, -9]
[318, 61, -9]
[318, 61, -9]
[325, 64, -26]
[324, 64, 11]
[316, 74, -14]
[315, 74, -3]
[338, 94, -46]
[328, 102, 43]
[307, 120, -83]
[324, 153, 56]
[290, 90, -99]
[332, 177, 39]
[285, 81, -108]
[337, 185, 40]
[291, 75, -103]
[334, 182, 34]
[296, 82, -97]
[333, 179, 36]
[332, 182, -35]
[318, 185, 35]
[318, 234, -75]
[315, 237, 81]
[326, 307, -81]
[325, 293, 131]
[335, 322, -82]
[339, 293, 135]
[299, 323, -121]
[312, 298, 120]
[311, 66, -9]
[317, 61, -16]
[317, 61, -16]
[318, 61, -16]
[315, 62, -5]
[316, 62, -5]
[316, 62, -5]
[321, 64, -22]
[321, 65, 13]
[314, 73, -12]
[313, 74, 0]
[332, 94, -42]
[323, 103, 44]
[307, 121, -73]
[321, 151, 46]
[298, 97, -86]
[324, 171, 15]
[296, 90, -96]
[327, 179, 13]
[301, 85, -93]
[325, 176, 8]
[302, 89, -85]
[325, 172, 12]
[330, 181, -33]
[316, 185, 33]
[317, 234, -77]
[315, 236, 85]
[326, 307, -91]
[329, 274, 140]
[335, 322, -92]
[338, 280, 144]
[299, 323, -130]
[317, 285, 130]
[309, 68, -3]
[313, 64, -8]
[314, 63, -8]
[315, 63, -8]
[312, 64, 0]
[312, 64, 0]
[312, 65, 0]
[320, 67, -15]
[318, 68, 17]
[311, 75, -5]
[310, 76, 5]
[331, 94, -36]
[321, 105, 45]
[308, 118, -77]
[319, 149, 52]
[304, 97, -104]
[322, 173, 27]
[303, 91, -116]
[324, 180, 27]
[307, 87, -112]
[322, 178, 21]
[307, 91, -103]
[322, 175, 24]
[329, 181, -32]
[315, 185, 32]
[317, 235, -76]
[315, 234, 85]
[326, 308, -94]
[332, 270, 143]
[335, 322, -94]
[339, 277, 148]
[299, 323, -133]
[319, 280, 136]
[298, 73, -6]
[303, 67, -12]
[304, 66, -12]
[305, 66, -12]
[302, 67, -3]
[302, 67, -3]
[302, 68, -3]
[314, 68, -20]
[311, 69, 18]
[304, 80, -8]
[302, 80, 3]
[330, 94, -41]
[314, 104, 46]
[305, 119, -81]
[311, 143, 65]
[299, 94, -103]
[312, 156, 51]
[296, 89, -116]
[313, 161, 52]
[300, 84, -110]
[312, 157, 46]
[302, 88, -102]
[312, 155, 48]
[328, 181, -33]
[315, 184, 33]
[315, 235, -78]
[314, 234, 88]
[326, 307, -105]
[335, 264, 149]
[335, 322, -109]
[342, 269, 155]
[298, 323, -145]
[324, 276, 151]
[297, 79, -14]
[301, 69, -21]
[302, 69, -21]
[303, 69, -21]
[298, 72, -10]
[298, 72, -10]
[301, 70, -11]
[312, 70, -35]
[310, 71, 11]
[302, 83, -17]
[301, 82, -4]
[329, 95, -53]
[315, 103, 43]
[303, 120, -88]
[304, 132, 76]
[298, 94, -96]
[297, 120, 86]
[296, 89, -103]
[297, 117, 91]
[299, 85, -100]
[297, 113, 87]
[300, 89, -95]
[297, 114, 84]
[327, 181, -33]
[315, 184, 33]
[315, 235, -77]
[312, 234, 90]
[326, 307, -106]
[335, 265, 150]
[335, 321, -110]
[342, 269, 155]
[298, 323, -145]
[324, 277, 150]
[298, 78, -21]
[300, 69, -28]
[302, 69, -28]
[305, 68, -28]
[299, 71, -18]
[299, 70, -18]
[302, 69, -18]
[314, 70, -38]
[310, 71, 4]
[303, 81, -24]
[301, 82, -11]
[329, 96, -56]
[315, 102, 39]
[303, 120, -86]
[306, 136, 64]
[298, 96, -81]
[303, 144, 57]
[296, 90, -88]
[303, 147, 57]
[300, 86, -86]
[303, 144, 51]
[300, 90, -80]
[303, 143, 54]
[327, 181, -33]
[315, 184, 33]
[315, 236, -63]
[312, 234, 94]
[325, 307, -81]
[335, 268, 152]
[335, 321, -84]
[343, 273, 157]
[298, 323, -120]
[323, 280, 150]
[297, 77, -16]
[299, 69, -23]
[300, 69, -23]
[302, 68, -23]
[298, 70, -13]
[298, 70, -13]
[299, 69, -13]
[311, 70, -35]
[309, 71, 9]
[301, 81, -19]
[300, 82, -6]
[327, 96, -56]
[316, 102, 41]
[300, 120, -74]
[305, 137, 64]
[297, 97, -52]
[302, 146, 49]
[295, 91, -57]
[301, 150, 49]
[299, 87, -56]
[303, 147, 43]
[300, 90, -50]
[303, 145, 46]
[326, 182, -35]
[316, 184, 35]
[314, 238, -54]
[312, 234, 93]
[325, 307, -66]
[329, 279, 143]
[335, 321, -68]
[342, 277, 148]
[298, 323, -100]
[321, 285, 141]
[298, 77, -15]
[299, 70, -21]
[300, 70, -21]
[302, 70, -21]
[298, 71, -11]
[298, 71, -11]
[299, 70, -11]
[311, 71, -33]
[310, 72, 11]
[302, 82, -18]
[300, 82, -6]
[327, 96, -54]
[315, 102, 47]
[301, 121, -76]
[303, 134, 69]
[297, 97, -65]
[300, 137, 56]
[295, 92, -71]
[300, 138, 58]
[298, 89, -70]
[301, 135, 53]
[299, 92, -64]
[301, 134, 54]
[326, 182, -35]
[316, 184, 35]
[314, 238, -65]
[312, 235, 70]
[325, 307, -68]
[326, 291, 99]
[335, 321, -70]
[340, 297, 101]
[298, 323, -119]
[313, 303, 88]
[296, 79, -14]
[297, 72, -21]
[298, 72, -21]
[299, 71, -21]
[297, 72, -11]
[297, 72, -11]
[297, 71, -11]
[310, 72, -34]
[309, 72, 12]
[300, 83, -18]
[299, 83, -5]
[327, 97, -55]
[315, 102, 47]
[302, 121, -90]
[301, 125, 89]
[297, 97, -95]
[294, 110, 109]
[296, 93, -102]
[294, 106, 115]
[299, 90, -101]
[294, 103, 111]
[300, 93, -94]
[294, 105, 107]
[326, 182, -36]
[315, 184, 36]
[313, 238, -68]
[312, 235, 67]
[325, 307, -81]
[325, 294, 95]
[335, 321, -84]
[334, 305, 97]
[298, 324, -123]
[306, 309, 84]
[295, 78, -16]
[296, 72, -23]
[297, 71, -23]
[298, 71, -23]
[296, 72, -12]
[296, 71, -12]
[296, 71, -12]
[311, 71, -37]
[309, 72, 10]
[299, 83, -19]
[298, 82, -6]
[327, 97, -57]
[315, 101, 45]
[302, 121, -96]
[301, 123, 81]
[298, 98, -105]
[297, 110, 93]
[297, 93, -112]
[297, 106, 98]
[300, 90, -110]
[297, 103, 95]
[300, 93, -103]
[297, 105, 91]
[325, 182, -36]
[315, 184, 36]
[312, 238, -77]
[312, 235, 75]
[325, 307, -104]
[325, 291, 117]
[335, 321, -108]
[335, 297, 121]
[298, 324, -144]
[309, 302, 109]
[295, 76, -15]
[297, 70, -22]
[298, 70, -22]
[299, 69, -22]
[296, 70, -12]
[297, 69, -12]
[297, 69, -12]
[311, 70, -36]
[310, 71, 11]
[300, 81, -18]
[298, 81, -6]
[326, 96, -59]
[316, 100, 47]
[300, 121, -81]
[303, 128, 78]
[298, 98, -63]
[299, 124, 79]
[297, 93, -68]
[299, 122, 82]
[300, 90, -69]
[300, 120, 77]
[300, 93, -62]
[300, 121, 77]
[325, 183, -36]
[315, 184, 36]
[312, 238, -73]
[312, 235, 86]
[325, 307, -96]
[325, 291, 128]
[335, 321, -98]
[335, 297, 132]
[298, 324, -133]
[307, 304, 121]
[295, 76, -14]
[298, 69, -21]
[299, 69, -21]
[300, 68, -21]
[297, 69, -11]
[297, 68, -11]
[298, 68, -11]
[311, 69, -36]
[310, 70, 11]
[300, 80, -18]
[298, 80, -5]
[326, 95, -59]
[316, 99, 48]
[300, 120, -81]
[303, 126, 91]
[297, 97, -73]
[298, 122, 109]
[297, 93, -79]
[298, 122, 114]
[300, 91, -79]
[299, 119, 110]
[301, 94, -72]
[299, 119, 107]
[325, 183, -37]
[315, 183, 37]
[313, 239, -59]
[312, 235, 88]
[325, 308, -73]
[325, 291, 133]
[335, 322, -74]
[335, 296, 137]
[298, 324, -106]
[306, 304, 128]
[296, 73, -15]
[298, 66, -22]
[299, 66, -22]
[300, 65, -22]
[298, 66, -12]
[298, 65, -12]
[299, 65, -12]
[311, 67, -38]
[311, 66, 11]
[300, 78, -19]
[299, 78, -5]
[326, 95, -62]
[316, 98, 48]
[300, 120, -101]
[304, 126, 99]
[297, 96, -115]
[298, 127, 129]
[297, 92, -125]
[297, 127, 136]
[300, 89, -125]
[297, 124, 130]
[300, 92, -115]
[297, 124, 127]
[325, 183, -37]
[316, 183, 37]
[313, 239, -62]
[313, 235, 95]
[325, 308, -77]
[325, 290, 146]
[335, 322, -79]
[335, 295, 150]
[298, 324, -113]
[307, 302, 140]
[297, 71, -19]
[301, 65, -26]
[302, 65, -26]
[303, 65, -26]
[301, 65, -15]
[302, 65, -15]
[302, 65, -15]
[311, 67, -40]
[311, 66, 8]
[301, 78, -22]
[300, 77, -8]
[327, 95, -62]
[316, 98, 45]
[304, 120, -111]
[304, 126, 97]
[294, 96, -139]
[297, 126, 129]
[292, 92, -152]
[296, 126, 136]
[294, 89, -149]
[296, 123, 130]
[295, 92, -139]
[296, 123, 127]
[325, 183, -37]
[316, 183, 37]
[313, 238, -65]
[314, 235, 94]
[325, 308, -82]
[325, 290, 145]
[335, 322, -84]
[336, 295, 149]
[298, 324, -118]
[309, 301, 138]
[299, 78, -17]
[303, 67, -24]
[305, 67, -24]
[305, 67, -24]
[303, 68, -13]
[304, 68, -13]
[304, 68, -13]
[312, 68, -39]
[312, 69, 9]
[303, 81, -21]
[301, 79, -7]
[328, 95, -62]
[317, 100, 45]
[309, 116, -113]
[305, 127, 101]
[296, 95, -151]
[298, 128, 136]
[294, 90, -164]
[298, 128, 144]
[295, 86, -161]
[297, 125, 137]
[296, 89, -151]
[297, 125, 134]
[326, 183, -37]
[317, 183, 37]
[313, 238, -71]
[314, 235, 85]
[325, 308, -94]
[325, 292, 127]
[335, 322, -97]
[333, 299, 130]
[298, 324, -133]
[310, 303, 116]
[305, 70, -17]
[310, 65, -23]
[311, 65, -23]
[311, 66, -23]
[309, 65, -13]
[310, 65, -13]
[311, 65, -13]
[318, 67, -38]
[316, 67, 10]
[309, 78, -20]
[307, 76, -6]
[331, 94, -61]
[321, 100, 45]
[308, 117, -105]
[310, 128, 89]
[294, 95, -125]
[299, 128, 98]
[290, 90, -136]
[298, 128, 102]
[294, 86, -134]
[298, 124, 96]
[295, 88, -124]
[298, 113, 96]
[327, 182, -37]
[318, 183, 37]
[313, 238, -72]
[315, 235, 92]
[325, 308, -95]
[325, 291, 140]
[335, 322, -98]
[332, 300, 144]
[298, 324, -134]
[311, 302, 132]
[308, 68, -16]
[313, 61, -22]
[313, 62, -22]
[314, 62, -22]
[312, 61, -11]
[313, 60, -11]
[313, 60, -11]
[321, 66, -38]
[319, 64, 10]
[310, 75, -20]
[309, 74, -6]
[334, 94, -61]
[320, 99, 45]
[308, 117, -100]
[310, 128, 70]
[292, 95, -102]
[298, 120, 66]
[289, 90, -110]
[297, 117, 69]
[294, 84, -109]
[297, 113, 66]
[295, 87, -100]
[297, 113, 65]
[329, 182, -36]
[318, 183, 36]
[313, 237, -90]
[315, 235, 97]
[325, 308, -122]
[325, 291, 153]
[335, 322, -125]
[333, 297, 158]
[298, 323, -165]
[307, 302, 147]
[308, 67, -15]
[313, 60, -21]
[314, 61, -21]
[314, 61, -21]
[313, 60, -11]
[313, 60, -11]
[314, 59, -11]
[323, 64, -38]
[320, 64, 10]
[310, 74, -20]
[309, 74, -6]
[335, 94, -61]
[320, 98, 45]
[308, 119, -99]
[310, 129, 72]
[292, 94, -102]
[295, 119, 72]
[288, 87, -111]
[293, 115, 75]
[294, 82, -108]
[293, 111, 71]
[295, 86, -101]
[293, 112, 70]
[329, 182, -36]
[318, 183, 36]
[313, 237, -87]
[315, 235, 99]
[325, 308, -109]
[325, 291, 156]
[335, 322, -112]
[336, 292, 161]
[298, 323, -149]
[306, 302, 152]
[310, 66, -15]
[314, 59, -21]
[315, 59, -21]
[316, 60, -21]
[314, 59, -11]
[315, 59, -11]
[316, 59, -11]
[324, 63, -37]
[323, 63, 10]
[312, 73, -20]
[311, 73, -6]
[336, 94, -62]
[323, 98, 45]
[308, 121, -80]
[315, 137, 48]
[292, 94, -57]
[303, 140, 12]
[288, 85, -63]
[300, 142, 10]
[294, 81, -60]
[300, 137, 6]
[295, 85, -55]
[301, 136, 9]
[329, 182, -36]
[320, 183, 36]
[313, 237, -69]
[315, 235, 104]
[325, 308, -90]
[338, 265, 175]
[335, 322, -92]
[345, 268, 182]
[298, 323, -124]
[328, 277, 182]
[312, 66, -13]
[316, 59, -19]
[317, 59, -19]
[318, 59, -19]
[316, 59, -9]
[317, 59, -9]
[318, 59, -9]
[325, 63, -34]
[325, 63, 10]
[313, 72, -17]
[313, 72, -4]
[336, 94, -60]
[332, 99, 45]
[308, 122, -87]
[326, 140, 62]
[289, 94, -96]
[318, 154, 57]
[283, 85, -106]
[318, 158, 59]
[289, 81, -100]
[317, 154, 55]
[293, 85, -94]
[317, 152, 54]
[330, 182, -36]
[322, 183, 36]
[313, 237, -59]
[315, 235, 100]
[325, 308, -71]
[339, 266, 167]
[335, 322, -73]
[346, 269, 174]
[298, 323, -103]
[329, 277, 173]
[314, 66, -8]
[318, 59, -14]
[318, 59, -14]
[319, 60, -14]
[318, 59, -4]
[319, 59, -4]
[319, 59, -4]
[325, 63, -30]
[326, 63, 14]
[315, 72, -12]
[315, 72, 0]
[336, 94, -56]
[336, 101, 47]
[308, 124, -88]
[333, 145, 67]
[286, 96, -99]
[336, 169, 62]
[278, 86, -109]
[340, 176, 64]
[284, 82, -101]
[337, 173, 60]
[289, 86, -95]
[335, 171, 60]
[330, 183, -37]
[322, 183, 37]
[313, 238, -64]
[315, 235, 99]
[325, 308, -72]
[338, 268, 175]
[335, 322, -73]
[345, 272, 183]
[298, 323, -105]
[326, 278, 180]
[314, 65, -3]
[319, 58, -10]
[319, 58, -10]
[320, 59, -10]
[319, 58, 0]
[320, 58, 0]
[320, 58, 0]
[326, 62, -27]
[327, 62, 20]
[315, 71, -8]
[315, 71, 5]
[336, 94, -54]
[334, 99, 51]
[311, 125, -89]
[334, 148, 66]
[283, 101, -104]
[335, 178, 56]
[276, 93, -113]
[339, 186, 58]
[278, 88, -105]
[336, 184, 53]
[282, 91, -100]
[334, 181, 53]
[330, 183, -37]
[323, 183, 37]
[313, 238, -55]
[316, 235, 101]
[325, 308, -58]
[336, 267, 169]
[335, 322, -59]
[344, 272, 175]
[298, 323, -90]
[324, 277, 173]
[315, 62, -6]
[319, 57, -12]
[320, 57, -12]
[321, 57, -12]
[319, 57, -2]
[320, 57, -1]
[321, 57, -1]
[327, 62, -29]
[327, 61, 19]
[316, 69, -10]
[315, 68, 3]
[336, 94, -55]
[334, 98, 50]
[312, 126, -94]
[339, 149, 62]
[281, 104, -113]
[343, 186, 50]
[275, 96, -123]
[348, 196, 52]
[277, 91, -116]
[344, 195, 48]
[281, 93, -110]
[341, 192, 48]
[330, 183, -37]
[324, 183, 37]
[313, 238, -56]
[316, 235, 103]
[325, 309, -55]
[329, 271, 178]
[335, 322, -55]
[344, 275, 185]
[298, 324, -87]
[323, 280, 182]
[316, 62, -7]
[321, 56, -13]
[321, 56, -13]
[322, 57, -13]
[320, 56, -3]
[321, 56, -3]
[321, 56, -3]
[328, 61, -30]
[328, 61, 19]
[317, 69, -11]
[316, 68, 1]
[336, 94, -59]
[334, 98, 51]
[312, 128, -100]
[334, 147, 71]
[279, 106, -118]
[332, 174, 63]
[273, 99, -128]
[335, 180, 66]
[274, 93, -123]
[334, 178, 58]
[277, 95, -115]
[332, 176, 59]
[331, 183, -37]
[324, 183, 37]
[313, 238, -59]
[316, 234, 102]
[325, 309, -64]
[330, 270, 172]
[334, 322, -64]
[342, 274, 179]
[298, 324, -96]
[322, 280, 176]
[317, 62, -6]
[321, 56, -13]
[322, 57, -13]
[323, 57, -13]
[321, 56, -2]
[322, 56, -2]
[322, 56, -2]
[329, 61, -30]
[329, 61, 20]
[318, 69, -11]
[317, 68, 2]
[337, 94, -59]
[336, 97, 52]
[312, 128, -99]
[334, 146, 69]
[278, 111, -114]
[332, 173, 57]
[272, 104, -123]
[335, 181, 58]
[273, 100, -120]
[332, 179, 52]
[276, 103, -113]
[331, 177, 54]
[331, 183, -37]
[325, 183, 37]
[313, 239, -60]
[316, 233, 106]
[325, 309, -67]
[327, 273, 172]
[334, 322, -68]
[339, 277, 178]
[298, 324, -102]
[320, 283, 172]
[317, 61, 0]
[322, 56, -6]
[322, 56, -6]
[323, 56, -6]
[321, 56, 4]
[322, 56, 4]
[323, 56, 4]
[329, 61, -24]
[330, 61, 28]
[318, 68, -5]
[318, 68, 9]
[336, 93, -56]
[340, 97, 58]
[314, 127, -98]
[342, 147, 68]
[278, 115, -114]
[344, 188, 51]
[272, 109, -124]
[348, 198, 52]
[273, 105, -119]
[344, 199, 47]
[276, 108, -112]
[342, 195, 48]
[331, 183, -38]
[326, 183, 38]
[313, 239, -60]
[316, 233, 104]
[325, 309, -62]
[326, 283, 165]
[334, 323, -63]
[339, 286, 170]
[298, 324, -99]
[316, 291, 160]
[317, 61, -7]
[322, 56, -14]
[322, 56, -14]
[323, 56, -14]
[321, 56, -2]
[322, 56, -2]
[323, 56, -2]
[329, 61, -33]
[330, 60, 22]
[318, 68, -13]
[318, 67, 2]
[336, 93, -62]
[342, 97, 54]
[314, 128, -101]
[344, 149, 61]
[277, 118, -116]
[346, 192, 43]
[270, 111, -126]
[350, 202, 45]
[271, 107, -121]
[346, 202, 40]
[275, 110, -114]
[343, 199, 41]
[332, 183, -39]
[326, 183, 39]
[313, 239, -53]
[315, 233, 104]
[325, 309, -46]
[325, 286, 169]
[334, 323, -46]
[338, 289, 175]
[298, 324, -82]
[308, 300, 164]
[317, 61, -8]
[322, 56, -16]
[322, 56, -16]
[323, 57, -16]
[322, 56, -3]
[322, 56, -3]
[323, 56, -3]
[329, 61, -36]
[330, 61, 20]
[319, 68, -14]
[319, 68, 1]
[334, 93, -67]
[345, 97, 51]
[315, 128, -102]
[351, 149, 61]
[277, 122, -117]
[351, 194, 49]
[269, 118, -125]
[355, 205, 51]
[270, 114, -121]
[351, 206, 46]
[274, 116, -115]
[348, 203, 47]
[332, 183, -40]
[328, 183, 40]
[313, 239, -49]
[314, 233, 104]
[325, 309, -40]
[324, 290, 168]
[334, 323, -40]
[338, 294, 174]
[298, 324, -75]
[304, 305, 164]
[317, 61, -7]
[321, 56, -14]
[322, 56, -14]
[323, 57, -14]
[322, 56, -1]
[322, 56, -1]
[323, 56, -1]
[329, 61, -34]
[330, 60, 22]
[319, 68, -12]
[319, 68, 3]
[333, 93, -66]
[345, 97, 53]
[315, 128, -101]
[353, 149, 63]
[276, 125, -122]
[355, 194, 48]
[266, 123, -132]
[356, 200, 49]
[267, 118, -126]
[356, 200, 43]
[271, 119, -119]
[352, 203, 45]
[332, 183, -40]
[328, 183, 40]
[313, 239, -60]
[314, 233, 103]
[325, 309, -56]
[330, 275, 178]
[334, 323, -56]
[339, 281, 185]
[298, 324, -94]
[312, 288, 180]
[317, 61, -2]
[321, 56, -9]
[322, 56, -9]
[323, 57, -9]
[321, 56, 2]
[322, 56, 2]
[323, 56, 2]
[328, 61, -29]
[330, 60, 24]
[318, 68, -8]
[318, 68, 6]
[333, 93, -63]
[344, 98, 56]
[316, 131, -95]
[352, 149, 64]
[275, 135, -118]
[353, 192, 49]
[264, 134, -128]
[356, 202, 49]
[264, 129, -123]
[353, 203, 44]
[268, 130, -116]
[351, 200, 46]
[332, 183, -40]
[328, 183, 40]
[313, 239, -71]
[313, 233, 103]
[325, 309, -70]
[327, 276, 174]
[334, 323, -70]
[339, 280, 180]
[298, 324, -108]
[313, 286, 174]
[317, 61, -5]
[321, 56, -12]
[322, 56, -12]
[323, 56, -12]
[321, 56, 0]
[322, 56, 0]
[323, 56, 0]
[328, 61, -31]
[330, 60, 23]
[318, 68, -11]
[318, 68, 4]
[334, 93, -63]
[343, 98, 55]
[317, 133, -90]
[348, 151, 61]
[275, 140, -100]
[348, 193, 37]
[265, 141, -109]
[351, 203, 36]
[265, 134, -105]
[348, 203, 30]
[268, 133, -97]
[346, 200, 34]
[333, 183, -39]
[325, 183, 39]
[313, 239, -77]
[312, 232, 103]
[325, 309, -78]
[330, 268, 178]
[334, 323, -79]
[339, 273, 185]
[298, 324, -116]
[317, 280, 181]
[317, 60, -8]
[321, 55, -15]
[322, 56, -15]
[322, 56, -15]
[321, 55, -2]
[322, 55, -2]
[322, 55, -2]
[328, 60, -33]
[329, 60, 22]
[318, 68, -13]
[318, 68, 2]
[334, 93, -64]
[343, 98, 54]
[318, 134, -90]
[347, 151, 62]
[275, 142, -100]
[347, 192, 38]
[266, 144, -113]
[350, 202, 37]
[266, 137, -109]
[346, 201, 31]
[270, 137, -99]
[344, 198, 34]
[333, 183, -39]
[324, 183, 39]
[313, 239, -77]
[312, 232, 103]
[325, 309, -79]
[330, 267, 180]
[334, 323, -80]
[339, 271, 187]
[298, 324, -117]
[317, 279, 184]
[316, 60, -15]
[321, 55, -22]
[322, 55, -22]
[322, 56, -22]
[321, 55, -9]
[321, 55, -9]
[322, 55, -9]
[328, 60, -38]
[329, 60, 16]
[318, 67, -20]
[317, 67, -4]
[334, 93, -68]
[340, 98, 51]
[319, 135, -95]
[346, 151, 60]
[277, 146, -108]
[346, 191, 33]
[266, 150, -121]
[348, 201, 33]
[267, 144, -117]
[345, 200, 26]
[271, 143, -106]
[343, 197, 30]
[333, 183, -39]
[322, 183, 39]
[313, 240, -78]
[311, 231, 103]
[325, 309, -82]
[331, 264, 185]
[334, 323, -84]
[339, 269, 192]
[298, 324, -122]
[319, 276, 190]
[315, 59, -13]
[321, 55, -20]
[321, 55, -21]
[322, 55, -21]
[320, 55, -9]
[321, 55, -8]
[321, 55, -8]
[328, 60, -37]
[328, 59, 19]
[317, 67, -18]
[316, 67, -3]
[334, 93, -66]
[335, 98, 54]
[319, 136, -91]
[343, 151, 62]
[277, 150, -99]
[338, 190, 36]
[267, 155, -111]
[339, 199, 35]
[268, 149, -107]
[336, 199, 27]
[271, 147, -97]
[335, 196, 32]
[333, 183, -39]
[321, 183, 39]
[313, 240, -83]
[310, 231, 101]
[325, 309, -88]
[331, 264, 182]
[334, 323, -90]
[338, 268, 189]
[298, 324, -128]
[320, 276, 187]
[315, 59, -14]
[320, 55, -21]
[321, 55, -21]
[322, 55, -21]
[320, 55, -8]
[320, 55, -8]
[321, 55, -8]
[328, 60, -38]
[328, 59, 16]
[317, 67, -19]
[316, 67, -4]
[333, 93, -70]
[335, 98, 51]
[319, 136, -92]
[343, 151, 60]
[280, 155, -100]
[338, 189, 33]
[270, 159, -110]
[339, 198, 31]
[268, 155, -107]
[336, 197, 24]
[271, 154, -97]
[335, 195, 28]
[333, 183, -39]
[321, 183, 39]
[313, 240, -68]
[310, 231, 96]
[325, 309, -66]
[332, 263, 181]
[334, 323, -67]
[339, 265, 187]
[297, 325, -103]
[323, 275, 184]
[314, 59, -14]
[320, 55, -21]
[321, 55, -21]
[322, 55, -21]
[319, 55, -9]
[320, 55, -9]
[320, 55, -9]
[328, 60, -39]
[327, 59, 16]
[316, 67, -20]
[315, 67, -4]
[330, 94, -72]
[336, 98, 52]
[319, 138, -92]
[343, 151, 61]
[282, 159, -92]
[338, 188, 33]
[272, 164, -103]
[339, 198, 31]
[269, 159, -100]
[336, 197, 24]
[272, 158, -90]
[335, 194, 29]
[331, 183, -39]
[322, 182, 39]
[313, 240, -53]
[311, 231, 92]
[325, 310, -47]
[333, 263, 169]
[334, 324, -48]
[340, 267, 176]
[297, 325, -82]
[323, 276, 176]
[313, 60, -20]
[319, 55, -27]
[320, 56, -27]
[320, 56, -27]
[318, 55, -14]
[319, 55, -14]
[319, 55, -14]
[327, 60, -44]
[327, 60, 11]
[315, 68, -25]
[314, 67, -9]
[329, 94, -76]
[336, 98, 48]
[319, 141, -92]
[342, 151, 57]
[283, 164, -87]
[337, 189, 27]
[272, 169, -97]
[337, 198, 24]
[270, 164, -95]
[334, 198, 17]
[272, 162, -85]
[334, 195, 22]
[331, 183, -39]
[322, 182, 39]
[313, 240, -57]
[310, 230, 93]
[325, 310, -54]
[337, 260, 171]
[334, 324, -55]
[344, 262, 178]
[297, 325, -91]
[328, 272, 177]
[312, 60, -24]
[317, 55, -31]
[318, 56, -31]
[319, 56, -31]
[317, 55, -18]
[317, 55, -18]
[318, 55, -18]
[326, 61, -48]
[325, 60, 6]
[314, 68, -29]
[313, 67, -13]
[329, 95, -79]
[335, 98, 45]
[319, 143, -93]
[338, 149, 58]
[285, 168, -81]
[329, 184, 28]
[274, 175, -91]
[328, 192, 25]
[272, 169, -89]
[326, 191, 16]
[275, 167, -79]
[326, 188, 23]
[330, 183, -39]
[320, 182, 39]
[313, 240, -40]
[310, 230, 89]
[325, 310, -29]
[337, 261, 166]
[334, 324, -30]
[344, 263, 174]
[297, 325, -64]
[327, 274, 173]
[310, 60, -46]
[315, 55, -53]
[316, 56, -53]
[317, 56, -53]
[315, 55, -41]
[316, 55, -41]
[316, 55, -41]
[324, 61, -70]
[324, 60, -15]
[312, 68, -51]
[311, 67, -35]
[329, 95, -99]
[334, 97, 26]
[319, 144, -110]
[337, 147, 49]
[287, 172, -88]
[331, 180, 29]
[278, 178, -100]
[330, 188, 27]
[275, 173, -102]
[327, 187, 18]
[279, 172, -88]
[328, 184, 24]
[329, 183, -39]
[320, 181, 39]
[313, 240, -36]
[310, 230, 95]
[325, 310, -17]
[327, 270, 169]
[334, 324, -16]
[339, 277, 175]
[297, 325, -54]
[316, 284, 172]
[309, 60, -36]
[314, 55, -43]
[315, 56, -43]
[316, 56, -43]
[314, 55, -31]
[314, 55, -31]
[315, 55, -31]
[323, 61, -61]
[323, 60, -6]
[310, 68, -41]
[310, 67, -25]
[327, 95, -92]
[334, 96, 34]
[319, 143, -107]
[338, 145, 52]
[291, 175, -91]
[330, 180, 30]
[286, 184, -101]
[328, 188, 27]
[283, 182, -100]
[326, 188, 21]
[287, 179, -89]
[326, 185, 26]
[327, 183, -40]
[320, 181, 40]
[313, 240, -44]
[310, 230, 84]
[325, 310, -30]
[324, 281, 144]
[334, 324, -30]
[339, 288, 149]
[297, 325, -67]
[311, 291, 139]
[307, 59, -48]
[313, 55, -56]
[314, 55, -56]
[315, 56, -56]
[312, 55, -43]
[313, 55, -43]
[314, 55, -43]
[322, 60, -74]
[321, 60, -17]
[308, 67, -54]
[308, 67, -38]
[326, 95, -103]
[331, 95, 25]
[319, 143, -117]
[331, 143, 49]
[292, 179, -97]
[320, 177, 31]
[287, 188, -109]
[317, 185, 30]
[285, 185, -108]
[315, 184, 23]
[288, 182, -96]
[317, 182, 28]
[327, 183, -40]
[320, 181, 40]
[313, 241, -30]
[310, 232, 82]
[325, 311, -8]
[324, 288, 137]
[334, 324, -8]
[338, 293, 142]
[298, 325, -44]
[310, 297, 129]
[306, 59, -39]
[311, 55, -47]
[312, 55, -47]
[314, 55, -47]
[311, 55, -34]
[312, 55, -34]
[313, 55, -34]
[321, 60, -64]
[320, 59, -8]
[307, 67, -45]
[306, 66, -29]
[325, 95, -95]
[330, 95, 32]
[319, 143, -109]
[331, 143, 51]
[297, 179, -88]
[323, 175, 33]
[293, 189, -99]
[321, 183, 33]
[290, 186, -97]
[319, 183, 24]
[292, 183, -87]
[320, 180, 29]
[326, 183, -40]
[320, 181, 40]
[314, 241, -34]
[310, 232, 91]
[325, 311, -17]
[324, 284, 151]
[334, 324, -17]
[337, 288, 157]
[298, 325, -53]
[311, 292, 148]
[304, 59, -35]
[310, 55, -42]
[311, 55, -42]
[312, 55, -42]
[309, 54, -30]
[310, 54, -30]
[311, 54, -30]
[319, 60, -60]
[318, 59, -6]
[305, 66, -40]
[305, 66, -24]
[324, 95, -91]
[328, 95, 32]
[320, 143, -109]
[330, 141, 52]
[301, 179, -86]
[323, 175, 33]
[296, 189, -96]
[321, 183, 33]
[294, 187, -95]
[319, 183, 24]
[296, 183, -85]
[320, 180, 29]
[325, 183, -40]
[321, 181, 40]
[313, 241, -46]
[310, 233, 73]
[325, 311, -36]
[323, 289, 119]
[334, 324, -37]
[335, 294, 123]
[298, 325, -73]
[306, 304, 111]
[303, 58, -31]
[308, 55, -38]
[309, 55, -38]
[310, 55, -38]
[308, 54, -25]
[309, 54, -25]
[310, 54, -25]
[317, 60, -57]
[317, 59, 0]
[304, 66, -37]
[304, 65, -20]
[323, 95, -90]
[328, 95, 38]
[320, 142, -103]
[330, 141, 53]
[303, 178, -84]
[323, 175, 31]
[299, 189, -93]
[322, 184, 31]
[296, 188, -91]
[320, 183, 22]
[299, 183, -82]
[321, 180, 26]
[325, 184, -40]
[321, 182, 40]
[313, 241, -57]
[310, 233, 76]
[325, 311, -56]
[327, 277, 140]
[334, 324, -57]
[335, 285, 146]
[298, 325, -95]
[307, 288, 137]
[302, 58, -30]
[307, 55, -38]
[308, 55, -38]
[309, 55, -38]
[307, 54, -24]
[308, 54, -24]
[309, 54, -24]
[316, 60, -57]
[316, 59, 1]
[303, 66, -37]
[303, 65, -19]
[322, 95, -89]
[328, 95, 40]
[321, 142, -103]
[329, 141, 53]
[304, 178, -86]
[321, 176, 29]
[300, 188, -96]
[319, 185, 29]
[298, 186, -93]
[317, 184, 19]
[300, 183, -84]
[318, 181, 24]
[325, 185, -40]
[321, 183, 40]
[312, 241, -57]
[309, 232, 92]
[325, 311, -57]
[328, 273, 153]
[335, 324, -58]
[336, 281, 158]
[298, 325, -95]
[309, 283, 152]
[301, 58, -34]
[306, 55, -42]
[307, 55, -42]
[308, 55, -42]
[306, 54, -28]
[307, 54, -28]
[308, 54, -28]
[316, 60, -61]
[316, 59, -2]
[302, 66, -41]
[302, 65, -23]
[322, 95, -93]
[327, 95, 39]
[321, 143, -106]
[326, 141, 53]
[303, 180, -87]
[314, 176, 29]
[299, 190, -100]
[317, 185, 28]
[297, 189, -97]
[315, 184, 18]
[300, 186, -85]
[312, 181, 23]
[324, 185, -40]
[321, 183, 40]
[312, 242, -48]
[310, 233, 92]
[325, 311, -39]
[326, 287, 145]
[335, 325, -40]
[336, 293, 149]
[297, 325, -75]
[308, 296, 140]
[301, 58, -41]
[306, 55, -49]
[307, 55, -49]
[308, 55, -49]
[306, 54, -35]
[307, 54, -35]
[308, 54, -35]
[315, 60, -67]
[315, 59, -8]
[302, 66, -47]
[302, 65, -30]
[321, 95, -97]
[327, 95, 33]
[320, 143, -110]
[325, 141, 47]
[303, 182, -97]
[312, 177, 21]
[299, 192, -109]
[313, 187, 20]
[297, 191, -107]
[308, 188, 9]
[299, 189, -95]
[308, 184, 15]
[323, 186, -40]
[321, 184, 40]
[312, 242, -44]
[310, 232, 103]
[325, 311, -35]
[325, 284, 165]
[335, 325, -36]
[335, 292, 171]
[297, 325, -72]
[308, 293, 163]
[300, 58, -43]
[305, 55, -51]
[306, 55, -51]
[307, 55, -51]
[305, 54, -37]
[306, 54, -37]
[307, 54, -37]
[315, 60, -69]
[314, 59, -10]
[301, 66, -49]
[301, 65, -32]
[320, 95, -99]
[326, 95, 32]
[320, 143, -112]
[324, 140, 48]
[303, 182, -96]
[313, 178, 23]
[300, 193, -109]
[314, 187, 23]
[298, 192, -106]
[311, 188, 12]
[300, 189, -94]
[310, 185, 18]
[323, 186, -40]
[321, 184, 40]
[312, 242, -35]
[310, 233, 107]
[325, 311, -19]
[324, 288, 170]
[335, 325, -19]
[334, 292, 175]
[297, 325, -55]
[306, 294, 166]
