[653, 459, -22]
[648, 461, -21]
[647, 461, -21]
[647, 461, -21]
[648, 463, -28]
[648, 464, -27]
[648, 466, -28]
[647, 469, -6]
[649, 474, -36]
[658, 460, -15]
[659, 462, -24]
[668, 467, 4]
[669, 476, -38]
[642, 448, 9]
[635, 468, -56]
[624, 454, -5]
[603, 476, -48]
[622, 456, -10]
[596, 478, -51]
[619, 460, -9]
[599, 482, -53]
[620, 458, -6]
[603, 482, -49]
[765, 448, 5]
[766, 456, -5]
[822, 451, -5]
[810, 445, -15]
[879, 453, -1]
[876, 462, 2]
[887, 456, -2]
[885, 466, 4]
[894, 449, -23]
[901, 467, -14]
