[444, 125, -244]
[455, 108, -229]
[462, 109, -229]
[469, 111, -229]
[435, 107, -232]
[427, 107, -232]
[420, 108, -232]
[482, 122, -125]
[409, 117, -127]
[456, 146, -204]
[431, 145, -207]
[531, 241, -79]
[353, 239, -43]
[551, 399, -41]
[325, 387, -5]
[562, 534, -132]
[313, 505, -101]
[575, 559, -161]
[303, 535, -124]
[554, 570, -187]
[321, 531, -162]
[546, 568, -145]
[328, 521, -118]
[495, 533, -26]
[377, 526, 27]
[495, 733, 3]
[383, 734, 92]
[490, 927, 192]
[380, 929, 239]
[494, 953, 197]
[379, 958, 250]
[464, 990, 63]
[370, 985, 108]
[439, 129, -246]
[449, 112, -239]
[456, 113, -239]
[463, 114, -239]
[429, 110, -241]
[422, 111, -241]
[415, 111, -241]
[473, 124, -134]
[403, 121, -141]
[452, 149, -213]
[426, 148, -214]
[517, 241, -57]
[345, 231, -78]
[540, 392, 0]
[316, 378, -49]
[559, 514, -98]
[302, 501, -155]
[569, 540, -121]
[290, 530, -186]
[550, 550, -156]
[311, 528, -218]
[543, 542, -114]
[317, 518, -171]
[486, 527, -7]
[366, 522, 7]
[481, 719, 30]
[373, 719, 57]
[481, 907, 212]
[374, 914, 206]
[482, 932, 223]
[374, 942, 216]
[460, 972, 96]
[371, 972, 73]
[439, 132, -258]
[450, 114, -242]
[457, 115, -242]
[463, 117, -242]
[429, 112, -252]
[421, 112, -252]
[415, 113, -252]
[472, 125, -138]
[403, 122, -149]
[452, 151, -218]
[424, 150, -223]
[516, 240, -62]
[343, 229, -77]
[537, 387, -14]
[313, 379, -49]
[559, 505, -129]
[299, 504, -165]
[565, 532, -160]
[292, 535, -198]
[552, 536, -195]
[309, 539, -232]
[545, 529, -146]
[314, 524, -181]
[485, 522, -9]
[367, 517, 9]
[475, 719, 5]
[363, 718, 39]
[472, 907, 200]
[364, 912, 186]
[474, 932, 206]
[363, 939, 195]
[451, 971, 88]
[370, 972, 47]
[439, 133, -289]
[449, 115, -273]
[456, 116, -273]
[462, 117, -273]
[429, 113, -279]
[421, 113, -279]
[415, 113, -279]
[469, 126, -154]
[403, 122, -171]
[450, 152, -241]
[423, 151, -247]
[517, 239, -82]
[345, 227, -87]
[538, 380, -29]
[311, 374, -45]
[558, 498, -143]
[289, 502, -154]
[566, 523, -173]
[277, 532, -184]
[554, 529, -208]
[295, 534, -222]
[547, 522, -160]
[302, 521, -172]
[487, 517, -10]
[369, 511, 11]
[477, 718, 4]
[365, 715, 19]
[474, 906, 194]
[366, 911, 151]
[477, 931, 204]
[366, 939, 159]
[453, 970, 80]
[370, 969, 9]
[437, 134, -281]
[447, 117, -269]
[453, 118, -269]
[459, 119, -269]
[427, 115, -270]
[420, 114, -270]
[414, 115, -270]
[466, 127, -150]
[402, 124, -163]
[448, 153, -241]
[421, 152, -239]
[515, 237, -64]
[343, 225, -88]
[538, 381, -2]
[311, 370, -56]
[557, 499, -108]
[290, 501, -173]
[564, 523, -136]
[277, 531, -207]
[553, 530, -173]
[292, 531, -242]
[546, 521, -126]
[299, 519, -189]
[485, 513, -4]
[366, 505, 5]
[474, 713, 32]
[361, 709, 31]
[472, 897, 222]
[364, 902, 175]
[474, 921, 235]
[364, 929, 184]
[453, 961, 107]
[370, 961, 37]
[437, 134, -281]
[448, 117, -262]
[454, 118, -262]
[460, 119, -262]
[428, 115, -265]
[421, 114, -265]
[414, 114, -265]
[468, 128, -144]
[402, 124, -154]
[449, 153, -233]
[422, 152, -234]
[517, 237, -72]
[345, 225, -72]
[539, 377, -26]
[310, 364, -35]
[557, 494, -138]
[286, 491, -151]
[564, 515, -170]
[272, 517, -182]
[555, 519, -204]
[283, 519, -222]
[547, 510, -155]
[291, 510, -170]
[482, 509, -11]
[364, 500, 12]
[463, 706, 23]
[355, 702, 24]
[459, 893, 164]
[356, 894, 143]
[461, 917, 173]
[357, 921, 149]
[439, 951, 50]
[359, 948, 9]
[437, 135, -288]
[448, 117, -271]
[455, 118, -272]
[460, 119, -272]
[428, 115, -275]
[421, 114, -275]
[415, 114, -275]
[468, 128, -149]
[402, 124, -169]
[450, 154, -242]
[422, 152, -246]
[517, 238, -86]
[345, 225, -81]
[540, 374, -47]
[309, 362, -47]
[556, 488, -163]
[287, 484, -164]
[564, 508, -196]
[275, 510, -194]
[556, 510, -221]
[284, 511, -233]
[549, 501, -176]
[292, 503, -182]
[478, 508, -14]
[361, 498, 14]
[455, 704, -19]
[348, 699, 19]
[446, 891, 125]
[345, 892, 130]
[448, 917, 133]
[346, 920, 136]
[426, 948, 6]
[343, 946, -5]
[437, 135, -284]
[448, 118, -269]
[455, 119, -270]
[460, 120, -270]
[428, 115, -272]
[421, 115, -272]
[415, 115, -272]
[468, 129, -153]
[402, 125, -168]
[450, 154, -240]
[422, 152, -242]
[518, 238, -80]
[345, 225, -86]
[542, 375, -23]
[306, 362, -48]
[559, 486, -134]
[286, 478, -161]
[569, 507, -165]
[273, 503, -191]
[564, 509, -199]
[283, 502, -230]
[556, 500, -151]
[291, 496, -179]
[476, 507, -9]
[357, 497, 9]
[456, 701, 1]
[349, 695, 31]
[447, 886, 148]
[345, 886, 153]
[449, 910, 157]
[345, 913, 160]
[425, 944, 28]
[345, 940, 21]
[437, 135, -272]
[448, 118, -255]
[455, 119, -255]
[460, 120, -255]
[428, 115, -260]
[421, 115, -260]
[415, 115, -260]
[468, 129, -139]
[402, 125, -166]
[450, 154, -226]
[422, 152, -232]
[517, 238, -59]
[345, 225, -75]
[542, 373, -10]
[306, 363, -40]
[559, 477, -142]
[286, 474, -161]
[570, 496, -176]
[273, 499, -193]
[566, 495, -212]
[282, 499, -232]
[557, 488, -160]
[290, 492, -179]
[475, 507, -4]
[358, 496, 4]
[458, 702, -1]
[353, 697, 5]
[450, 884, 153]
[349, 886, 128]
[451, 908, 163]
[350, 913, 134]
[430, 941, 36]
[347, 941, -7]
[437, 135, -263]
[448, 117, -246]
[455, 119, -246]
[460, 119, -247]
[428, 115, -250]
[421, 115, -250]
[415, 115, -250]
[468, 129, -130]
[402, 125, -150]
[450, 154, -218]
[422, 152, -223]
[517, 239, -54]
[345, 225, -70]
[541, 369, -26]
[306, 361, -35]
[559, 468, -188]
[288, 464, -171]
[570, 491, -230]
[274, 489, -206]
[565, 487, -267]
[282, 488, -243]
[556, 478, -208]
[291, 481, -189]
[474, 507, -3]
[358, 497, 3]
[461, 704, -19]
[355, 699, -19]
[453, 885, 154]
[350, 889, 103]
[452, 908, 164]
[352, 916, 109]
[434, 944, 39]
[353, 944, -38]
[437, 135, -264]
[448, 117, -248]
[455, 118, -248]
[460, 119, -248]
[428, 115, -251]
[421, 115, -251]
[415, 115, -251]
[468, 129, -134]
[401, 125, -148]
[450, 154, -220]
[422, 152, -224]
[516, 239, -65]
[345, 225, -70]
[541, 370, -37]
[305, 362, -31]
[558, 466, -206]
[286, 464, -163]
[569, 492, -247]
[273, 489, -197]
[564, 487, -283]
[279, 488, -235]
[555, 478, -225]
[288, 481, -182]
[474, 507, -6]
[359, 498, 7]
[461, 705, -18]
[356, 700, -6]
[453, 886, 153]
[352, 891, 110]
[453, 910, 163]
[354, 918, 115]
[436, 945, 40]
[352, 946, -28]
[437, 135, -268]
[448, 117, -249]
[455, 118, -249]
[460, 119, -249]
[429, 115, -253]
[421, 115, -253]
[415, 115, -253]
[468, 129, -137]
[402, 125, -148]
[450, 155, -221]
[422, 152, -226]
[517, 241, -68]
[345, 227, -68]
[542, 377, -42]
[303, 363, -44]
[559, 470, -207]
[278, 463, -196]
[569, 494, -248]
[263, 488, -232]
[564, 489, -283]
[271, 486, -270]
[555, 481, -226]
[280, 480, -215]
[474, 507, -7]
[359, 499, 8]
[462, 707, -20]
[362, 704, 9]
[455, 888, 157]
[356, 896, 128]
[453, 912, 169]
[357, 923, 138]
[444, 946, 44]
[355, 951, -26]
[438, 135, -271]
[449, 117, -252]
[455, 118, -252]
[460, 119, -252]
[429, 115, -256]
[422, 114, -256]
[415, 114, -256]
[468, 130, -139]
[402, 125, -148]
[450, 154, -223]
[422, 152, -228]
[517, 241, -71]
[346, 227, -61]
[542, 377, -44]
[300, 362, -56]
[560, 469, -206]
[266, 442, -242]
[569, 491, -246]
[253, 469, -281]
[564, 486, -282]
[259, 460, -318]
[556, 476, -224]
[266, 455, -262]
[474, 507, -8]
[359, 499, 9]
[462, 708, -26]
[365, 704, 16]
[456, 888, 158]
[357, 896, 161]
[453, 912, 170]
[358, 923, 171]
[446, 947, 43]
[356, 952, 11]
[438, 134, -272]
[449, 117, -254]
[455, 118, -255]
[460, 119, -255]
[429, 115, -257]
[422, 114, -257]
[415, 114, -257]
[468, 130, -139]
[402, 125, -144]
[450, 155, -223]
[422, 152, -228]
[517, 241, -72]
[346, 227, -44]
[543, 377, -91]
[298, 362, -60]
[563, 423, -302]
[268, 404, -274]
[570, 443, -350]
[256, 432, -314]
[568, 427, -377]
[262, 415, -344]
[550, 422, -318]
[270, 407, -292]
[474, 508, -9]
[358, 501, 9]
[465, 708, -25]
[365, 705, 38]
[457, 889, 162]
[358, 896, 201]
[456, 913, 174]
[358, 923, 211]
[446, 948, 46]
[356, 952, 63]
[438, 135, -277]
[449, 117, -260]
[455, 119, -260]
[460, 120, -260]
[429, 115, -261]
[422, 114, -261]
[415, 114, -261]
[469, 130, -137]
[402, 125, -140]
[450, 155, -227]
[422, 153, -230]
[515, 241, -68]
[346, 227, -37]
[544, 374, -113]
[292, 362, -124]
[554, 384, -330]
[296, 352, -404]
[561, 390, -373]
[301, 362, -449]
[552, 384, -387]
[307, 331, -460]
[541, 369, -340]
[309, 333, -415]
[475, 508, -9]
[358, 503, 9]
[471, 709, -23]
[365, 705, 52]
[462, 890, 152]
[358, 895, 208]
[464, 913, 161]
[358, 921, 218]
[447, 948, 28]
[359, 952, 72]
[439, 135, -277]
[449, 117, -260]
[455, 119, -260]
[460, 120, -260]
[430, 115, -261]
[422, 114, -261]
[415, 114, -261]
[469, 130, -137]
[402, 125, -140]
[450, 155, -227]
[422, 153, -230]
[514, 240, -70]
[346, 226, -41]
[547, 370, -137]
[290, 361, -157]
[547, 356, -348]
[317, 323, -429]
[546, 359, -389]
[333, 318, -471]
[545, 338, -393]
[330, 300, -475]
[539, 338, -353]
[332, 303, -435]
[475, 508, -10]
[358, 506, 11]
[473, 709, -29]
[363, 706, 75]
[464, 890, 145]
[358, 894, 247]
[466, 913, 155]
[358, 918, 259]
[447, 948, 19]
[359, 952, 113]
[439, 135, -276]
[449, 117, -260]
[455, 119, -260]
[460, 120, -260]
[430, 115, -261]
[422, 114, -261]
[415, 114, -261]
[468, 130, -135]
[402, 125, -138]
[450, 155, -227]
[423, 153, -230]
[511, 237, -66]
[344, 225, -43]
[546, 363, -128]
[290, 356, -161]
[564, 341, -342]
[310, 316, -443]
[571, 337, -381]
[315, 312, -485]
[578, 319, -391]
[317, 290, -493]
[568, 321, -351]
[321, 294, -452]
[475, 508, -10]
[358, 506, 11]
[474, 708, -30]
[362, 706, 61]
[467, 889, 137]
[360, 891, 219]
[470, 912, 146]
[360, 914, 229]
[449, 948, 13]
[362, 950, 84]
[439, 134, -273]
[449, 117, -257]
[455, 118, -257]
[460, 120, -257]
[430, 114, -255]
[422, 114, -255]
[415, 114, -255]
[468, 130, -132]
[402, 124, -121]
[450, 155, -224]
[423, 153, -222]
[511, 236, -67]
[344, 224, -19]
[552, 357, -172]
[290, 351, -131]
[564, 315, -396]
[314, 312, -396]
[570, 302, -438]
[331, 309, -435]
[574, 285, -436]
[332, 287, -437]
[564, 290, -400]
[335, 291, -402]
[475, 507, -24]
[358, 506, 25]
[475, 708, -40]
[362, 706, 71]
[468, 887, 139]
[361, 887, 237]
[473, 910, 149]
[361, 910, 249]
[449, 947, 15]
[361, 946, 105]
[439, 134, -271]
[449, 117, -255]
[455, 118, -255]
[460, 120, -255]
[430, 114, -252]
[422, 113, -252]
[415, 113, -252]
[468, 130, -131]
[402, 124, -120]
[450, 155, -223]
[423, 153, -220]
[512, 236, -67]
[344, 222, -18]
[552, 347, -156]
[288, 342, -117]
[550, 318, -368]
[311, 308, -345]
[549, 315, -409]
[320, 313, -384]
[548, 297, -409]
[323, 292, -410]
[544, 300, -372]
[327, 294, -359]
[475, 507, -25]
[358, 506, 26]
[476, 706, -41]
[363, 705, 76]
[469, 885, 143]
[364, 884, 252]
[475, 908, 153]
[364, 907, 265]
[448, 946, 20]
[362, 943, 124]
[439, 134, -260]
[449, 117, -244]
[455, 118, -244]
[460, 120, -244]
[430, 114, -241]
[423, 113, -241]
[415, 113, -241]
[469, 130, -124]
[402, 123, -110]
[450, 155, -213]
[423, 153, -209]
[512, 236, -65]
[344, 220, -8]
[549, 342, -159]
[288, 338, -77]
[545, 297, -362]
[315, 302, -270]
[540, 287, -401]
[336, 315, -299]
[539, 270, -400]
[341, 294, -299]
[536, 275, -365]
[343, 296, -273]
[474, 507, -28]
[358, 505, 28]
[474, 706, -48]
[363, 705, 73]
[467, 884, 144]
[364, 882, 246]
[473, 907, 155]
[364, 906, 259]
[444, 944, 23]
[358, 942, 117]
[438, 134, -268]
[449, 117, -252]
[455, 118, -252]
[460, 119, -252]
[429, 113, -246]
[422, 113, -246]
[415, 113, -246]
[469, 130, -132]
[401, 123, -116]
[449, 155, -222]
[422, 153, -214]
[512, 236, -78]
[343, 220, -3]
[541, 345, -185]
[289, 339, 18]
[541, 304, -397]
[332, 303, -83]
[535, 282, -439]
[363, 332, -97]
[537, 266, -438]
[364, 311, -103]
[532, 283, -401]
[363, 311, -86]
[473, 507, -34]
[357, 505, 35]
[474, 706, -50]
[361, 705, 81]
[467, 884, 145]
[364, 883, 258]
[473, 907, 156]
[365, 907, 271]
[444, 945, 25]
[357, 942, 128]
[438, 133, -278]
[449, 116, -261]
[455, 117, -261]
[460, 119, -261]
[429, 113, -257]
[422, 112, -257]
[415, 112, -257]
[468, 129, -141]
[401, 122, -127]
[449, 155, -232]
[422, 152, -228]
[512, 236, -83]
[341, 220, -11]
[540, 346, -173]
[290, 344, 100]
[539, 306, -406]
[336, 371, 86]
[552, 298, -454]
[354, 399, 82]
[553, 279, -460]
[355, 375, 60]
[547, 284, -415]
[354, 365, 79]
[474, 507, -36]
[357, 505, 36]
[474, 709, -56]
[362, 709, 79]
[468, 887, 151]
[366, 888, 262]
[474, 911, 166]
[368, 913, 276]
[444, 950, 36]
[358, 949, 133]
[438, 133, -260]
[449, 115, -241]
[454, 117, -241]
[460, 118, -241]
[429, 112, -238]
[421, 111, -238]
[414, 111, -238]
[468, 129, -117]
[401, 122, -103]
[449, 155, -214]
[422, 152, -210]
[512, 236, -50]
[342, 220, -15]
[540, 347, -159]
[290, 351, -150]
[564, 272, -377]
[310, 280, -428]
[564, 252, -416]
[293, 264, -469]
[611, 237, -424]
[293, 247, -467]
[562, 249, -383]
[308, 258, -434]
[474, 507, -26]
[357, 506, 27]
[475, 709, -54]
[363, 710, 76]
[468, 890, 140]
[366, 890, 251]
[475, 913, 152]
[368, 914, 263]
[444, 953, 26]
[364, 951, 119]
[438, 133, -206]
[449, 115, -190]
[454, 116, -190]
[460, 118, -190]
[429, 111, -187]
[421, 111, -187]
[414, 111, -187]
[468, 128, -82]
[401, 121, -70]
[449, 155, -166]
[422, 152, -164]
[509, 235, -35]
[342, 220, -4]
[541, 350, -153]
[289, 354, -143]
[562, 258, -368]
[309, 259, -399]
[574, 239, -403]
[299, 237, -435]
[594, 225, -386]
[300, 218, -431]
[569, 235, -371]
[307, 237, -403]
[474, 508, -24]
[357, 506, 24]
[475, 710, -50]
[363, 711, 60]
[468, 894, 107]
[366, 893, 194]
[475, 916, 116]
[367, 916, 203]
[444, 956, -2]
[364, 953, 73]
[438, 132, -194]
[449, 114, -179]
[454, 116, -179]
[460, 117, -179]
[429, 111, -178]
[421, 110, -178]
[414, 110, -178]
[467, 128, -73]
[401, 121, -68]
[449, 154, -156]
[422, 152, -155]
[507, 233, -32]
[341, 220, -7]
[541, 351, -154]
[290, 357, -149]
[561, 246, -364]
[306, 255, -384]
[571, 226, -390]
[300, 231, -419]
[592, 214, -371]
[300, 220, -414]
[566, 223, -357]
[308, 231, -388]
[474, 508, -21]
[357, 507, 22]
[475, 710, -45]
[363, 711, 63]
[468, 894, 99]
[367, 893, 198]
[474, 916, 106]
[367, 915, 207]
[444, 955, -11]
[365, 953, 79]
[437, 131, -184]
[448, 114, -170]
[454, 115, -170]
[459, 117, -170]
[428, 111, -168]
[421, 110, -168]
[414, 110, -169]
[466, 127, -68]
[401, 121, -62]
[448, 154, -147]
[422, 151, -146]
[507, 233, -29]
[339, 221, -5]
[541, 359, -157]
[290, 364, -147]
[561, 240, -357]
[302, 249, -383]
[562, 212, -381]
[296, 227, -418]
[565, 205, -364]
[294, 215, -412]
[556, 217, -348]
[299, 226, -387]
[474, 511, -15]
[357, 509, 16]
[474, 710, -28]
[363, 712, 58]
[468, 894, 100]
[367, 893, 173]
[474, 916, 106]
[367, 915, 181]
[446, 955, -11]
[368, 953, 55]
[437, 131, -198]
[448, 114, -183]
[454, 115, -183]
[459, 117, -183]
[428, 111, -182]
[421, 110, -182]
[414, 110, -182]
[466, 127, -74]
[401, 121, -70]
[448, 154, -159]
[422, 151, -158]
[508, 233, -33]
[339, 222, -5]
[543, 360, -171]
[290, 364, -143]
[560, 232, -376]
[294, 246, -385]
[555, 204, -409]
[282, 225, -421]
[554, 194, -390]
[280, 213, -417]
[550, 209, -372]
[286, 223, -390]
[475, 511, -15]
[358, 509, 16]
[474, 710, -27]
[364, 711, 57]
[468, 892, 110]
[367, 892, 185]
[474, 914, 118]
[367, 914, 195]
[446, 954, -3]
[368, 952, 64]
[437, 131, -205]
[448, 113, -190]
[454, 114, -190]
[459, 115, -190]
[428, 110, -189]
[421, 109, -189]
[414, 109, -189]
[466, 125, -80]
[401, 120, -75]
[448, 153, -165]
[422, 151, -164]
[511, 230, -38]
[338, 221, -4]
[543, 361, -190]
[290, 364, -139]
[560, 227, -407]
[289, 244, -383]
[553, 195, -445]
[277, 225, -420]
[551, 186, -429]
[276, 215, -418]
[548, 199, -406]
[282, 225, -390]
[475, 511, -15]
[358, 508, 15]
[474, 708, -25]
[363, 710, 59]
[468, 890, 115]
[367, 889, 188]
[474, 911, 122]
[367, 911, 198]
[448, 951, -1]
[369, 950, 68]
[437, 130, -173]
[447, 112, -159]
[453, 113, -159]
[459, 115, -159]
[428, 110, -157]
[421, 109, -156]
[414, 109, -157]
[466, 124, -62]
[401, 120, -49]
[448, 152, -138]
[422, 150, -134]
[512, 230, -31]
[338, 222, 6]
[544, 365, -180]
[290, 366, -133]
[559, 225, -387]
[287, 247, -368]
[552, 191, -429]
[276, 225, -405]
[548, 179, -403]
[277, 214, -399]
[547, 195, -398]
[282, 223, -374]
[476, 511, -14]
[358, 508, 15]
[474, 708, -18]
[363, 710, 55]
[468, 890, 114]
[365, 889, 164]
[474, 912, 121]
[364, 911, 172]
[447, 951, 1]
[369, 950, 47]
[436, 130, -179]
[447, 112, -165]
[453, 113, -165]
[459, 114, -165]
[428, 109, -162]
[421, 108, -162]
[414, 108, -162]
[466, 124, -65]
[401, 119, -51]
[448, 152, -143]
[422, 150, -139]
[514, 230, -30]
[338, 222, 10]
[546, 366, -180]
[290, 366, -127]
[559, 226, -354]
[287, 244, -358]
[552, 194, -391]
[279, 220, -394]
[548, 183, -368]
[281, 209, -389]
[547, 197, -353]
[286, 218, -363]
[477, 514, -15]
[359, 511, 15]
[472, 712, -19]
[360, 712, 68]
[464, 895, 111]
[361, 892, 190]
[469, 917, 118]
[360, 914, 200]
[442, 955, 0]
[365, 954, 82]
[436, 130, -183]
[447, 111, -169]
[453, 112, -169]
[459, 113, -169]
[428, 108, -167]
[421, 107, -167]
[414, 107, -167]
[467, 123, -69]
[401, 117, -57]
[448, 152, -146]
[422, 149, -143]
[515, 230, -32]
[338, 222, 6]
[546, 366, -175]
[290, 367, -128]
[559, 226, -362]
[288, 248, -362]
[552, 199, -399]
[280, 225, -399]
[549, 186, -373]
[283, 213, -393]
[547, 201, -360]
[288, 223, -367]
[477, 514, -15]
[359, 511, 16]
[471, 713, -17]
[359, 713, 67]
[463, 896, 117]
[360, 893, 191]
[468, 918, 125]
[359, 915, 200]
[441, 955, 7]
[364, 954, 78]
[436, 129, -188]
[447, 110, -174]
[453, 111, -174]
[459, 113, -174]
[428, 107, -172]
[420, 106, -172]
[414, 106, -172]
[467, 123, -74]
[401, 115, -62]
[448, 152, -151]
[422, 149, -148]
[515, 230, -34]
[338, 223, 4]
[547, 368, -173]
[290, 368, -129]
[559, 227, -366]
[287, 252, -366]
[550, 200, -402]
[278, 227, -402]
[548, 188, -377]
[278, 214, -396]
[547, 203, -364]
[283, 225, -370]
[478, 516, -15]
[359, 513, 15]
[471, 714, -19]
[359, 715, 66]
[463, 897, 118]
[360, 895, 191]
[468, 919, 126]
[359, 917, 201]
[441, 957, 9]
[364, 956, 78]
[436, 129, -191]
[447, 110, -175]
[453, 111, -175]
[459, 113, -174]
[427, 106, -174]
[420, 105, -174]
[414, 105, -174]
[467, 122, -81]
[401, 115, -63]
[448, 151, -152]
[421, 148, -150]
[517, 231, -38]
[338, 223, 3]
[547, 375, -176]
[289, 370, -128]
[559, 233, -381]
[287, 253, -370]
[550, 207, -418]
[276, 229, -407]
[549, 196, -400]
[277, 216, -401]
[544, 209, -380]
[283, 226, -375]
[478, 517, -15]
[359, 515, 15]
[471, 717, -24]
[359, 718, 60]
[464, 899, 117]
[360, 899, 186]
[468, 921, 125]
[359, 921, 196]
[441, 961, 8]
[364, 959, 72]
[436, 128, -194]
[447, 109, -178]
[453, 110, -178]
[459, 112, -178]
[427, 106, -177]
[420, 105, -177]
[414, 104, -177]
[467, 122, -80]
[401, 114, -65]
[448, 151, -155]
[421, 148, -153]
[518, 231, -32]
[338, 223, -5]
[547, 372, -161]
[288, 371, -145]
[559, 236, -379]
[288, 254, -401]
[573, 215, -416]
[275, 233, -439]
[574, 200, -399]
[276, 220, -434]
[566, 210, -377]
[283, 229, -405]
[478, 517, -13]
[360, 515, 13]
[472, 717, -23]
[359, 718, 48]
[464, 900, 114]
[360, 899, 163]
[468, 921, 121]
[359, 922, 170]
[441, 961, 2]
[364, 960, 39]
[436, 126, -216]
[448, 107, -199]
[454, 108, -199]
[460, 110, -199]
[428, 104, -197]
[420, 103, -197]
[414, 103, -197]
[467, 120, -88]
[401, 111, -77]
[448, 149, -175]
[421, 146, -173]
[518, 232, -32]
[339, 221, -17]
[548, 372, -148]
[287, 371, -164]
[575, 243, -371]
[296, 256, -428]
[620, 231, -405]
[287, 234, -468]
[624, 214, -398]
[288, 221, -460]
[612, 223, -373]
[297, 231, -431]
[479, 517, -11]
[360, 515, 12]
[472, 717, -28]
[359, 718, 42]
[464, 901, 121]
[360, 900, 172]
[468, 923, 129]
[359, 922, 181]
[441, 962, 5]
[365, 961, 47]
[437, 126, -255]
[448, 107, -235]
[454, 108, -235]
[460, 110, -235]
[428, 103, -234]
[420, 102, -234]
[414, 102, -234]
[468, 120, -106]
[401, 110, -99]
[449, 149, -208]
[421, 146, -206]
[519, 232, -28]
[340, 220, -37]
[553, 347, -101]
[287, 371, -195]
[656, 261, -292]
[302, 258, -460]
[706, 257, -320]
[295, 236, -499]
[684, 236, -324]
[296, 224, -493]
[668, 244, -299]
[306, 233, -463]
[479, 517, -11]
[360, 514, 12]
[472, 718, -42]
[359, 718, 45]
[464, 901, 131]
[360, 899, 212]
[468, 924, 141]
[359, 922, 225]
[441, 962, 13]
[365, 960, 84]
[437, 125, -238]
[449, 106, -221]
[455, 108, -221]
[461, 109, -221]
[428, 103, -218]
[420, 102, -218]
[413, 102, -218]
[469, 120, -102]
[401, 109, -93]
[449, 148, -194]
[421, 145, -192]
[519, 232, -37]
[341, 216, -30]
[553, 342, -105]
[289, 358, -157]
[595, 278, -303]
[323, 268, -392]
[695, 267, -348]
[343, 263, -429]
[656, 250, -366]
[355, 250, -421]
[643, 256, -320]
[339, 254, -393]
[479, 517, -17]
[360, 513, 17]
[471, 717, -46]
[359, 717, 52]
[462, 900, 130]
[360, 898, 212]
[467, 923, 140]
[359, 921, 223]
[439, 961, 8]
[361, 959, 83]
[437, 126, -260]
[449, 106, -244]
[455, 108, -244]
[461, 109, -244]
[428, 103, -238]
[420, 102, -238]
[413, 102, -238]
[470, 120, -125]
[401, 109, -97]
[449, 148, -215]
[421, 145, -207]
[520, 234, -74]
[343, 215, 1]
[551, 359, -193]
[293, 358, -67]
[557, 308, -431]
[330, 291, -306]
[576, 304, -480]
[362, 320, -340]
[575, 283, -481]
[367, 298, -343]
[569, 287, -436]
[364, 297, -312]
[479, 517, -30]
[360, 513, 31]
[471, 719, -56]
[358, 717, 70]
[462, 901, 142]
[360, 898, 250]
[467, 925, 155]
[359, 921, 263]
[438, 961, 16]
[359, 959, 116]
[437, 125, -276]
[450, 106, -259]
[455, 107, -260]
[462, 109, -260]
[428, 103, -256]
[421, 102, -256]
[414, 101, -256]
[471, 119, -132]
[401, 109, -114]
[449, 148, -227]
[421, 145, -222]
[519, 233, -70]
[343, 214, 0]
[552, 342, -179]
[294, 353, -54]
[550, 320, -419]
[335, 307, -256]
[574, 323, -468]
[369, 330, -287]
[572, 303, -473]
[374, 307, -290]
[565, 304, -426]
[372, 306, -261]
[479, 516, -33]
[360, 512, 33]
[471, 718, -69]
[359, 717, 71]
[464, 901, 139]
[362, 898, 253]
[470, 925, 149]
[362, 921, 266]
[439, 962, 14]
[359, 959, 122]
[437, 125, -309]
[450, 106, -292]
[456, 107, -292]
[462, 109, -292]
[429, 103, -289]
[421, 102, -289]
[414, 101, -289]
[471, 119, -161]
[401, 109, -148]
[450, 148, -258]
[421, 145, -255]
[519, 233, -83]
[343, 213, -21]
[554, 341, -170]
[294, 352, 9]
[613, 320, -400]
[330, 306, -91]
[629, 317, -444]
[356, 340, -106]
[630, 300, -454]
[360, 317, -113]
[618, 302, -409]
[359, 314, -94]
[479, 514, -31]
[360, 511, 32]
[472, 718, -67]
[359, 717, 71]
[465, 899, 166]
[362, 896, 278]
[471, 923, 183]
[362, 919, 294]
[440, 961, 48]
[360, 959, 148]
[438, 125, -294]
[450, 106, -280]
[456, 107, -280]
[462, 109, -281]
[429, 102, -275]
[421, 102, -275]
[414, 101, -275]
[471, 119, -138]
[401, 109, -125]
[450, 147, -233]
[421, 145, -252]
[519, 232, -58]
[343, 213, -27]
[560, 336, -111]
[288, 338, -125]
[554, 349, -294]
[338, 313, -353]
[545, 360, -333]
[367, 333, -395]
[533, 346, -338]
[376, 311, -391]
[533, 332, -298]
[365, 307, -354]
[479, 514, -22]
[361, 511, 22]
[473, 717, -37]
[360, 715, 72]
[467, 893, 165]
[363, 892, 259]
[471, 917, 178]
[364, 915, 273]
[444, 954, 46]
[361, 954, 131]
[438, 125, -295]
[451, 105, -279]
[456, 107, -279]
[463, 108, -279]
[429, 102, -278]
[421, 101, -278]
[414, 101, -278]
[472, 118, -149]
[401, 108, -147]
[450, 147, -243]
[422, 144, -246]
[520, 231, -75]
[342, 213, -53]
[563, 338, -120]
[288, 341, -170]
[543, 358, -331]
[356, 320, -420]
[537, 361, -371]
[390, 329, -463]
[526, 344, -372]
[395, 306, -459]
[525, 341, -335]
[390, 305, -422]
[480, 514, -20]
[361, 510, 21]
[474, 717, -26]
[360, 715, 75]
[467, 892, 197]
[363, 891, 270]
[471, 916, 212]
[364, 915, 284]
[446, 954, 76]
[361, 954, 139]
[439, 124, -277]
[451, 105, -261]
[457, 106, -261]
[463, 108, -261]
[430, 102, -260]
[422, 101, -260]
[415, 100, -260]
[472, 118, -144]
[402, 108, -138]
[451, 146, -230]
[422, 144, -230]
[521, 231, -72]
[342, 213, -15]
[564, 342, -131]
[287, 342, -147]
[548, 363, -376]
[310, 313, -415]
[545, 377, -423]
[317, 329, -459]
[538, 347, -433]
[304, 298, -465]
[535, 346, -383]
[326, 300, -423]
[481, 514, -20]
[361, 510, 21]
[475, 717, -30]
[360, 715, 70]
[468, 894, 175]
[363, 894, 257]
[472, 917, 188]
[364, 917, 270]
[447, 955, 56]
[362, 956, 133]
[440, 123, -275]
[452, 104, -258]
[457, 105, -258]
[464, 107, -258]
[431, 100, -257]
[423, 100, -257]
[416, 99, -257]
[473, 117, -144]
[403, 107, -127]
[452, 145, -226]
[423, 143, -225]
[520, 230, -32]
[343, 213, -25]
[563, 346, -45]
[288, 343, -155]
[631, 349, -238]
[301, 311, -444]
[653, 352, -268]
[305, 320, -486]
[660, 331, -288]
[297, 292, -492]
[645, 333, -249]
[315, 296, -452]
[482, 513, -13]
[361, 510, 14]
[475, 717, -37]
[360, 715, 49]
[469, 895, 161]
[365, 895, 231]
[473, 918, 173]
[365, 918, 244]
[448, 956, 51]
[368, 957, 105]
[441, 122, -272]
[452, 103, -255]
[458, 105, -256]
[464, 107, -256]
[432, 100, -255]
[423, 99, -255]
[416, 98, -255]
[473, 116, -135]
[403, 106, -127]
[452, 145, -224]
[423, 142, -223]
[520, 230, -33]
[343, 213, -27]
[563, 354, -82]
[288, 347, -142]
[597, 368, -288]
[284, 317, -443]
[626, 379, -327]
[282, 320, -491]
[625, 356, -341]
[282, 296, -502]
[615, 354, -298]
[293, 297, -455]
[482, 513, -12]
[361, 510, 13]
[475, 716, -21]
[359, 715, 61]
[468, 893, 169]
[362, 895, 242]
[472, 916, 181]
[363, 917, 255]
[448, 955, 53]
[366, 956, 113]
[441, 120, -292]
[452, 102, -275]
[458, 103, -275]
[464, 105, -275]
[432, 98, -276]
[424, 97, -276]
[416, 97, -276]
[473, 115, -147]
[403, 106, -149]
[452, 143, -243]
[424, 141, -244]
[521, 230, -59]
[344, 213, -49]
[564, 360, -100]
[288, 354, -138]
[562, 378, -309]
[290, 356, -416]
[575, 396, -347]
[293, 372, -462]
[572, 372, -347]
[296, 347, -476]
[548, 362, -318]
[304, 342, -427]
[483, 513, -8]
[361, 510, 9]
[475, 715, -8]
[359, 714, 57]
[467, 892, 182]
[356, 895, 225]
[468, 916, 194]
[355, 917, 237]
[448, 955, 59]
[363, 957, 85]
[443, 119, -285]
[453, 101, -269]
[458, 102, -269]
[465, 104, -269]
[433, 97, -269]
[425, 96, -269]
[418, 96, -269]
[473, 114, -145]
[404, 105, -144]
[453, 142, -238]
[426, 140, -237]
[521, 229, -69]
[344, 213, -47]
[563, 362, -105]
[288, 356, -81]
[562, 388, -319]
[265, 407, -299]
[570, 397, -370]
[248, 446, -338]
[563, 375, -394]
[260, 429, -368]
[550, 370, -337]
[271, 415, -316]
[484, 511, -6]
[363, 508, 7]
[479, 714, -5]
[361, 713, 46]
[468, 891, 199]
[356, 895, 215]
[468, 914, 213]
[355, 918, 226]
[449, 955, 84]
[364, 958, 77]
[443, 117, -293]
[453, 100, -277]
[459, 101, -277]
[465, 103, -277]
[433, 96, -278]
[425, 95, -278]
[418, 95, -278]
[473, 112, -154]
[404, 104, -158]
[453, 140, -245]
[426, 138, -246]
[522, 229, -76]
[345, 213, -64]
[562, 364, -77]
[291, 356, -79]
[563, 414, -271]
[264, 413, -284]
[571, 441, -316]
[253, 441, -326]
[575, 431, -351]
[262, 433, -357]
[553, 412, -290]
[273, 421, -302]
[485, 509, -4]
[363, 505, 4]
[479, 714, 3]
[365, 712, 41]
[468, 890, 206]
[357, 895, 211]
[468, 913, 220]
[355, 918, 222]
[450, 953, 85]
[365, 958, 67]
[443, 116, -326]
[453, 99, -312]
[459, 101, -312]
[465, 102, -312]
[433, 96, -312]
[425, 95, -312]
[418, 94, -313]
[474, 112, -189]
[404, 103, -193]
[453, 140, -278]
[426, 137, -279]
[523, 228, -108]
[345, 214, -93]
[560, 363, -74]
[294, 356, -82]
[562, 439, -217]
[272, 422, -246]
[567, 474, -255]
[264, 453, -283]
[575, 472, -289]
[272, 441, -316]
[553, 450, -234]
[281, 433, -264]
[485, 509, -5]
[363, 504, 6]
[479, 714, 3]
[367, 712, 42]
[469, 890, 220]
[358, 897, 239]
[468, 913, 234]
[357, 921, 252]
[454, 953, 94]
[365, 960, 88]
[443, 116, -306]
[453, 99, -291]
[459, 100, -291]
[466, 101, -291]
[433, 95, -291]
[425, 94, -291]
[418, 93, -291]
[474, 111, -168]
[404, 103, -171]
[454, 139, -259]
[426, 137, -259]
[523, 228, -91]
[345, 214, -80]
[556, 363, -60]
[299, 356, -91]
[563, 441, -219]
[276, 432, -286]
[570, 469, -259]
[272, 455, -327]
[575, 463, -294]
[278, 448, -355]
[555, 448, -237]
[286, 441, -303]
[485, 508, -5]
[364, 503, 5]
[480, 711, 7]
[370, 710, 44]
[470, 886, 223]
[362, 895, 234]
[469, 908, 237]
[361, 919, 246]
[456, 949, 103]
[368, 957, 87]
[443, 115, -305]
[454, 98, -286]
[459, 99, -287]
[466, 101, -287]
[434, 95, -288]
[426, 94, -288]
[418, 93, -288]
[474, 111, -164]
[405, 102, -163]
[454, 138, -257]
[426, 136, -253]
[523, 227, -83]
[345, 214, -76]
[551, 363, -45]
[302, 356, -74]
[565, 447, -217]
[279, 445, -231]
[572, 476, -260]
[275, 470, -270]
[575, 468, -297]
[280, 466, -304]
[559, 459, -237]
[288, 458, -249]
[486, 506, -2]
[365, 502, 3]
[479, 710, 6]
[369, 708, 36]
[470, 883, 234]
[363, 892, 229]
[469, 905, 250]
[362, 916, 242]
[456, 947, 117]
[370, 953, 85]
[443, 115, -300]
[454, 98, -284]
[459, 99, -284]
[466, 100, -284]
[434, 95, -282]
[426, 94, -282]
[418, 93, -282]
[474, 110, -160]
[405, 102, -164]
[454, 138, -253]
[426, 136, -250]
[523, 226, -77]
[345, 213, -80]
[548, 363, -32]
[305, 356, -69]
[564, 457, -199]
[284, 453, -224]
[572, 484, -242]
[276, 478, -262]
[575, 479, -280]
[284, 473, -299]
[559, 469, -219]
[290, 466, -242]
[486, 504, -1]
[366, 500, 1]
[479, 708, 3]
[369, 705, 14]
[470, 881, 223]
[363, 890, 192]
[468, 904, 238]
[362, 914, 204]
[456, 945, 106]
[372, 951, 48]
[443, 114, -291]
[454, 97, -273]
[459, 98, -273]
[466, 99, -273]
[434, 94, -276]
[426, 93, -276]
[418, 92, -276]
[474, 109, -151]
[405, 101, -161]
[454, 137, -244]
[426, 135, -246]
[524, 226, -70]
[345, 213, -76]
[547, 359, -36]
[306, 353, -52]
[564, 459, -206]
[285, 458, -181]
[573, 482, -249]
[278, 485, -216]
[575, 478, -286]
[285, 484, -255]
[560, 470, -226]
[291, 475, -199]
[486, 503, -1]
[366, 499, 1]
[475, 707, 0]
[369, 702, 18]
[467, 880, 220]
[362, 887, 197]
[464, 902, 235]
[361, 913, 209]
[454, 943, 103]
[371, 947, 56]
[443, 114, -291]
[454, 97, -273]
[460, 97, -273]
[466, 99, -273]
[434, 94, -275]
[426, 93, -275]
[418, 92, -275]
[475, 108, -151]
[405, 100, -162]
[454, 136, -243]
[426, 134, -245]
[524, 225, -71]
[345, 211, -80]
[548, 359, -36]
[307, 352, -56]
[563, 466, -180]
[292, 461, -184]
[571, 490, -219]
[287, 489, -220]
[569, 489, -254]
[296, 487, -256]
[558, 479, -197]
[301, 478, -201]
[486, 503, -1]
[366, 497, 2]
[470, 704, 0]
[362, 698, 24]
[460, 878, 216]
[357, 881, 197]
[459, 900, 230]
[356, 907, 208]
[444, 939, 98]
[363, 940, 59]
[443, 113, -277]
[454, 96, -260]
[460, 97, -260]
[467, 98, -260]
[434, 92, -263]
[426, 92, -263]
[418, 91, -263]
[475, 107, -139]
[405, 99, -155]
[454, 136, -231]
[426, 134, -235]
[525, 225, -68]
[345, 211, -76]
[548, 360, -34]
[309, 352, -53]
[562, 474, -175]
[294, 468, -181]
[568, 497, -215]
[289, 496, -216]
[564, 497, -247]
[299, 496, -253]
[555, 488, -192]
[303, 487, -199]
[487, 505, -3]
[367, 498, 3]
[470, 706, 0]
[363, 701, 21]
[460, 879, 216]
[357, 882, 181]
[459, 902, 231]
[357, 908, 191]
[445, 940, 106]
[363, 941, 48]
[444, 112, -277]
[455, 95, -260]
[460, 96, -260]
[468, 97, -260]
[434, 92, -263]
[426, 91, -263]
[419, 90, -263]
[475, 106, -140]
[405, 99, -155]
[455, 135, -232]
[427, 133, -236]
[525, 224, -69]
[345, 211, -78]
[548, 359, -38]
[312, 354, -56]
[562, 469, -183]
[296, 473, -186]
[568, 493, -223]
[290, 501, -220]
[564, 496, -257]
[299, 501, -259]
[556, 487, -201]
[303, 493, -204]
[488, 505, -4]
[368, 498, 4]
[470, 706, -1]
[363, 701, 24]
[460, 880, 215]
[358, 882, 191]
[460, 903, 229]
[357, 908, 202]
[445, 941, 103]
[363, 941, 56]
[444, 111, -278]
[455, 94, -261]
[461, 95, -261]
[468, 96, -261]
[435, 91, -263]
[427, 90, -263]
[419, 89, -263]
[476, 105, -141]
[405, 98, -158]
[455, 134, -232]
[427, 132, -236]
[525, 223, -70]
[345, 211, -83]
[548, 360, -34]
[313, 355, -60]
[562, 475, -170]
[301, 477, -189]
[569, 501, -208]
[296, 507, -223]
[565, 503, -242]
[305, 506, -260]
[556, 494, -188]
[308, 496, -206]
[488, 505, -4]
[369, 498, 4]
[471, 706, -1]
[363, 702, 18]
[461, 880, 221]
[358, 883, 183]
[460, 903, 237]
[357, 908, 194]
[446, 941, 112]
[364, 942, 48]
[444, 111, -290]
[455, 93, -273]
[461, 94, -273]
[468, 95, -273]
[435, 90, -278]
[427, 89, -278]
[419, 89, -278]
[476, 104, -153]
[406, 97, -174]
[455, 134, -244]
[427, 132, -250]
[526, 222, -73]
[345, 210, -100]
[548, 360, -28]
[314, 356, -61]
[562, 479, -157]
[302, 484, -188]
[570, 505, -191]
[296, 520, -221]
[565, 507, -226]
[306, 520, -256]
[557, 499, -175]
[310, 508, -204]
[489, 504, -3]
[371, 498, 4]
[476, 706, -1]
[366, 703, 18]
[469, 881, 224]
[365, 886, 186]
[469, 904, 240]
[364, 913, 197]
[457, 944, 117]
[376, 946, 51]
[444, 110, -300]
[455, 93, -283]
[461, 94, -283]
[468, 95, -283]
[435, 90, -287]
[427, 89, -287]
[419, 89, -287]
[476, 104, -164]
[406, 97, -182]
[455, 133, -254]
[427, 131, -260]
[526, 222, -85]
[345, 210, -111]
[548, 361, -33]
[315, 359, -70]
[562, 481, -169]
[304, 489, -189]
[570, 509, -203]
[298, 526, -220]
[565, 511, -237]
[311, 526, -258]
[557, 502, -185]
[316, 513, -205]
[489, 504, -3]
[370, 498, 4]
[476, 706, 4]
[367, 703, 31]
[470, 883, 222]
[367, 888, 196]
[469, 907, 238]
[365, 914, 207]
[458, 946, 113]
[378, 949, 60]
