[425, 405, -97]
[435, 406, -117]
[442, 407, -117]
[449, 408, -117]
[416, 404, -116]
[409, 403, -116]
[401, 402, -117]
[459, 391, -171]
[388, 385, -166]
[434, 393, -112]
[414, 392, -110]
[492, 342, -165]
[327, 335, -146]
[568, 363, -153]
[324, 396, -138]
[596, 450, -190]
[312, 496, -151]
[623, 468, -211]
[299, 522, -176]
[592, 463, -226]
[323, 528, -182]
[576, 467, -196]
[333, 518, -155]
[464, 115, -2]
[357, 133, 1]
[487, 229, 80]
[376, 259, 107]
[404, 243, 208]
[331, 289, 222]
[376, 247, 221]
[328, 286, 233]
[419, 250, 207]
[351, 310, 217]
[395, 386, -79]
[403, 390, -104]
[411, 392, -104]
[419, 394, -104]
[384, 385, -104]
[378, 383, -104]
[371, 382, -104]
[448, 395, -176]
[360, 379, -173]
[408, 383, -99]
[388, 378, -99]
[491, 346, -173]
[331, 329, -153]
[562, 371, -130]
[354, 364, -111]
[559, 431, -123]
[352, 445, -71]
[573, 444, -139]
[343, 462, -82]
[549, 446, -150]
[360, 467, -86]
[539, 444, -128]
[368, 462, -72]
[449, 140, -3]
[350, 135, 3]
[468, 210, 134]
[343, 219, 148]
[413, 185, 316]
[343, 213, 316]
[391, 177, 334]
[343, 207, 333]
[429, 199, 329]
[361, 226, 333]
[401, 332, -86]
[406, 341, -110]
[412, 342, -110]
[418, 343, -110]
[390, 337, -107]
[384, 336, -107]
[378, 335, -107]
[434, 333, -174]
[369, 320, -155]
[413, 324, -103]
[395, 320, -98]
[483, 298, -168]
[336, 277, -135]
[524, 367, -162]
[329, 345, -123]
[551, 434, -199]
[303, 447, -143]
[567, 450, -225]
[290, 475, -169]
[540, 459, -237]
[307, 476, -177]
[530, 452, -205]
[318, 468, -149]
[449, 123, -11]
[360, 114, 11]
[472, 215, 111]
[377, 230, 127]
[429, 292, 242]
[375, 305, 269]
[417, 299, 255]
[375, 308, 282]
[436, 330, 222]
[383, 342, 255]
[411, 336, -128]
[419, 375, -156]
[425, 374, -156]
[431, 375, -156]
[402, 375, -152]
[396, 375, -152]
[390, 375, -152]
[443, 342, -230]
[382, 352, -212]
[421, 378, -150]
[402, 373, -145]
[484, 397, -233]
[340, 361, -185]
[537, 409, -201]
[344, 382, -193]
[546, 448, -212]
[334, 430, -228]
[560, 458, -232]
[326, 438, -249]
[537, 464, -243]
[341, 446, -257]
[527, 460, -216]
[348, 443, -233]
[447, 200, -18]
[357, 204, 18]
[462, 228, 57]
[367, 220, 142]
[429, 177, 184]
[379, 169, 226]
[413, 173, 193]
[376, 161, 233]
[440, 160, 183]
[402, 150, 229]
[414, 373, -146]
[423, 385, -164]
[429, 385, -164]
[435, 385, -164]
[407, 383, -163]
[401, 381, -163]
[395, 380, -164]
[444, 369, -210]
[386, 364, -207]
[421, 382, -159]
[403, 379, -158]
[477, 391, -196]
[340, 344, -183]
[523, 398, -159]
[353, 375, -158]
[550, 466, -169]
[346, 454, -159]
[572, 472, -188]
[336, 469, -179]
[554, 473, -200]
[351, 470, -186]
[550, 464, -174]
[359, 465, -162]
[441, 207, -6]
[351, 203, 6]
[459, 218, 101]
[367, 230, 136]
[428, 150, 238]
[356, 154, 262]
[412, 140, 252]
[356, 144, 275]
[440, 141, 248]
[380, 136, 278]
[412, 392, -69]
[422, 391, -105]
[428, 393, -105]
[434, 395, -106]
[406, 386, -88]
[401, 385, -88]
[395, 384, -88]
[446, 397, -126]
[390, 386, -131]
[420, 406, -102]
[403, 403, -80]
[481, 406, -115]
[342, 396, -71]
[516, 381, -77]
[345, 390, -70]
[539, 379, -60]
[344, 432, -76]
[557, 375, -53]
[334, 435, -75]
[547, 416, -51]
[353, 442, -75]
[544, 389, -52]
[360, 442, -75]
[447, 245, -13]
[356, 246, 12]
[477, 254, 129]
[359, 239, 137]
[452, 186, 242]
[365, 199, 270]
[436, 176, 256]
[363, 193, 287]
[465, 162, 294]
[386, 182, 332]
[406, 356, -336]
[411, 343, -349]
[418, 344, -349]
[424, 344, -349]
[392, 342, -348]
[385, 342, -348]
[379, 342, -349]
[438, 341, -319]
[371, 337, -317]
[420, 364, -316]
[399, 364, -316]
[481, 373, -214]
[346, 353, -200]
[513, 416, -156]
[331, 393, -158]
[480, 438, -185]
[330, 446, -171]
[489, 443, -206]
[316, 456, -189]
[472, 444, -216]
[342, 461, -201]
[464, 439, -189]
[351, 458, -176]
[446, 236, -8]
[355, 237, 8]
[518, 301, 122]
[342, 318, 131]
[511, 195, 328]
[355, 242, 333]
[507, 204, 348]
[361, 240, 355]
[520, 231, 321]
[358, 259, 340]
[408, 359, -273]
[413, 347, -282]
[419, 348, -282]
[426, 348, -283]
[395, 344, -280]
[389, 343, -280]
[384, 342, -280]
[438, 339, -264]
[374, 330, -253]
[420, 361, -260]
[401, 359, -257]
[482, 351, -200]
[338, 329, -177]
[513, 408, -159]
[318, 385, -165]
[497, 457, -178]
[310, 460, -186]
[507, 465, -197]
[294, 481, -207]
[496, 466, -207]
[319, 483, -214]
[484, 461, -182]
[330, 477, -190]
[443, 219, -9]
[356, 219, 8]
[489, 251, 96]
[359, 219, 126]
[490, 160, 254]
[367, 144, 261]
[497, 150, 269]
[368, 133, 276]
[496, 149, 258]
[369, 130, 273]
[411, 398, -89]
[417, 397, -111]
[423, 398, -111]
[429, 400, -111]
[402, 395, -110]
[397, 395, -110]
[392, 395, -110]
[441, 404, -159]
[386, 397, -149]
[422, 402, -97]
[405, 401, -95]
[501, 410, -152]
[337, 396, -113]
[524, 416, -114]
[301, 388, -108]
[499, 435, -136]
[330, 428, -112]
[503, 444, -117]
[319, 435, -115]
[488, 438, -114]
[336, 438, -118]
[481, 434, -122]
[349, 434, -112]
[446, 219, -12]
[358, 232, 11]
[491, 255, 116]
[363, 241, 175]
[449, 146, 169]
[369, 151, 220]
[468, 133, 176]
[371, 141, 220]
[452, 111, 227]
[372, 104, 255]
[426, 162, -267]
[435, 148, -252]
[440, 149, -252]
[444, 150, -252]
[417, 147, -255]
[411, 146, -255]
[405, 146, -255]
[450, 158, -158]
[396, 154, -168]
[436, 177, -231]
[413, 177, -234]
[490, 253, -102]
[338, 251, -98]
[520, 354, -121]
[310, 360, -110]
[562, 400, -245]
[260, 428, -230]
[571, 418, -272]
[247, 451, -253]
[565, 410, -285]
[254, 446, -277]
[556, 405, -253]
[264, 439, -242]
[456, 453, -5]
[366, 455, 6]
[457, 612, -54]
[361, 607, -86]
[447, 725, 198]
[366, 737, 124]
[449, 743, 218]
[368, 759, 141]
[431, 782, 124]
[370, 789, 27]
[425, 161, -265]
[434, 147, -250]
[439, 148, -250]
[444, 149, -250]
[416, 146, -250]
[410, 146, -250]
[404, 146, -250]
[450, 157, -149]
[394, 154, -145]
[434, 177, -228]
[411, 177, -228]
[493, 258, -84]
[339, 251, -52]
[535, 380, -163]
[307, 367, -37]
[562, 358, -365]
[262, 391, -166]
[562, 352, -399]
[251, 404, -182]
[544, 309, -398]
[265, 379, -200]
[537, 313, -367]
[264, 386, -176]
[460, 483, -7]
[365, 479, 8]
[458, 652, -21]
[358, 648, -35]
[457, 783, 198]
[359, 794, 132]
[460, 803, 216]
[360, 817, 145]
[442, 839, 113]
[364, 846, 26]
[424, 161, -268]
[434, 147, -252]
[439, 148, -252]
[444, 148, -252]
[416, 146, -251]
[409, 146, -251]
[403, 146, -251]
[450, 156, -149]
[393, 153, -145]
[434, 177, -228]
[410, 177, -228]
[494, 258, -78]
[339, 251, -61]
[537, 379, -155]
[301, 369, -120]
[552, 351, -352]
[305, 369, -338]
[548, 344, -385]
[321, 373, -370]
[534, 312, -381]
[328, 347, -369]
[528, 316, -354]
[327, 349, -340]
[461, 491, -8]
[363, 486, 9]
[461, 655, -16]
[349, 650, -8]
[461, 793, 170]
[349, 794, 132]
[464, 817, 181]
[349, 819, 145]
[444, 848, 71]
[355, 847, 23]
[424, 160, -278]
[434, 147, -261]
[439, 147, -261]
[444, 148, -261]
[416, 146, -262]
[409, 145, -262]
[403, 145, -262]
[450, 156, -150]
[392, 153, -150]
[434, 177, -235]
[410, 177, -236]
[494, 258, -73]
[339, 251, -71]
[537, 377, -126]
[297, 372, -152]
[536, 359, -310]
[357, 373, -358]
[527, 362, -339]
[383, 381, -394]
[521, 341, -347]
[391, 355, -392]
[519, 341, -317]
[386, 354, -359]
[462, 497, -8]
[360, 492, 9]
[461, 659, -8]
[344, 655, 14]
[459, 799, 171]
[343, 797, 143]
[463, 822, 182]
[344, 821, 151]
[444, 853, 70]
[346, 851, 27]
[424, 160, -263]
[433, 147, -247]
[439, 147, -247]
[444, 148, -247]
[416, 145, -248]
[409, 145, -248]
[403, 145, -248]
[450, 155, -139]
[392, 153, -141]
[434, 177, -221]
[410, 177, -222]
[494, 258, -57]
[339, 251, -66]
[537, 377, -116]
[295, 371, -138]
[544, 353, -316]
[333, 364, -347]
[538, 344, -350]
[347, 364, -380]
[530, 319, -352]
[359, 345, -380]
[525, 326, -321]
[358, 345, -349]
[463, 500, -6]
[358, 496, 7]
[463, 663, -8]
[340, 659, 19]
[460, 808, 139]
[335, 805, 139]
[462, 831, 146]
[334, 829, 149]
[445, 863, 33]
[342, 859, 24]
[423, 160, -244]
[433, 146, -229]
[439, 147, -229]
[444, 147, -229]
[415, 145, -229]
[409, 145, -229]
[402, 145, -229]
[450, 155, -122]
[391, 153, -122]
[433, 177, -204]
[410, 177, -204]
[494, 258, -47]
[339, 251, -42]
[536, 375, -115]
[296, 370, -109]
[546, 333, -313]
[320, 359, -310]
[540, 317, -346]
[323, 361, -339]
[531, 300, -347]
[336, 346, -347]
[531, 303, -317]
[336, 344, -316]
[462, 498, -7]
[357, 495, 8]
[461, 664, -15]
[332, 659, 29]
[457, 808, 137]
[326, 805, 169]
[459, 831, 146]
[327, 829, 178]
[442, 861, 35]
[325, 858, 60]
[423, 160, -235]
[433, 146, -222]
[439, 147, -221]
[444, 147, -221]
[415, 145, -221]
[408, 145, -221]
[402, 145, -222]
[450, 155, -119]
[391, 153, -119]
[433, 177, -197]
[409, 177, -197]
[495, 258, -54]
[339, 250, -44]
[536, 376, -141]
[294, 368, -123]
[545, 324, -339]
[326, 344, -330]
[543, 304, -372]
[330, 341, -361]
[535, 290, -366]
[336, 320, -359]
[533, 295, -341]
[337, 322, -333]
[462, 501, -7]
[356, 499, 8]
[460, 668, 1]
[336, 665, 48]
[457, 818, 143]
[333, 814, 175]
[459, 842, 151]
[333, 839, 183]
[442, 871, 37]
[333, 866, 61]
[423, 160, -273]
[433, 146, -260]
[439, 146, -260]
[444, 147, -260]
[415, 145, -259]
[408, 145, -259]
[402, 145, -259]
[450, 155, -150]
[390, 152, -140]
[433, 177, -230]
[410, 177, -228]
[495, 258, -76]
[339, 249, -54]
[535, 370, -147]
[291, 357, -111]
[531, 333, -320]
[332, 334, -262]
[524, 325, -352]
[349, 342, -285]
[520, 309, -356]
[352, 315, -278]
[518, 312, -324]
[349, 317, -260]
[463, 500, -14]
[356, 499, 15]
[460, 671, -2]
[337, 669, 87]
[455, 817, 155]
[336, 817, 262]
[456, 840, 158]
[335, 842, 275]
[442, 871, 56]
[331, 872, 148]
[424, 160, -263]
[433, 146, -251]
[439, 146, -251]
[444, 147, -251]
[415, 144, -250]
[408, 144, -250]
[402, 144, -250]
[451, 155, -142]
[390, 152, -138]
[434, 178, -220]
[410, 178, -220]
[496, 258, -71]
[339, 249, -55]
[536, 366, -117]
[292, 354, -105]
[524, 341, -257]
[336, 329, -248]
[517, 327, -283]
[359, 329, -271]
[512, 315, -284]
[362, 312, -266]
[511, 320, -259]
[358, 314, -247]
[463, 502, -15]
[356, 501, 15]
[460, 674, -1]
[341, 674, 77]
[456, 821, 157]
[337, 822, 234]
[457, 844, 164]
[340, 846, 245]
[444, 877, 56]
[331, 876, 125]
[424, 160, -282]
[433, 145, -267]
[439, 146, -267]
[445, 147, -267]
[415, 144, -266]
[408, 144, -266]
[402, 144, -266]
[451, 155, -151]
[390, 152, -145]
[434, 178, -237]
[410, 178, -236]
[496, 258, -71]
[339, 248, -57]
[535, 364, -150]
[292, 357, -119]
[557, 321, -352]
[329, 326, -298]
[559, 309, -385]
[353, 322, -324]
[558, 293, -385]
[352, 312, -320]
[551, 299, -356]
[351, 304, -299]
[464, 502, -14]
[356, 500, 15]
[461, 676, -3]
[343, 674, 63]
[456, 825, 159]
[340, 823, 220]
[457, 849, 168]
[342, 848, 230]
[443, 881, 48]
[332, 878, 99]
[424, 160, -267]
[433, 145, -250]
[439, 146, -250]
[445, 147, -250]
[415, 144, -248]
[408, 144, -248]
[402, 144, -248]
[451, 155, -134]
[390, 152, -126]
[434, 179, -223]
[410, 178, -221]
[495, 258, -65]
[338, 248, -48]
[535, 366, -169]
[290, 365, -155]
[559, 319, -394]
[329, 321, -410]
[557, 301, -432]
[334, 315, -449]
[554, 291, -429]
[326, 293, -448]
[548, 296, -398]
[334, 297, -415]
[463, 502, -14]
[356, 500, 14]
[459, 678, -17]
[343, 675, 53]
[451, 833, 129]
[341, 829, 206]
[453, 856, 136]
[342, 853, 224]
[435, 887, 14]
[334, 883, 85]
[424, 160, -288]
[433, 146, -269]
[439, 146, -269]
[445, 147, -269]
[415, 144, -268]
[408, 144, -268]
[402, 144, -268]
[451, 155, -145]
[390, 151, -136]
[433, 180, -242]
[409, 179, -240]
[494, 258, -68]
[338, 248, -58]
[533, 367, -159]
[290, 368, -183]
[574, 320, -354]
[325, 316, -426]
[582, 306, -387]
[330, 312, -463]
[553, 293, -387]
[326, 291, -459]
[573, 299, -358]
[332, 296, -429]
[462, 502, -14]
[356, 500, 15]
[459, 680, -30]
[344, 679, 57]
[452, 835, 134]
[341, 833, 219]
[454, 858, 143]
[342, 857, 231]
[435, 889, 19]
[334, 887, 97]
[424, 161, -247]
[433, 146, -227]
[439, 146, -227]
[445, 147, -227]
[415, 144, -227]
[408, 144, -227]
[402, 144, -227]
[451, 155, -109]
[390, 151, -107]
[433, 180, -205]
[409, 179, -204]
[492, 258, -39]
[338, 248, -49]
[531, 369, -118]
[290, 371, -188]
[580, 306, -297]
[313, 301, -441]
[590, 291, -324]
[300, 281, -478]
[553, 283, -321]
[299, 267, -474]
[567, 287, -301]
[310, 277, -444]
[462, 503, -12]
[356, 501, 13]
[459, 679, -28]
[345, 679, 49]
[452, 837, 110]
[342, 835, 182]
[455, 859, 116]
[342, 858, 190]
[434, 890, 0]
[338, 889, 64]
[424, 161, -237]
[433, 146, -218]
[439, 146, -218]
[445, 147, -218]
[415, 144, -218]
[408, 144, -218]
[402, 144, -218]
[451, 155, -103]
[390, 151, -100]
[433, 180, -195]
[409, 179, -195]
[492, 258, -36]
[338, 248, -43]
[529, 374, -123]
[290, 373, -183]
[578, 305, -304]
[308, 298, -442]
[586, 289, -333]
[296, 278, -481]
[552, 280, -333]
[293, 264, -477]
[559, 285, -308]
[304, 274, -446]
[462, 504, -12]
[356, 502, 13]
[459, 679, -26]
[347, 680, 47]
[452, 838, 109]
[343, 837, 171]
[455, 860, 115]
[342, 860, 179]
[434, 891, 0]
[344, 890, 54]
[424, 161, -227]
[433, 146, -207]
[439, 146, -207]
[445, 147, -207]
[415, 144, -208]
[408, 143, -208]
[402, 143, -208]
[451, 155, -91]
[390, 151, -92]
[433, 181, -186]
[409, 179, -187]
[491, 258, -28]
[338, 247, -42]
[529, 374, -118]
[290, 375, -192]
[556, 288, -301]
[308, 285, -444]
[575, 272, -329]
[299, 266, -483]
[554, 265, -325]
[298, 253, -476]
[558, 276, -304]
[307, 263, -446]
[462, 503, -11]
[356, 502, 11]
[458, 678, -26]
[350, 679, 47]
[452, 837, 105]
[349, 837, 169]
[455, 859, 110]
[346, 859, 176]
[434, 891, -5]
[355, 890, 51]
[424, 161, -219]
[433, 145, -198]
[439, 146, -198]
[445, 147, -198]
[416, 143, -200]
[409, 143, -200]
[402, 143, -200]
[451, 155, -84]
[390, 150, -89]
[433, 181, -179]
[409, 179, -180]
[491, 260, -27]
[336, 248, -44]
[528, 377, -130]
[291, 379, -194]
[551, 274, -330]
[306, 281, -434]
[564, 256, -360]
[298, 257, -472]
[554, 248, -348]
[298, 245, -464]
[555, 262, -331]
[304, 255, -436]
[462, 504, -10]
[356, 503, 11]
[458, 680, -20]
[350, 682, 49]
[453, 842, 106]
[350, 843, 168]
[456, 865, 112]
[347, 866, 175]
[435, 897, -5]
[360, 896, 48]
[424, 160, -230]
[433, 145, -210]
[439, 146, -210]
[445, 147, -210]
[416, 143, -211]
[409, 142, -211]
[402, 142, -211]
[451, 155, -94]
[390, 150, -98]
[433, 180, -189]
[409, 179, -190]
[491, 261, -33]
[335, 249, -47]
[528, 385, -144]
[291, 379, -208]
[576, 279, -343]
[306, 280, -459]
[564, 251, -374]
[299, 255, -499]
[556, 244, -363]
[299, 243, -491]
[555, 257, -345]
[304, 254, -461]
[462, 504, -10]
[356, 503, 11]
[458, 681, -20]
[350, 682, 53]
[453, 844, 104]
[350, 844, 174]
[456, 867, 109]
[347, 867, 181]
[435, 899, -11]
[361, 897, 52]
[424, 160, -205]
[433, 144, -187]
[439, 145, -187]
[445, 146, -187]
[416, 142, -187]
[409, 141, -187]
[402, 141, -187]
[451, 155, -80]
[390, 149, -78]
[433, 180, -168]
[409, 179, -167]
[491, 261, -29]
[335, 249, -32]
[528, 390, -160]
[292, 380, -197]
[558, 267, -372]
[307, 269, -436]
[558, 242, -406]
[300, 245, -468]
[555, 235, -393]
[300, 235, -489]
[552, 249, -373]
[305, 246, -442]
[462, 504, -10]
[356, 503, 10]
[458, 681, -14]
[350, 683, 59]
[452, 845, 108]
[350, 845, 178]
[455, 867, 114]
[346, 868, 185]
[435, 900, -4]
[360, 899, 55]
[424, 159, -207]
[433, 143, -189]
[439, 144, -189]
[445, 145, -189]
[416, 141, -188]
[409, 140, -188]
[402, 140, -188]
[451, 154, -83]
[390, 149, -78]
[433, 179, -169]
[409, 178, -168]
[492, 261, -31]
[335, 250, -28]
[528, 392, -162]
[292, 381, -181]
[551, 266, -372]
[307, 270, -421]
[555, 241, -405]
[300, 245, -454]
[555, 236, -393]
[300, 235, -470]
[552, 248, -373]
[305, 245, -425]
[462, 505, -10]
[356, 504, 11]
[457, 683, -14]
[350, 685, 64]
[452, 848, 103]
[350, 848, 184]
[455, 871, 108]
[346, 871, 191]
[434, 902, -11]
[359, 902, 61]
[423, 159, -160]
[433, 143, -143]
[439, 144, -143]
[445, 145, -143]
[415, 141, -141]
[409, 140, -141]
[402, 140, -141]
[451, 154, -49]
[390, 149, -39]
[433, 179, -127]
[408, 178, -124]
[492, 261, -17]
[335, 250, 0]
[529, 391, -157]
[292, 380, -141]
[548, 259, -342]
[306, 264, -360]
[553, 231, -372]
[297, 239, -395]
[553, 222, -353]
[298, 229, -384]
[549, 237, -339]
[304, 241, -362]
[463, 506, -10]
[356, 506, 11]
[457, 685, -15]
[350, 687, 77]
[452, 850, 88]
[351, 850, 190]
[455, 873, 93]
[347, 873, 198]
[434, 904, -20]
[359, 905, 79]
[423, 159, -141]
[433, 143, -126]
[439, 144, -126]
[445, 145, -126]
[415, 141, -124]
[408, 140, -124]
[402, 140, -124]
[451, 153, -36]
[390, 149, -27]
[433, 179, -110]
[408, 178, -107]
[492, 261, -5]
[335, 250, 7]
[530, 390, -128]
[293, 379, -129]
[546, 255, -283]
[306, 264, -336]
[551, 226, -310]
[297, 239, -369]
[549, 215, -294]
[298, 228, -356]
[548, 232, -281]
[304, 241, -337]
[464, 507, -8]
[356, 507, 9]
[457, 685, -11]
[350, 687, 73]
[451, 849, 90]
[351, 850, 189]
[455, 871, 95]
[347, 872, 196]
[434, 903, -11]
[359, 904, 81]
[423, 159, -140]
[433, 143, -125]
[438, 144, -125]
[445, 145, -125]
[415, 140, -123]
[408, 140, -123]
[401, 139, -123]
[451, 153, -36]
[390, 149, -28]
[433, 179, -109]
[408, 178, -107]
[492, 261, -5]
[335, 250, 7]
[531, 390, -116]
[293, 379, -126]
[546, 255, -260]
[305, 265, -330]
[550, 225, -285]
[295, 239, -363]
[547, 213, -269]
[297, 228, -350]
[545, 229, -258]
[304, 241, -332]
[464, 508, -6]
[356, 508, 7]
[457, 686, -10]
[350, 688, 74]
[452, 850, 89]
[351, 851, 189]
[455, 872, 93]
[348, 873, 195]
[435, 905, -9]
[359, 906, 83]
[422, 159, -140]
[433, 143, -125]
[438, 144, -125]
[445, 145, -125]
[415, 140, -123]
[408, 139, -123]
[401, 139, -123]
[451, 153, -37]
[390, 149, -27]
[433, 179, -109]
[408, 178, -107]
[493, 261, -8]
[336, 250, 8]
[532, 389, -121]
[294, 379, -123]
[545, 254, -268]
[305, 265, -325]
[549, 223, -294]
[295, 239, -358]
[545, 211, -278]
[297, 228, -344]
[543, 226, -266]
[304, 241, -326]
[465, 508, -5]
[356, 508, 6]
[458, 687, -11]
[350, 690, 78]
[453, 852, 88]
[353, 853, 192]
[457, 875, 93]
[350, 875, 201]
[436, 908, -9]
[362, 909, 93]
[422, 158, -143]
[433, 142, -127]
[438, 143, -127]
[445, 144, -127]
[415, 140, -126]
[408, 139, -126]
[401, 139, -126]
[451, 153, -35]
[390, 149, -28]
[433, 179, -111]
[408, 178, -110]
[493, 261, -7]
[336, 251, 6]
[532, 390, -124]
[294, 379, -128]
[545, 252, -281]
[305, 266, -330]
[548, 219, -309]
[295, 239, -364]
[544, 207, -293]
[297, 229, -350]
[542, 223, -279]
[304, 241, -331]
[465, 509, -5]
[356, 509, 6]
[459, 688, -7]
[350, 691, 76]
[454, 853, 92]
[353, 856, 192]
[458, 876, 97]
[350, 878, 200]
[438, 909, -7]
[362, 912, 87]
[422, 158, -143]
[433, 142, -127]
[438, 143, -127]
[445, 144, -127]
[415, 140, -125]
[408, 139, -125]
[401, 139, -125]
[451, 153, -35]
[390, 149, -28]
[433, 179, -112]
[408, 178, -110]
[493, 261, -9]
[336, 251, 5]
[532, 389, -132]
[294, 378, -130]
[546, 250, -288]
[305, 267, -335]
[548, 217, -315]
[295, 241, -370]
[543, 205, -297]
[297, 230, -357]
[540, 221, -283]
[304, 242, -337]
[465, 508, -5]
[356, 509, 6]
[461, 687, -7]
[351, 691, 73]
[457, 854, 94]
[354, 856, 175]
[460, 876, 99]
[352, 878, 182]
[441, 909, -7]
[364, 912, 67]
[422, 158, -154]
[433, 142, -138]
[438, 143, -138]
[445, 144, -138]
[415, 139, -136]
[408, 139, -136]
[401, 139, -136]
[451, 153, -44]
[390, 149, -37]
[433, 179, -121]
[408, 177, -120]
[494, 261, -11]
[336, 251, 0]
[532, 391, -132]
[294, 379, -131]
[546, 253, -290]
[305, 268, -340]
[548, 223, -319]
[293, 243, -374]
[543, 211, -302]
[294, 232, -363]
[541, 224, -286]
[303, 244, -342]
[465, 509, -5]
[356, 510, 6]
[461, 688, -8]
[351, 692, 72]
[458, 854, 95]
[356, 857, 177]
[462, 877, 100]
[353, 879, 184]
[442, 909, -6]
[366, 913, 69]
[422, 157, -159]
[433, 142, -141]
[439, 142, -141]
[445, 144, -141]
[415, 139, -140]
[408, 138, -140]
[401, 138, -140]
[452, 153, -54]
[390, 148, -44]
[433, 178, -124]
[408, 177, -124]
[494, 261, -22]
[336, 251, 0]
[532, 391, -138]
[295, 379, -129]
[546, 255, -301]
[303, 269, -338]
[548, 226, -330]
[290, 244, -372]
[543, 214, -314]
[291, 233, -362]
[541, 226, -298]
[300, 245, -341]
[466, 509, -5]
[356, 510, 6]
[461, 688, -7]
[352, 693, 71]
[459, 854, 96]
[357, 857, 177]
[462, 876, 102]
[355, 879, 184]
[443, 909, -3]
[366, 913, 72]
[422, 157, -163]
[433, 142, -148]
[439, 142, -148]
[445, 144, -148]
[415, 139, -147]
[408, 138, -147]
[401, 138, -147]
[452, 153, -59]
[390, 148, -51]
[433, 178, -130]
[408, 177, -128]
[495, 261, -25]
[336, 252, 0]
[532, 393, -143]
[295, 381, -130]
[545, 259, -323]
[302, 270, -350]
[548, 233, -353]
[289, 245, -383]
[544, 223, -340]
[291, 233, -376]
[541, 234, -322]
[299, 245, -353]
[467, 509, -6]
[356, 511, 7]
[463, 689, -10]
[353, 694, 72]
[460, 855, 95]
[358, 859, 184]
[463, 878, 100]
[356, 881, 192]
[444, 911, -9]
[366, 913, 77]
[422, 157, -163]
[433, 141, -148]
[439, 142, -148]
[445, 143, -148]
[415, 139, -147]
[408, 138, -146]
[402, 138, -147]
[452, 153, -59]
[390, 148, -49]
[433, 178, -130]
[408, 177, -128]
[495, 261, -24]
[336, 252, -1]
[531, 393, -143]
[295, 382, -130]
[545, 259, -321]
[301, 270, -350]
[548, 233, -351]
[289, 246, -383]
[544, 224, -337]
[290, 233, -376]
[541, 235, -320]
[298, 245, -353]
[467, 510, -8]
[356, 511, 9]
[465, 689, -17]
[356, 695, 80]
[461, 856, 88]
[360, 859, 198]
[464, 878, 92]
[358, 882, 206]
[445, 912, -18]
[368, 914, 91]
[422, 157, -163]
[433, 141, -149]
[439, 142, -149]
[445, 143, -149]
[415, 138, -147]
[408, 138, -147]
[402, 138, -147]
[452, 153, -59]
[390, 148, -50]
[433, 178, -130]
[408, 177, -128]
[495, 261, -24]
[335, 252, -2]
[530, 393, -143]
[296, 384, -130]
[544, 260, -327]
[301, 276, -350]
[547, 237, -357]
[291, 251, -383]
[544, 227, -344]
[292, 240, -375]
[540, 238, -326]
[299, 250, -353]
[468, 509, -8]
[357, 511, 9]
[465, 689, -24]
[356, 694, 80]
[461, 856, 77]
[360, 859, 195]
[464, 878, 82]
[357, 881, 203]
[445, 912, -32]
[368, 914, 83]
[422, 157, -144]
[433, 141, -130]
[439, 142, -130]
[445, 143, -130]
[415, 138, -128]
[408, 138, -128]
[402, 137, -128]
[452, 153, -45]
[390, 147, -34]
[433, 178, -114]
[407, 177, -111]
[494, 260, -17]
[335, 251, 2]
[529, 387, -142]
[296, 384, -127]
[544, 258, -323]
[301, 276, -333]
[545, 230, -351]
[292, 252, -365]
[544, 224, -335]
[293, 241, -353]
[539, 235, -321]
[299, 251, -334]
[468, 509, -8]
[357, 511, 9]
[465, 689, -22]
[356, 694, 78]
[461, 856, 70]
[360, 859, 180]
[464, 878, 74]
[358, 881, 188]
[444, 911, -31]
[368, 913, 77]
[422, 157, -185]
[433, 141, -169]
[439, 142, -169]
[445, 143, -169]
[415, 138, -168]
[408, 138, -168]
[402, 137, -168]
[451, 153, -69]
[390, 147, -65]
[433, 178, -149]
[407, 177, -148]
[494, 260, -20]
[335, 251, -18]
[528, 388, -137]
[296, 384, -156]
[563, 285, -329]
[301, 283, -393]
[545, 248, -359]
[293, 260, -429]
[568, 252, -350]
[295, 249, -420]
[559, 259, -331]
[301, 257, -394]
[468, 509, -8]
[357, 510, 8]
[465, 689, -22]
[357, 694, 73]
[461, 856, 73]
[360, 859, 187]
[464, 878, 77]
[358, 880, 196]
[444, 911, -26]
[368, 913, 78]
[422, 157, -209]
[433, 141, -192]
[439, 142, -192]
[445, 143, -192]
[415, 138, -192]
[408, 138, -192]
[401, 137, -193]
[451, 153, -84]
[389, 147, -84]
[433, 178, -170]
[407, 177, -170]
[493, 258, -18]
[335, 249, -33]
[528, 385, -88]
[296, 384, -174]
[600, 287, -266]
[301, 285, -415]
[613, 265, -291]
[293, 263, -450]
[616, 257, -291]
[295, 251, -445]
[604, 266, -271]
[301, 259, -418]
[468, 509, -5]
[357, 510, 6]
[465, 687, -30]
[358, 692, 69]
[461, 854, 76]
[361, 856, 196]
[464, 876, 81]
[358, 878, 205]
[444, 909, -30]
[370, 911, 85]
[422, 158, -202]
[433, 141, -187]
[438, 142, -187]
[445, 144, -187]
[415, 139, -186]
[408, 138, -186]
[401, 138, -186]
[451, 153, -84]
[389, 147, -81]
[433, 179, -165]
[407, 177, -164]
[493, 257, -18]
[335, 249, -30]
[527, 385, -99]
[296, 385, -166]
[582, 286, -282]
[301, 287, -404]
[608, 266, -309]
[293, 264, -439]
[607, 258, -306]
[295, 252, -433]
[596, 267, -286]
[301, 261, -407]
[468, 509, -4]
[358, 510, 5]
[465, 687, -31]
[358, 691, 64]
[461, 852, 77]
[361, 854, 195]
[464, 875, 82]
[359, 876, 204]
[444, 907, -30]
[371, 909, 85]
[422, 158, -248]
[433, 142, -232]
[438, 143, -232]
[445, 144, -232]
[415, 139, -229]
[408, 138, -229]
[401, 138, -229]
[451, 153, -118]
[389, 147, -105]
[433, 179, -207]
[407, 177, -204]
[493, 257, -48]
[335, 247, -36]
[527, 388, -147]
[297, 385, -171]
[557, 294, -369]
[307, 296, -434]
[582, 276, -404]
[310, 277, -472]
[573, 269, -400]
[307, 263, -468]
[567, 275, -372]
[309, 271, -437]
[467, 509, -10]
[358, 510, 11]
[465, 687, -40]
[358, 691, 75]
[460, 853, 103]
[361, 854, 244]
[464, 876, 111]
[358, 876, 256]
[443, 909, -14]
[369, 908, 127]
[422, 159, -288]
[433, 142, -272]
[438, 143, -272]
[445, 144, -272]
[415, 139, -270]
[408, 139, -270]
[401, 138, -270]
[451, 154, -153]
[389, 147, -143]
[433, 179, -244]
[407, 177, -241]
[494, 257, -86]
[335, 246, -59]
[525, 388, -199]
[297, 380, -185]
[544, 305, -420]
[313, 306, -449]
[558, 289, -459]
[317, 313, -488]
[552, 280, -453]
[316, 293, -485]
[546, 289, -423]
[318, 298, -454]
[467, 508, -18]
[358, 509, 18]
[465, 688, -48]
[357, 691, 77]
[461, 852, 122]
[361, 852, 253]
[464, 875, 132]
[358, 875, 265]
[443, 909, -1]
[366, 907, 129]
[422, 159, -294]
[433, 142, -280]
[438, 143, -280]
[445, 144, -280]
[415, 139, -280]
[408, 139, -280]
[401, 138, -281]
[452, 154, -165]
[389, 147, -166]
[433, 179, -250]
[407, 177, -250]
[496, 257, -95]
[334, 246, -80]
[525, 367, -147]
[297, 371, -157]
[525, 350, -261]
[328, 331, -316]
[519, 355, -287]
[348, 353, -343]
[515, 335, -290]
[349, 333, -344]
[513, 336, -264]
[349, 332, -318]
[466, 508, -19]
[357, 509, 20]
[463, 688, -36]
[357, 691, 84]
[460, 848, 157]
[361, 849, 266]
[463, 871, 169]
[359, 872, 280]
[443, 905, 42]
[360, 905, 148]
[422, 159, -289]
[433, 142, -276]
[438, 143, -276]
[445, 144, -276]
[415, 140, -276]
[408, 139, -276]
[401, 139, -276]
[452, 154, -170]
[389, 147, -169]
[433, 179, -247]
[407, 178, -247]
[496, 257, -93]
[335, 245, -76]
[529, 343, -43]
[295, 351, -47]
[520, 359, -74]
[333, 348, -87]
[519, 363, -83]
[349, 361, -95]
[507, 347, -92]
[351, 343, -101]
[505, 347, -77]
[350, 340, -89]
[466, 508, -22]
[357, 509, 22]
[463, 688, -49]
[357, 691, 81]
[460, 844, 143]
[361, 849, 267]
[463, 867, 155]
[362, 871, 281]
[446, 902, 31]
[354, 905, 150]
[422, 159, -284]
[433, 142, -272]
[438, 143, -272]
[445, 145, -272]
[415, 140, -272]
[408, 139, -272]
[401, 139, -272]
[452, 155, -167]
[389, 148, -167]
[433, 179, -243]
[407, 178, -243]
[496, 257, -89]
[335, 245, -75]
[533, 339, -23]
[293, 345, -39]
[519, 361, -46]
[334, 350, -75]
[518, 364, -53]
[348, 361, -83]
[506, 350, -63]
[350, 344, -89]
[504, 349, -48]
[349, 341, -77]
[466, 508, -22]
[357, 508, 22]
[463, 688, -45]
[357, 691, 80]
[460, 842, 146]
[362, 848, 267]
[462, 864, 159]
[366, 871, 282]
[446, 900, 36]
[354, 904, 151]
[422, 159, -271]
[433, 142, -256]
[438, 143, -256]
[445, 145, -256]
[415, 140, -256]
[408, 139, -256]
[401, 139, -256]
[452, 155, -146]
[389, 148, -144]
[433, 179, -228]
[407, 178, -227]
[496, 256, -77]
[335, 245, -73]
[536, 348, -118]
[293, 352, -141]
[522, 351, -308]
[332, 339, -386]
[521, 349, -344]
[341, 345, -425]
[514, 335, -345]
[344, 326, -426]
[509, 337, -311]
[343, 325, -390]
[466, 508, -20]
[357, 508, 21]
[464, 686, -43]
[357, 689, 92]
[461, 842, 138]
[362, 846, 271]
[463, 864, 149]
[366, 869, 284]
[447, 898, 26]
[354, 900, 154]
[422, 159, -269]
[433, 142, -253]
[438, 143, -253]
[444, 145, -253]
[415, 140, -253]
[408, 139, -253]
[401, 139, -253]
[452, 155, -139]
[389, 148, -136]
[433, 179, -225]
[407, 178, -224]
[496, 256, -73]
[335, 245, -65]
[540, 353, -148]
[292, 353, -186]
[539, 342, -353]
[311, 322, -462]
[528, 336, -389]
[315, 317, -505]
[518, 323, -387]
[312, 285, -502]
[527, 327, -356]
[314, 292, -467]
[467, 507, -19]
[357, 508, 20]
[465, 686, -42]
[355, 689, 88]
[462, 843, 131]
[360, 846, 261]
[464, 866, 141]
[362, 869, 273]
[448, 900, 4]
[355, 901, 142]
[422, 159, -265]
[433, 142, -249]
[438, 143, -248]
[444, 145, -248]
[415, 140, -248]
[408, 140, -248]
[401, 140, -248]
[452, 155, -135]
[389, 149, -132]
[433, 179, -221]
[407, 178, -220]
[496, 257, -48]
[335, 246, -52]
[539, 357, -91]
[291, 354, -162]
[577, 345, -297]
[298, 332, -402]
[589, 338, -331]
[298, 332, -438]
[592, 323, -356]
[301, 308, -442]
[582, 327, -319]
[305, 310, -408]
[467, 506, -12]
[357, 508, 13]
[467, 686, -41]
[351, 689, 59]
[467, 845, 112]
[352, 847, 213]
[468, 868, 119]
[352, 871, 222]
[454, 901, -12]
[353, 902, 88]
[422, 159, -271]
[433, 143, -255]
[438, 144, -255]
[444, 145, -255]
[415, 141, -256]
[408, 140, -256]
[401, 140, -256]
[451, 155, -138]
[389, 150, -140]
[433, 180, -227]
[407, 178, -227]
[496, 260, -52]
[335, 249, -59]
[541, 370, -98]
[291, 367, -165]
[568, 368, -295]
[305, 350, -419]
[573, 369, -329]
[316, 355, -459]
[574, 351, -338]
[321, 331, -462]
[550, 353, -304]
[317, 331, -425]
[467, 508, -8]
[357, 509, 9]
[469, 689, -7]
[351, 690, 46]
[469, 849, 140]
[351, 851, 178]
[470, 872, 147]
[350, 874, 186]
[456, 906, 17]
[356, 907, 48]
[422, 160, -280]
[432, 143, -264]
[438, 144, -264]
[443, 146, -264]
[415, 141, -265]
[408, 141, -265]
[401, 141, -265]
[451, 156, -145]
[389, 151, -146]
[433, 180, -235]
[407, 179, -236]
[496, 262, -61]
[336, 250, -61]
[541, 375, -107]
[292, 370, -168]
[564, 372, -309]
[305, 354, -435]
[569, 373, -344]
[313, 358, -476]
[570, 356, -352]
[318, 336, -482]
[538, 356, -316]
[317, 336, -442]
[468, 509, -7]
[358, 510, 8]
[471, 690, -6]
[351, 692, 41]
[471, 852, 144]
[351, 855, 173]
[472, 875, 151]
[348, 878, 180]
[457, 909, 21]
[357, 911, 41]
[422, 160, -276]
[432, 143, -261]
[438, 144, -261]
[443, 146, -261]
[415, 141, -262]
[408, 141, -262]
[401, 141, -262]
[451, 156, -146]
[389, 151, -149]
[433, 180, -233]
[407, 179, -234]
[496, 262, -69]
[336, 251, -66]
[541, 380, -135]
[292, 378, -163]
[552, 365, -341]
[326, 354, -402]
[549, 360, -378]
[340, 353, -440]
[542, 344, -380]
[339, 334, -440]
[530, 347, -346]
[339, 335, -407]
[468, 509, -7]
[358, 510, 8]
[471, 691, 7]
[352, 692, 48]
[470, 852, 164]
[350, 855, 183]
[472, 875, 172]
[348, 878, 191]
[456, 910, 43]
[358, 911, 54]
[422, 160, -275]
[432, 143, -261]
[438, 144, -261]
[443, 146, -261]
[415, 141, -259]
[408, 141, -259]
[401, 141, -259]
[451, 156, -143]
[389, 151, -142]
[433, 180, -232]
[408, 179, -231]
[497, 262, -73]
[336, 251, -44]
[541, 386, -161]
[292, 378, -98]
[550, 361, -384]
[294, 380, -320]
[541, 345, -425]
[295, 398, -352]
[535, 314, -428]
[301, 376, -366]
[527, 329, -390]
[313, 364, -331]
[468, 509, -7]
[358, 509, 8]
[471, 692, 4]
[352, 692, 32]
[470, 853, 171]
[350, 855, 163]
[472, 876, 180]
[348, 879, 170]
[452, 911, 53]
[358, 912, 32]
[422, 160, -280]
[432, 143, -266]
[438, 144, -266]
[443, 146, -266]
[415, 141, -265]
[408, 141, -265]
[401, 141, -265]
[451, 156, -155]
[389, 151, -151]
[433, 180, -238]
[408, 179, -237]
[497, 263, -93]
[336, 251, -50]
[540, 386, -152]
[293, 378, -53]
[550, 396, -373]
[274, 423, -225]
[544, 404, -418]
[268, 466, -257]
[541, 383, -433]
[272, 452, -284]
[523, 391, -383]
[282, 441, -240]
[468, 509, -8]
[358, 509, 9]
[471, 693, 7]
[353, 693, 40]
[468, 854, 205]
[350, 858, 177]
[470, 876, 218]
[348, 882, 187]
[449, 912, 90]
[360, 914, 48]
[422, 160, -296]
[432, 143, -283]
[438, 144, -283]
[443, 146, -283]
[415, 141, -284]
[408, 141, -284]
[401, 141, -284]
[451, 156, -180]
[389, 151, -182]
[433, 180, -256]
[408, 179, -256]
[498, 264, -115]
[336, 251, -96]
[538, 385, -111]
[296, 379, -65]
[543, 453, -243]
[270, 469, -171]
[543, 476, -277]
[258, 502, -199]
[546, 477, -305]
[266, 495, -232]
[535, 466, -257]
[276, 489, -187]
[468, 509, -8]
[358, 509, 9]
[468, 693, 7]
[354, 694, 44]
[466, 854, 198]
[351, 861, 180]
[467, 876, 210]
[350, 885, 189]
[448, 912, 88]
[360, 916, 48]
[423, 160, -289]
[432, 143, -276]
[438, 145, -276]
[443, 146, -276]
[415, 141, -277]
[408, 141, -277]
[401, 141, -277]
[451, 156, -171]
[389, 151, -176]
[433, 180, -248]
[408, 179, -249]
[499, 264, -106]
[336, 252, -86]
[536, 385, -115]
[297, 378, -52]
[545, 430, -276]
[274, 455, -166]
[540, 458, -310]
[265, 497, -193]
[549, 436, -312]
[269, 487, -222]
[542, 430, -283]
[278, 477, -181]
[468, 509, -8]
[357, 507, 9]
[467, 693, 4]
[354, 692, -5]
[466, 853, 183]
[353, 861, 120]
[467, 875, 194]
[353, 885, 127]
[449, 911, 71]
[362, 915, -10]
[423, 160, -288]
[433, 143, -274]
[438, 145, -274]
[444, 146, -274]
[415, 141, -276]
[408, 141, -276]
[401, 141, -276]
[451, 156, -168]
[389, 151, -176]
[433, 180, -247]
[408, 179, -249]
[499, 264, -102]
[335, 253, -91]
[533, 386, -98]
[298, 381, -70]
[548, 447, -246]
[277, 468, -197]
[541, 473, -279]
[270, 502, -226]
[544, 466, -303]
[275, 494, -256]
[537, 452, -259]
[284, 482, -212]
[468, 510, -6]
[357, 508, 7]
[468, 694, -1]
[354, 693, -22]
[467, 853, 176]
[354, 863, 107]
[469, 875, 186]
[354, 887, 114]
[454, 911, 64]
[362, 918, -23]
[423, 160, -276]
[433, 143, -263]
[438, 145, -263]
[444, 146, -263]
[415, 141, -266]
[408, 141, -266]
[401, 141, -266]
[451, 156, -165]
[389, 151, -168]
[433, 180, -239]
[408, 179, -243]
[499, 264, -97]
[335, 253, -91]
[531, 385, -70]
[298, 383, -68]
[541, 466, -194]
[279, 477, -177]
[542, 492, -225]
[265, 508, -205]
[543, 484, -255]
[276, 507, -237]
[535, 476, -209]
[285, 492, -193]
[468, 511, -4]
[357, 508, 5]
[465, 694, 0]
[355, 693, -5]
[465, 853, 172]
[355, 863, 111]
[465, 875, 182]
[356, 887, 116]
[453, 910, 61]
[363, 918, -12]
[423, 160, -234]
[433, 143, -220]
[438, 145, -220]
[444, 146, -220]
[415, 141, -223]
[408, 141, -223]
[401, 141, -223]
[452, 156, -123]
[389, 151, -138]
[433, 180, -198]
[408, 178, -203]
[499, 264, -71]
[335, 253, -87]
[528, 382, -46]
[300, 383, -59]
[540, 469, -167]
[281, 482, -166]
[546, 497, -198]
[267, 511, -194]
[543, 495, -229]
[277, 507, -227]
[535, 485, -182]
[287, 499, -182]
[468, 512, 0]
[357, 508, 1]
[463, 691, 0]
[356, 690, -5]
[462, 849, 161]
[357, 857, 98]
[463, 870, 170]
[357, 880, 102]
[453, 903, 59]
[365, 911, -20]
[423, 160, -239]
[433, 143, -224]
[438, 144, -224]
[444, 146, -224]
[415, 141, -227]
[408, 141, -227]
[401, 141, -227]
[452, 156, -124]
[389, 151, -136]
[433, 180, -201]
[408, 178, -204]
[499, 263, -68]
[335, 252, -83]
[527, 381, -42]
[301, 381, -50]
[538, 480, -162]
[282, 478, -155]
[547, 504, -195]
[268, 507, -184]
[543, 502, -226]
[279, 506, -218]
[535, 494, -178]
[288, 496, -171]
[468, 511, -1]
[357, 507, 2]
[459, 687, 9]
[356, 685, 0]
[457, 844, 180]
[357, 850, 105]
[457, 865, 191]
[357, 874, 108]
[447, 898, 82]
[365, 902, 6]
[423, 159, -245]
[433, 143, -230]
[438, 144, -230]
[444, 146, -230]
[415, 141, -232]
[408, 141, -232]
[401, 141, -233]
[452, 156, -128]
[389, 151, -139]
[433, 180, -206]
[408, 178, -209]
[499, 263, -70]
[335, 252, -81]
[525, 381, -43]
[302, 380, -50]
[537, 482, -164]
[282, 479, -156]
[548, 505, -196]
[268, 506, -186]
[543, 502, -227]
[279, 506, -220]
[535, 495, -179]
[288, 499, -173]
[467, 510, -2]
[356, 506, 2]
[457, 686, 8]
[356, 684, 7]
[454, 843, 181]
[357, 850, 128]
[455, 865, 193]
[357, 873, 134]
[446, 897, 82]
[365, 902, 14]
[423, 159, -248]
[433, 143, -233]
[438, 144, -233]
[444, 146, -233]
[415, 141, -235]
[408, 141, -235]
[401, 141, -235]
[452, 156, -130]
[389, 151, -140]
[433, 180, -208]
[408, 178, -211]
[499, 263, -71]
[335, 252, -79]
[524, 381, -40]
[302, 380, -47]
[537, 484, -166]
[281, 480, -159]
[548, 503, -199]
[265, 509, -189]
[544, 503, -230]
[277, 509, -223]
[536, 497, -182]
[286, 500, -175]
[467, 510, -2]
[356, 506, 2]
[456, 687, 6]
[356, 685, 10]
[453, 844, 198]
[357, 850, 148]
[454, 865, 211]
[357, 873, 158]
[442, 898, 103]
[364, 902, 34]
[423, 159, -210]
[433, 143, -197]
[438, 144, -197]
[444, 145, -197]
[415, 141, -199]
[408, 141, -199]
[401, 141, -199]
[452, 156, -106]
[388, 150, -113]
[433, 179, -176]
[408, 178, -178]
[499, 262, -60]
[334, 252, -62]
[523, 381, -32]
[303, 380, -38]
[538, 488, -133]
[282, 485, -129]
[550, 509, -161]
[266, 515, -154]
[546, 509, -188]
[278, 515, -186]
[538, 502, -147]
[287, 506, -144]
[467, 510, -4]
[357, 506, 5]
[457, 687, 3]
[356, 686, 15]
[454, 844, 189]
[357, 850, 148]
[454, 865, 201]
[357, 874, 157]
[442, 898, 97]
[364, 903, 40]
[423, 159, -201]
[433, 143, -187]
[438, 144, -187]
[444, 145, -188]
[415, 140, -190]
[408, 140, -190]
[401, 140, -190]
[451, 155, -99]
[388, 150, -109]
[433, 179, -167]
[408, 178, -170]
[499, 262, -54]
[334, 252, -64]
[522, 382, -24]
[303, 381, -47]
[540, 491, -119]
[282, 491, -135]
[553, 510, -143]
[267, 521, -160]
[550, 512, -171]
[278, 522, -190]
[542, 506, -132]
[287, 513, -149]
[468, 511, -3]
[359, 507, 3]
[458, 687, 8]
[359, 687, 16]
[456, 844, 190]
[362, 850, 144]
[457, 865, 204]
[362, 874, 153]
[446, 899, 109]
[370, 903, 40]
[423, 158, -192]
[433, 142, -180]
[438, 143, -180]
[444, 145, -180]
[415, 140, -182]
[407, 140, -182]
[401, 140, -182]
[451, 155, -93]
[388, 150, -102]
[433, 179, -160]
[408, 177, -162]
[499, 262, -48]
[334, 252, -65]
[522, 384, -21]
[303, 383, -49]
[539, 498, -111]
[283, 497, -131]
[553, 519, -135]
[267, 530, -155]
[549, 522, -161]
[280, 531, -184]
[542, 514, -124]
[289, 520, -145]
[468, 514, -2]
[359, 511, 2]
[458, 691, 14]
[359, 691, 17]
[455, 847, 187]
[362, 853, 139]
[457, 868, 200]
[361, 876, 147]
[444, 903, 103]
[370, 906, 39]
[423, 157, -200]
[433, 142, -187]
[438, 143, -187]
[444, 144, -187]
[414, 140, -190]
[407, 139, -190]
[401, 139, -190]
[451, 154, -98]
[388, 149, -107]
[433, 178, -166]
[408, 177, -169]
[500, 262, -49]
[334, 252, -66]
[522, 384, -21]
[304, 383, -51]
[539, 497, -115]
[283, 498, -135]
[553, 519, -139]
[268, 532, -159]
[548, 521, -165]
[282, 532, -188]
[542, 513, -128]
[290, 520, -148]
[468, 516, -1]
[359, 512, 2]
[459, 692, 20]
[362, 693, 20]
[458, 848, 195]
[365, 854, 140]
[459, 869, 208]
[365, 877, 149]
[446, 904, 111]
[372, 908, 41]
[423, 156, -177]
[433, 142, -165]
[438, 142, -165]
[444, 144, -166]
[414, 139, -168]
[407, 139, -168]
[400, 139, -168]
[451, 154, -86]
[388, 149, -94]
[433, 178, -147]
[408, 177, -149]
[500, 262, -48]
[334, 252, -64]
[521, 385, -23]
[304, 383, -51]
[538, 499, -97]
[284, 501, -126]
[552, 520, -116]
[268, 534, -147]
[545, 523, -139]
[284, 534, -174]
[540, 514, -108]
[291, 522, -138]
[470, 516, -1]
[359, 513, 2]
[463, 692, 26]
[363, 694, 32]
[461, 850, 191]
[366, 855, 140]
[464, 872, 204]
[366, 879, 149]
[448, 907, 107]
[375, 909, 48]
