[466, 134, -261]
[473, 120, -251]
[477, 119, -251]
[481, 118, -251]
[463, 120, -251]
[461, 119, -251]
[456, 119, -251]
[493, 120, -163]
[452, 122, -162]
[474, 146, -225]
[463, 146, -225]
[536, 187, -99]
[412, 189, -88]
[550, 286, -67]
[400, 292, -73]
[559, 375, -161]
[391, 383, -164]
[565, 400, -195]
[384, 405, -187]
[560, 403, -203]
[392, 405, -216]
[556, 394, -166]
[395, 398, -177]
[509, 363, -14]
[441, 369, 14]
[492, 488, -133]
[451, 491, -3]
[494, 614, -41]
[437, 614, 102]
[494, 634, -37]
[437, 635, 108]
[478, 647, -140]
[424, 644, 5]
[466, 125, -286]
[473, 111, -276]
[477, 111, -276]
[481, 110, -276]
[462, 111, -275]
[458, 111, -275]
[453, 110, -275]
[491, 111, -191]
[447, 112, -186]
[474, 137, -252]
[462, 137, -251]
[541, 182, -129]
[403, 186, -118]
[554, 284, -109]
[395, 288, -99]
[565, 371, -193]
[381, 379, -187]
[577, 394, -225]
[371, 400, -214]
[567, 396, -244]
[381, 399, -241]
[560, 389, -203]
[386, 392, -199]
[508, 355, -16]
[437, 357, 16]
[488, 465, 49]
[437, 465, 77]
[486, 563, 258]
[436, 565, 298]
[488, 576, 276]
[440, 577, 316]
[476, 597, 200]
[425, 602, 227]
[467, 120, -272]
[473, 106, -262]
[478, 105, -262]
[483, 104, -262]
[462, 106, -261]
[457, 106, -261]
[452, 106, -261]
[491, 106, -180]
[445, 109, -174]
[475, 133, -239]
[462, 134, -237]
[541, 179, -117]
[405, 185, -104]
[556, 277, -89]
[396, 280, -85]
[567, 368, -182]
[380, 375, -176]
[577, 392, -211]
[370, 397, -199]
[568, 394, -219]
[378, 397, -228]
[562, 387, -184]
[384, 390, -189]
[510, 355, -14]
[439, 354, 14]
[492, 480, -56]
[438, 470, -50]
[490, 587, 110]
[443, 585, 99]
[494, 602, 122]
[446, 602, 110]
[487, 622, 18]
[436, 618, 9]
[467, 119, -277]
[473, 105, -267]
[478, 104, -267]
[482, 103, -267]
[460, 106, -265]
[455, 106, -265]
[450, 106, -265]
[490, 105, -185]
[444, 110, -177]
[475, 131, -245]
[461, 132, -242]
[541, 182, -124]
[408, 186, -103]
[556, 279, -96]
[395, 280, -78]
[565, 370, -176]
[381, 373, -166]
[575, 391, -203]
[369, 395, -188]
[568, 394, -216]
[377, 396, -218]
[562, 388, -180]
[383, 389, -179]
[512, 354, -18]
[440, 354, 18]
[492, 483, -57]
[442, 478, -17]
[491, 589, 108]
[443, 592, 123]
[497, 603, 119]
[445, 610, 134]
[488, 626, 26]
[437, 625, 33]
[467, 115, -258]
[473, 102, -248]
[478, 102, -248]
[482, 102, -248]
[459, 103, -246]
[455, 103, -246]
[450, 103, -246]
[490, 105, -177]
[444, 108, -161]
[475, 128, -228]
[460, 129, -225]
[541, 182, -113]
[407, 187, -95]
[557, 279, -81]
[396, 280, -70]
[566, 370, -161]
[382, 374, -155]
[576, 390, -190]
[371, 396, -178]
[566, 393, -213]
[380, 396, -206]
[560, 387, -171]
[385, 389, -168]
[514, 351, -17]
[440, 353, 18]
[498, 484, -15]
[443, 480, 59]
[497, 586, 185]
[443, 588, 257]
[498, 601, 200]
[445, 606, 273]
[493, 624, 115]
[439, 624, 178]
[467, 114, -235]
[473, 101, -226]
[478, 101, -226]
[482, 101, -226]
[459, 101, -223]
[454, 101, -223]
[450, 101, -223]
[489, 104, -151]
[444, 107, -142]
[475, 127, -208]
[459, 128, -204]
[540, 182, -97]
[407, 187, -80]
[556, 278, -67]
[397, 281, -55]
[567, 368, -141]
[382, 373, -135]
[578, 390, -168]
[372, 395, -156]
[569, 393, -186]
[380, 395, -183]
[564, 386, -150]
[385, 388, -148]
[516, 353, -16]
[440, 354, 16]
[501, 482, -14]
[444, 477, 69]
[502, 577, 183]
[445, 574, 263]
[502, 592, 199]
[447, 591, 281]
[497, 614, 121]
[446, 609, 197]
[466, 111, -236]
[473, 99, -226]
[478, 98, -226]
[482, 98, -226]
[458, 99, -224]
[453, 99, -224]
[449, 99, -224]
[489, 103, -152]
[444, 105, -142]
[475, 125, -208]
[458, 126, -205]
[541, 182, -101]
[409, 187, -81]
[555, 277, -69]
[397, 281, -54]
[566, 366, -138]
[383, 373, -133]
[576, 388, -163]
[372, 394, -153]
[568, 391, -180]
[381, 394, -181]
[562, 384, -147]
[386, 387, -145]
[516, 353, -17]
[439, 354, 17]
[502, 475, -15]
[443, 479, 67]
[503, 584, 168]
[444, 583, 246]
[502, 599, 182]
[445, 601, 262]
[496, 621, 100]
[445, 618, 172]
[466, 109, -246]
[473, 97, -234]
[477, 96, -234]
[482, 96, -234]
[458, 97, -233]
[453, 97, -233]
[449, 97, -233]
[489, 102, -153]
[444, 103, -149]
[475, 123, -217]
[458, 123, -214]
[541, 182, -108]
[409, 188, -89]
[555, 278, -79]
[397, 282, -62]
[566, 365, -145]
[382, 372, -140]
[576, 386, -171]
[371, 393, -161]
[568, 390, -182]
[379, 393, -188]
[562, 383, -151]
[385, 386, -153]
[516, 353, -17]
[439, 354, 17]
[503, 471, -7]
[443, 482, 66]
[502, 587, 171]
[443, 589, 236]
[502, 603, 185]
[444, 607, 251]
[494, 624, 100]
[445, 624, 160]
[466, 108, -237]
[473, 95, -227]
[477, 95, -227]
[482, 95, -227]
[457, 95, -224]
[453, 96, -224]
[449, 96, -224]
[489, 101, -149]
[444, 102, -141]
[475, 122, -209]
[457, 122, -205]
[541, 182, -99]
[409, 188, -84]
[555, 278, -68]
[397, 281, -57]
[567, 364, -142]
[381, 371, -136]
[577, 385, -167]
[369, 391, -157]
[569, 388, -183]
[377, 391, -184]
[563, 382, -150]
[383, 384, -149]
[516, 356, -14]
[439, 356, 15]
[504, 475, -6]
[440, 484, 66]
[502, 591, 181]
[440, 592, 243]
[502, 607, 196]
[441, 610, 258]
[493, 628, 111]
[444, 628, 164]
[466, 108, -239]
[473, 95, -228]
[477, 95, -228]
[482, 95, -228]
[457, 95, -226]
[453, 95, -226]
[449, 96, -226]
[489, 101, -151]
[444, 102, -143]
[475, 121, -210]
[457, 122, -208]
[542, 183, -102]
[409, 188, -85]
[556, 277, -73]
[397, 280, -56]
[568, 362, -143]
[381, 368, -134]
[578, 382, -168]
[370, 388, -155]
[570, 385, -184]
[377, 388, -182]
[565, 379, -151]
[383, 382, -147]
[516, 356, -14]
[437, 354, 15]
[505, 470, 1]
[440, 480, 68]
[502, 586, 195]
[440, 585, 250]
[502, 602, 209]
[441, 602, 265]
[493, 622, 126]
[444, 621, 173]
[466, 108, -239]
[473, 95, -228]
[477, 95, -228]
[482, 95, -228]
[457, 95, -226]
[452, 95, -226]
[449, 96, -226]
[489, 100, -152]
[444, 102, -144]
[475, 121, -210]
[457, 122, -208]
[542, 183, -103]
[409, 188, -86]
[556, 277, -71]
[397, 280, -55]
[569, 362, -138]
[381, 368, -130]
[578, 382, -161]
[370, 388, -151]
[571, 384, -177]
[377, 388, -177]
[566, 378, -146]
[383, 382, -143]
[516, 357, -15]
[437, 355, 15]
[505, 473, 2]
[439, 481, 68]
[502, 586, 199]
[440, 586, 246]
[502, 602, 214]
[441, 603, 262]
[492, 622, 133]
[444, 621, 171]
[466, 108, -241]
[473, 95, -229]
[478, 95, -229]
[483, 95, -229]
[457, 95, -228]
[453, 95, -228]
[449, 96, -228]
[489, 100, -152]
[445, 102, -144]
[475, 121, -212]
[457, 122, -210]
[542, 183, -105]
[410, 188, -87]
[557, 276, -76]
[397, 279, -57]
[570, 359, -141]
[380, 365, -133]
[578, 380, -166]
[368, 385, -154]
[572, 381, -178]
[375, 385, -180]
[566, 375, -147]
[382, 379, -145]
[516, 356, -14]
[437, 353, 15]
[506, 467, 0]
[439, 465, 50]
[502, 577, 195]
[441, 578, 230]
[501, 591, 210]
[441, 594, 246]
[492, 613, 130]
[447, 612, 150]
[467, 108, -238]
[474, 95, -227]
[479, 95, -227]
[483, 95, -227]
[458, 95, -225]
[453, 95, -225]
[449, 96, -226]
[490, 100, -146]
[445, 102, -142]
[476, 121, -212]
[458, 122, -206]
[542, 184, -101]
[411, 188, -82]
[558, 275, -77]
[397, 277, -53]
[570, 356, -146]
[381, 361, -131]
[577, 377, -173]
[369, 380, -152]
[570, 378, -188]
[377, 379, -178]
[565, 372, -154]
[383, 374, -143]
[516, 354, -15]
[438, 351, 15]
[508, 458, 1]
[440, 467, 52]
[501, 570, 197]
[443, 569, 236]
[502, 583, 213]
[445, 584, 252]
[492, 603, 134]
[449, 602, 161]
[467, 108, -233]
[474, 95, -220]
[480, 95, -220]
[484, 95, -220]
[459, 95, -219]
[454, 96, -219]
[450, 96, -219]
[490, 101, -142]
[446, 103, -135]
[477, 121, -205]
[459, 123, -202]
[542, 184, -97]
[411, 187, -82]
[558, 273, -74]
[397, 274, -47]
[568, 349, -148]
[381, 355, -123]
[575, 369, -174]
[369, 373, -144]
[568, 369, -190]
[376, 373, -169]
[563, 363, -157]
[382, 368, -135]
[516, 352, -14]
[438, 349, 15]
[508, 461, -1]
[441, 461, 46]
[502, 575, 188]
[444, 574, 215]
[502, 589, 203]
[445, 590, 229]
[494, 609, 126]
[450, 607, 136]
[468, 108, -229]
[475, 95, -216]
[481, 95, -216]
[485, 95, -216]
[460, 96, -215]
[455, 96, -215]
[450, 96, -215]
[491, 101, -140]
[446, 103, -131]
[478, 122, -201]
[460, 123, -199]
[542, 184, -98]
[412, 187, -74]
[559, 270, -77]
[397, 272, -30]
[568, 341, -159]
[378, 347, -101]
[575, 359, -185]
[365, 361, -120]
[568, 358, -201]
[370, 359, -145]
[563, 352, -168]
[376, 356, -113]
[516, 353, -13]
[438, 348, 13]
[508, 458, 3]
[441, 466, 34]
[500, 578, 186]
[442, 575, 194]
[501, 593, 200]
[442, 592, 207]
[493, 611, 120]
[450, 608, 111]
[468, 108, -222]
[476, 95, -209]
[481, 95, -209]
[485, 95, -209]
[460, 96, -207]
[455, 96, -207]
[451, 96, -207]
[492, 101, -133]
[446, 103, -122]
[478, 122, -194]
[460, 123, -191]
[542, 184, -94]
[412, 187, -64]
[559, 270, -87]
[397, 271, -22]
[567, 340, -190]
[377, 346, -98]
[574, 357, -219]
[363, 359, -119]
[568, 355, -235]
[367, 357, -144]
[562, 350, -199]
[374, 355, -111]
[515, 353, -13]
[438, 349, 13]
[508, 457, 3]
[441, 468, 35]
[500, 579, 185]
[441, 576, 200]
[500, 594, 199]
[441, 593, 213]
[493, 612, 117]
[449, 609, 117]
[469, 108, -206]
[476, 95, -193]
[482, 95, -193]
[486, 95, -193]
[461, 96, -192]
[456, 96, -192]
[451, 97, -192]
[493, 101, -116]
[447, 103, -110]
[479, 122, -178]
[461, 123, -176]
[542, 184, -73]
[412, 187, -57]
[559, 266, -69]
[397, 270, -25]
[568, 334, -177]
[376, 338, -103]
[574, 351, -205]
[363, 351, -125]
[568, 349, -224]
[367, 348, -149]
[563, 343, -187]
[373, 345, -115]
[515, 354, -5]
[438, 350, 5]
[508, 460, 3]
[444, 458, 2]
[499, 565, 189]
[444, 573, 155]
[497, 575, 203]
[444, 586, 167]
[495, 602, 126]
[453, 610, 71]
[470, 108, -189]
[477, 96, -174]
[482, 95, -174]
[486, 95, -174]
[462, 96, -173]
[457, 96, -173]
[452, 97, -173]
[493, 101, -92]
[447, 103, -85]
[479, 122, -159]
[462, 123, -157]
[542, 184, -55]
[412, 187, -34]
[560, 267, -75]
[395, 271, -48]
[568, 324, -225]
[376, 327, -197]
[574, 343, -260]
[362, 337, -226]
[567, 339, -276]
[368, 332, -245]
[563, 332, -235]
[373, 330, -208]
[514, 357, -5]
[438, 354, 5]
[509, 460, -78]
[443, 458, -37]
[499, 569, 122]
[437, 580, 113]
[497, 581, 138]
[436, 591, 124]
[495, 606, 59]
[446, 619, 24]
[470, 110, -177]
[477, 97, -162]
[483, 97, -163]
[486, 97, -163]
[462, 97, -161]
[457, 98, -161]
[452, 98, -161]
[493, 102, -79]
[447, 104, -73]
[479, 123, -146]
[462, 124, -145]
[542, 184, -41]
[412, 187, -21]
[561, 268, -77]
[393, 273, -55]
[569, 307, -236]
[373, 308, -228]
[574, 323, -272]
[360, 313, -260]
[569, 313, -286]
[363, 308, -277]
[564, 306, -245]
[371, 305, -239]
[514, 358, -5]
[438, 357, 5]
[510, 461, -92]
[443, 461, -42]
[499, 567, 98]
[437, 580, 104]
[497, 578, 114]
[436, 592, 115]
[495, 606, 37]
[444, 619, 17]
[470, 111, -185]
[477, 99, -172]
[483, 99, -172]
[486, 99, -172]
[462, 99, -171]
[457, 99, -171]
[452, 99, -171]
[493, 103, -89]
[448, 104, -83]
[479, 124, -154]
[462, 125, -153]
[542, 183, -39]
[412, 186, -25]
[563, 269, -84]
[392, 273, -70]
[569, 286, -264]
[374, 287, -263]
[574, 295, -299]
[362, 289, -294]
[569, 285, -309]
[365, 280, -308]
[564, 281, -272]
[372, 265, -272]
[514, 359, -5]
[438, 358, 5]
[510, 465, -69]
[442, 464, -8]
[502, 584, 129]
[437, 594, 141]
[501, 597, 141]
[437, 608, 151]
[497, 622, 63]
[444, 632, 57]
[470, 112, -188]
[477, 100, -175]
[483, 100, -175]
[486, 100, -175]
[462, 100, -174]
[457, 100, -174]
[452, 100, -174]
[493, 104, -91]
[448, 105, -86]
[479, 125, -157]
[462, 125, -155]
[542, 183, -39]
[412, 186, -26]
[563, 269, -88]
[392, 273, -73]
[569, 284, -266]
[375, 284, -267]
[573, 292, -301]
[364, 286, -298]
[569, 282, -310]
[367, 278, -311]
[564, 277, -274]
[373, 262, -275]
[513, 359, -5]
[438, 359, 5]
[510, 468, -54]
[442, 466, 0]
[504, 590, 130]
[437, 598, 144]
[504, 604, 142]
[437, 613, 154]
[497, 627, 64]
[444, 636, 61]
[470, 115, -202]
[477, 102, -191]
[483, 102, -191]
[486, 102, -191]
[462, 102, -190]
[457, 102, -190]
[452, 102, -190]
[493, 106, -101]
[448, 107, -98]
[479, 127, -169]
[462, 127, -168]
[541, 182, -51]
[412, 185, -34]
[565, 270, -98]
[392, 273, -82]
[570, 273, -280]
[384, 273, -271]
[573, 275, -316]
[373, 277, -302]
[572, 264, -324]
[377, 268, -313]
[567, 262, -288]
[378, 257, -279]
[512, 358, -5]
[437, 359, 5]
[510, 468, -53]
[440, 468, -8]
[504, 595, 99]
[434, 598, 119]
[505, 610, 109]
[434, 614, 128]
[497, 631, 28]
[444, 635, 33]
[469, 120, -213]
[477, 107, -203]
[482, 107, -203]
[486, 107, -203]
[462, 107, -200]
[457, 107, -200]
[452, 107, -200]
[493, 110, -116]
[448, 111, -103]
[478, 131, -179]
[461, 132, -176]
[541, 182, -55]
[413, 183, -35]
[565, 270, -127]
[392, 272, -87]
[570, 256, -328]
[381, 256, -281]
[574, 259, -364]
[373, 255, -311]
[573, 242, -369]
[374, 242, -319]
[569, 242, -334]
[376, 241, -288]
[512, 358, -5]
[437, 358, 6]
[510, 469, -88]
[439, 468, -27]
[505, 595, 56]
[433, 599, 96]
[506, 611, 66]
[432, 616, 104]
[497, 632, -20]
[442, 637, 4]
[469, 125, -187]
[477, 111, -179]
[482, 111, -179]
[486, 111, -179]
[462, 111, -176]
[457, 111, -176]
[452, 110, -176]
[493, 114, -101]
[448, 113, -86]
[478, 135, -157]
[460, 136, -153]
[540, 181, -42]
[413, 182, -17]
[564, 270, -112]
[393, 273, -76]
[571, 249, -296]
[381, 238, -262]
[576, 246, -328]
[372, 230, -290]
[575, 232, -333]
[372, 215, -296]
[571, 233, -301]
[376, 220, -268]
[511, 357, -5]
[436, 357, 5]
[511, 472, -43]
[439, 470, -16]
[505, 599, 99]
[434, 602, 123]
[506, 616, 111]
[433, 619, 133]
[496, 638, 24]
[444, 640, 38]
[467, 128, -165]
[476, 114, -156]
[482, 113, -156]
[486, 112, -156]
[462, 114, -154]
[457, 113, -154]
[452, 113, -154]
[493, 115, -79]
[448, 115, -67]
[477, 138, -136]
[459, 138, -133]
[538, 179, -21]
[413, 182, -11]
[564, 271, -107]
[392, 274, -84]
[573, 229, -291]
[383, 227, -278]
[580, 223, -323]
[383, 217, -307]
[579, 213, -323]
[381, 203, -306]
[574, 215, -295]
[383, 208, -282]
[511, 357, -2]
[436, 357, 2]
[511, 474, -27]
[438, 472, -9]
[504, 605, 107]
[434, 604, 121]
[506, 622, 117]
[433, 621, 131]
[494, 644, 38]
[447, 641, 41]
[466, 129, -157]
[476, 114, -147]
[481, 114, -147]
[486, 113, -147]
[461, 115, -145]
[456, 114, -145]
[452, 113, -145]
[492, 116, -71]
[448, 115, -60]
[476, 139, -128]
[458, 139, -125]
[536, 178, -16]
[413, 182, -5]
[563, 272, -102]
[392, 275, -79]
[574, 227, -285]
[384, 225, -268]
[581, 221, -316]
[386, 215, -296]
[580, 211, -317]
[384, 201, -296]
[574, 214, -289]
[385, 206, -272]
[510, 357, -1]
[436, 356, 1]
[511, 475, -24]
[437, 474, -8]
[504, 606, 107]
[434, 604, 117]
[506, 623, 117]
[433, 621, 126]
[493, 645, 41]
[448, 641, 40]
[465, 128, -164]
[474, 115, -155]
[480, 114, -155]
[484, 113, -155]
[460, 114, -151]
[456, 114, -151]
[452, 113, -151]
[492, 116, -80]
[448, 115, -63]
[474, 139, -137]
[457, 139, -132]
[536, 179, -28]
[413, 182, -10]
[566, 272, -125]
[391, 275, -91]
[577, 216, -315]
[382, 217, -281]
[583, 208, -346]
[382, 201, -309]
[580, 197, -342]
[380, 190, -306]
[575, 201, -318]
[382, 196, -284]
[510, 357, -1]
[436, 356, 2]
[511, 476, -27]
[436, 474, -10]
[504, 607, 102]
[434, 607, 116]
[506, 624, 111]
[433, 625, 126]
[491, 647, 35]
[449, 645, 39]
[463, 128, -165]
[473, 114, -154]
[478, 113, -154]
[484, 113, -154]
[459, 114, -151]
[455, 113, -151]
[451, 113, -151]
[491, 116, -77]
[448, 115, -61]
[473, 138, -137]
[455, 139, -132]
[536, 181, -27]
[413, 182, -14]
[569, 273, -130]
[390, 275, -106]
[577, 209, -319]
[378, 211, -297]
[583, 199, -349]
[371, 193, -325]
[579, 190, -342]
[372, 184, -321]
[575, 194, -320]
[376, 190, -299]
[510, 357, -1]
[436, 356, 1]
[511, 477, -24]
[436, 475, 0]
[504, 611, 105]
[434, 611, 119]
[506, 628, 114]
[433, 630, 131]
[490, 651, 35]
[449, 649, 43]
[463, 127, -157]
[473, 114, -145]
[478, 113, -145]
[484, 113, -145]
[459, 113, -143]
[455, 113, -143]
[451, 112, -144]
[491, 116, -67]
[448, 115, -58]
[473, 138, -128]
[455, 138, -126]
[535, 182, -18]
[413, 182, -17]
[570, 273, -120]
[389, 273, -122]
[579, 203, -299]
[375, 195, -303]
[586, 193, -337]
[366, 177, -332]
[581, 185, -317]
[367, 167, -327]
[577, 190, -309]
[373, 174, -305]
[510, 358, 1]
[436, 357, 0]
[511, 478, -5]
[436, 476, 20]
[503, 612, 117]
[434, 613, 141]
[506, 630, 124]
[432, 632, 151]
[489, 652, 44]
[448, 651, 59]
[464, 127, -160]
[473, 113, -148]
[478, 113, -148]
[484, 112, -148]
[459, 113, -146]
[455, 113, -146]
[451, 112, -146]
[491, 116, -69]
[448, 115, -60]
[473, 138, -131]
[456, 138, -129]
[536, 183, -19]
[414, 182, -19]
[576, 272, -116]
[388, 270, -130]
[579, 202, -290]
[373, 188, -317]
[587, 190, -319]
[363, 171, -347]
[582, 180, -301]
[366, 161, -342]
[578, 187, -290]
[371, 167, -319]
[510, 360, 1]
[435, 358, 0]
[511, 479, -12]
[436, 476, 13]
[502, 611, 117]
[434, 613, 139]
[505, 629, 124]
[431, 633, 148]
[487, 652, 43]
[448, 652, 51]
[464, 127, -165]
[473, 113, -153]
[478, 113, -153]
[484, 112, -153]
[459, 113, -151]
[455, 112, -151]
[451, 112, -151]
[491, 116, -74]
[448, 115, -65]
[473, 138, -136]
[456, 138, -134]
[536, 184, -23]
[414, 183, -27]
[578, 271, -120]
[387, 269, -139]
[579, 201, -288]
[373, 187, -328]
[587, 189, -317]
[363, 170, -359]
[582, 179, -304]
[365, 160, -354]
[578, 186, -289]
[370, 166, -330]
[510, 361, 1]
[435, 358, 0]
[510, 479, -17]
[436, 476, 11]
[501, 611, 110]
[433, 614, 139]
[503, 629, 119]
[430, 634, 149]
[485, 652, 36]
[448, 652, 51]
[464, 124, -160]
[473, 111, -146]
[478, 111, -146]
[484, 110, -146]
[459, 111, -144]
[455, 111, -144]
[451, 111, -144]
[492, 115, -67]
[448, 115, -55]
[473, 135, -132]
[456, 136, -129]
[536, 184, -21]
[415, 183, -25]
[581, 271, -120]
[387, 267, -131]
[581, 203, -288]
[373, 180, -315]
[590, 189, -316]
[363, 163, -346]
[584, 178, -305]
[365, 154, -339]
[580, 186, -288]
[370, 160, -317]
[510, 363, 0]
[435, 359, 0]
[510, 480, -29]
[436, 476, 9]
[498, 611, 104]
[432, 613, 141]
[501, 628, 114]
[428, 633, 152]
[482, 652, 35]
[447, 651, 60]
[465, 119, -162]
[474, 107, -149]
[479, 107, -149]
[484, 106, -148]
[459, 107, -146]
[455, 107, -146]
[451, 107, -147]
[492, 112, -68]
[448, 112, -58]
[475, 132, -134]
[457, 133, -131]
[536, 184, -24]
[416, 182, -26]
[584, 269, -129]
[385, 266, -132]
[581, 191, -291]
[374, 179, -311]
[588, 174, -319]
[364, 159, -341]
[582, 163, -305]
[367, 151, -334]
[579, 172, -290]
[372, 158, -313]
[511, 363, 0]
[435, 359, 0]
[510, 481, -26]
[436, 476, 20]
[498, 611, 109]
[431, 613, 153]
[501, 628, 119]
[427, 632, 164]
[482, 652, 37]
[446, 650, 70]
[466, 115, -158]
[475, 102, -145]
[480, 102, -145]
[485, 102, -145]
[460, 103, -142]
[455, 103, -142]
[452, 103, -142]
[493, 108, -67]
[449, 109, -53]
[476, 128, -131]
[458, 129, -127]
[537, 184, -25]
[417, 181, -22]
[585, 269, -134]
[385, 265, -125]
[581, 184, -291]
[376, 179, -303]
[588, 166, -320]
[368, 159, -332]
[582, 157, -306]
[370, 150, -329]
[579, 166, -290]
[375, 157, -306]
[511, 364, 0]
[435, 359, 1]
[509, 482, -18]
[436, 476, 33]
[498, 611, 120]
[430, 612, 170]
[500, 628, 131]
[426, 631, 181]
[482, 652, 50]
[444, 650, 89]
[469, 109, -158]
[477, 97, -145]
[482, 97, -145]
[487, 97, -145]
[462, 97, -142]
[457, 97, -142]
[452, 98, -142]
[495, 104, -66]
[449, 105, -54]
[478, 124, -131]
[460, 125, -128]
[538, 183, -25]
[418, 179, -22]
[586, 268, -135]
[385, 265, -132]
[581, 183, -292]
[378, 178, -307]
[588, 164, -320]
[370, 157, -336]
[582, 155, -306]
[371, 149, -328]
[579, 164, -291]
[377, 156, -309]
[511, 364, -1]
[435, 359, 1]
[509, 483, -18]
[436, 476, 37]
[497, 611, 120]
[429, 612, 184]
[500, 629, 131]
[425, 631, 197]
[482, 653, 50]
[442, 650, 104]
[470, 108, -158]
[478, 95, -144]
[483, 95, -144]
[487, 96, -144]
[463, 96, -142]
[458, 96, -142]
[453, 96, -142]
[496, 103, -65]
[449, 104, -53]
[480, 123, -130]
[462, 124, -127]
[539, 183, -26]
[418, 179, -22]
[587, 268, -132]
[384, 265, -128]
[580, 183, -291]
[379, 178, -304]
[587, 165, -318]
[371, 157, -333]
[582, 155, -302]
[372, 149, -326]
[578, 164, -288]
[378, 156, -305]
[512, 364, -1]
[435, 359, 1]
[510, 483, -31]
[436, 476, 30]
[498, 613, 111]
[429, 613, 168]
[500, 631, 121]
[424, 633, 180]
[482, 655, 40]
[442, 651, 87]
[471, 107, -158]
[480, 94, -144]
[485, 94, -144]
[489, 94, -144]
[464, 94, -140]
[459, 95, -141]
[454, 95, -141]
[497, 101, -65]
[450, 103, -50]
[481, 122, -130]
[463, 123, -127]
[540, 183, -26]
[419, 178, -20]
[587, 268, -138]
[384, 264, -127]
[580, 183, -298]
[379, 175, -304]
[587, 164, -326]
[372, 155, -333]
[582, 154, -311]
[373, 147, -325]
[578, 163, -296]
[378, 154, -306]
[512, 364, -1]
[435, 359, 1]
[510, 483, -51]
[436, 476, 27]
[497, 613, 99]
[429, 613, 177]
[499, 631, 111]
[424, 634, 190]
[480, 655, 31]
[441, 652, 98]
[472, 105, -158]
[480, 93, -143]
[485, 93, -143]
[489, 93, -143]
[464, 93, -140]
[459, 93, -140]
[454, 94, -140]
[498, 101, -65]
[450, 102, -48]
[482, 121, -131]
[463, 122, -126]
[542, 183, -28]
[419, 178, -19]
[587, 269, -146]
[384, 264, -128]
[581, 186, -313]
[379, 175, -305]
[587, 169, -342]
[373, 155, -334]
[583, 159, -327]
[373, 147, -325]
[579, 168, -311]
[379, 154, -306]
[513, 364, -1]
[435, 359, 2]
[510, 483, -52]
[436, 476, 32]
[496, 613, 95]
[428, 613, 191]
[499, 632, 106]
[423, 634, 204]
[480, 656, 25]
[441, 652, 114]
[473, 105, -158]
[481, 93, -144]
[486, 93, -144]
[490, 93, -144]
[465, 93, -141]
[460, 93, -141]
[455, 93, -141]
[498, 100, -66]
[450, 101, -51]
[482, 121, -131]
[464, 121, -127]
[542, 183, -30]
[419, 179, -21]
[587, 270, -151]
[384, 264, -133]
[581, 187, -323]
[380, 176, -313]
[587, 171, -353]
[373, 156, -342]
[583, 160, -339]
[374, 148, -333]
[579, 169, -321]
[379, 155, -314]
[513, 365, -1]
[436, 360, 2]
[510, 483, -57]
[436, 476, 29]
[496, 614, 93]
[428, 613, 191]
[499, 632, 105]
[423, 634, 205]
[480, 655, 24]
[441, 652, 115]
[474, 105, -159]
[482, 93, -144]
[487, 93, -144]
[491, 94, -144]
[466, 93, -142]
[461, 93, -142]
[456, 94, -142]
[499, 101, -64]
[451, 102, -52]
[483, 121, -131]
[465, 122, -128]
[543, 184, -30]
[419, 180, -23]
[587, 270, -148]
[384, 265, -137]
[582, 188, -319]
[380, 176, -316]
[589, 169, -349]
[373, 157, -345]
[586, 160, -335]
[373, 149, -337]
[581, 168, -318]
[379, 156, -318]
[513, 366, -2]
[436, 360, 2]
[510, 483, -64]
[436, 476, 29]
[496, 614, 88]
[428, 613, 186]
[499, 632, 99]
[423, 634, 200]
[480, 655, 20]
[441, 652, 111]
[474, 106, -158]
[483, 93, -143]
[488, 93, -143]
[491, 94, -143]
[467, 93, -140]
[462, 93, -141]
[456, 94, -141]
[500, 101, -64]
[452, 102, -51]
[484, 121, -131]
[466, 122, -127]
[543, 185, -30]
[419, 181, -22]
[587, 270, -147]
[385, 265, -134]
[582, 188, -315]
[381, 176, -313]
[589, 168, -345]
[373, 157, -343]
[586, 158, -331]
[373, 150, -336]
[581, 167, -314]
[379, 156, -315]
[514, 366, -2]
[436, 361, 2]
[510, 483, -58]
[436, 476, 31]
[496, 613, 91]
[428, 613, 187]
[498, 632, 103]
[423, 634, 201]
[480, 655, 23]
[441, 652, 111]
[475, 106, -158]
[484, 93, -143]
[488, 94, -143]
[492, 94, -143]
[468, 93, -140]
[463, 93, -141]
[457, 94, -141]
[500, 101, -64]
[452, 102, -52]
[484, 121, -131]
[466, 122, -127]
[543, 185, -30]
[419, 181, -22]
[587, 270, -146]
[385, 265, -132]
[582, 186, -312]
[381, 176, -311]
[589, 166, -341]
[372, 157, -340]
[587, 156, -329]
[372, 150, -334]
[581, 165, -311]
[378, 156, -313]
[514, 367, -2]
[437, 361, 3]
[511, 484, -39]
[437, 476, 39]
[496, 614, 112]
[428, 613, 194]
[499, 633, 124]
[423, 634, 208]
[480, 656, 44]
[441, 652, 117]
[476, 106, -159]
[485, 94, -144]
[489, 94, -144]
[493, 94, -144]
[469, 93, -142]
[463, 93, -142]
[458, 94, -142]
[501, 101, -64]
[453, 102, -53]
[485, 121, -132]
[467, 122, -129]
[543, 185, -31]
[420, 181, -24]
[587, 270, -148]
[385, 266, -135]
[582, 185, -317]
[381, 176, -318]
[589, 165, -346]
[370, 158, -347]
[587, 155, -332]
[371, 150, -339]
[581, 165, -316]
[377, 157, -320]
[515, 367, -2]
[437, 362, 3]
[512, 484, -29]
[437, 476, 43]
[498, 615, 125]
[429, 614, 199]
[500, 634, 136]
[424, 634, 212]
[482, 657, 55]
[441, 653, 119]
[477, 106, -161]
[485, 94, -146]
[490, 94, -146]
[494, 94, -145]
[469, 94, -144]
[464, 94, -144]
[459, 94, -144]
[501, 101, -65]
[453, 102, -57]
[485, 121, -133]
[468, 122, -131]
[543, 185, -31]
[420, 182, -27]
[587, 271, -148]
[385, 267, -139]
[582, 186, -322]
[381, 177, -322]
[589, 165, -351]
[369, 158, -351]
[587, 156, -338]
[370, 151, -344]
[581, 166, -321]
[376, 157, -324]
[516, 367, -2]
[438, 362, 3]
[512, 484, -28]
[438, 476, 48]
[498, 615, 129]
[430, 614, 208]
[500, 633, 141]
[426, 634, 222]
[482, 657, 60]
[442, 653, 130]
[477, 106, -167]
[486, 94, -151]
[490, 94, -152]
[494, 94, -151]
[470, 94, -151]
[465, 94, -151]
[459, 94, -151]
[502, 101, -70]
[454, 102, -65]
[486, 121, -138]
[468, 122, -137]
[543, 185, -35]
[420, 182, -35]
[587, 271, -155]
[385, 268, -149]
[582, 185, -332]
[381, 177, -335]
[590, 165, -362]
[369, 158, -364]
[587, 156, -348]
[369, 151, -357]
[582, 166, -331]
[376, 157, -336]
[516, 367, -2]
[438, 362, 3]
[513, 484, -27]
[438, 476, 49]
[499, 615, 131]
[432, 614, 212]
[501, 633, 143]
[427, 634, 227]
[483, 657, 63]
[443, 653, 134]
[477, 106, -171]
[486, 94, -156]
[490, 94, -156]
[494, 95, -156]
[470, 94, -155]
[465, 94, -156]
[460, 94, -156]
[502, 102, -75]
[454, 102, -70]
[486, 121, -143]
[468, 122, -142]
[543, 185, -38]
[420, 182, -38]
[587, 271, -159]
[386, 268, -152]
[582, 185, -336]
[381, 177, -337]
[590, 165, -367]
[369, 158, -368]
[588, 156, -353]
[369, 151, -361]
[582, 166, -335]
[376, 158, -339]
[516, 367, -3]
[438, 362, 3]
[513, 484, -29]
[439, 494, 45]
[499, 613, 129]
[433, 614, 208]
[501, 631, 142]
[429, 634, 222]
[483, 656, 62]
[444, 653, 131]
[477, 107, -174]
[486, 94, -159]
[490, 94, -159]
[494, 95, -159]
[470, 94, -159]
[465, 94, -159]
[460, 94, -159]
[502, 102, -77]
[454, 102, -74]
[486, 122, -145]
[468, 122, -145]
[543, 185, -38]
[420, 182, -41]
[587, 271, -157]
[386, 269, -156]
[582, 185, -333]
[381, 177, -342]
[590, 165, -363]
[368, 159, -372]
[588, 156, -350]
[369, 151, -365]
[582, 166, -332]
[375, 158, -344]
[516, 368, -3]
[438, 362, 3]
[513, 484, -29]
[440, 499, 45]
[499, 613, 134]
[434, 614, 211]
[501, 630, 147]
[430, 634, 226]
[483, 655, 67]
[444, 653, 134]
[477, 108, -173]
[486, 95, -158]
[490, 95, -158]
[494, 96, -158]
[470, 95, -157]
[465, 95, -157]
[460, 95, -157]
[502, 103, -76]
[454, 103, -72]
[486, 122, -144]
[468, 123, -143]
[543, 185, -38]
[420, 183, -40]
[586, 271, -155]
[387, 269, -155]
[582, 185, -329]
[381, 177, -341]
[590, 165, -359]
[369, 159, -372]
[588, 157, -346]
[369, 151, -365]
[582, 166, -328]
[375, 158, -343]
[517, 368, -3]
[438, 362, 3]
[513, 484, -26]
[440, 487, 45]
[499, 612, 134]
[434, 615, 209]
[501, 630, 146]
[430, 635, 224]
[483, 655, 66]
[445, 653, 131]
[477, 110, -172]
[486, 97, -158]
[490, 97, -158]
[494, 98, -158]
[470, 97, -157]
[465, 97, -157]
[460, 97, -157]
[502, 104, -75]
[454, 104, -73]
[486, 124, -143]
[468, 125, -143]
[542, 185, -35]
[420, 183, -41]
[586, 271, -145]
[387, 270, -157]
[582, 185, -313]
[381, 178, -344]
[591, 165, -342]
[369, 159, -374]
[589, 157, -329]
[369, 151, -367]
[583, 166, -312]
[376, 158, -345]
[516, 368, -2]
[438, 362, 3]
[513, 485, -20]
[440, 483, 45]
[500, 612, 137]
[434, 615, 207]
[502, 630, 149]
[430, 635, 221]
[484, 655, 68]
[445, 654, 128]
[476, 110, -172]
[485, 98, -157]
[490, 98, -157]
[494, 99, -157]
[470, 97, -156]
[465, 97, -156]
[460, 97, -157]
[501, 105, -75]
[454, 104, -71]
[485, 125, -143]
[467, 125, -142]
[541, 185, -32]
[420, 183, -40]
[586, 271, -135]
[387, 270, -155]
[583, 184, -296]
[381, 179, -339]
[591, 165, -324]
[369, 159, -369]
[589, 156, -311]
[369, 151, -362]
[583, 165, -295]
[376, 158, -341]
[516, 368, -2]
[438, 362, 2]
[513, 485, -16]
[440, 481, 44]
[500, 612, 140]
[435, 615, 206]
[502, 630, 152]
[431, 635, 221]
[484, 655, 71]
[445, 654, 126]
[476, 111, -167]
[485, 98, -153]
[490, 99, -153]
[494, 99, -153]
[469, 98, -153]
[464, 97, -153]
[460, 97, -153]
[501, 105, -71]
[454, 104, -71]
[485, 125, -138]
[467, 125, -138]
[541, 185, -28]
[420, 183, -39]
[586, 270, -130]
[388, 270, -153]
[583, 184, -290]
[381, 180, -338]
[591, 164, -317]
[370, 159, -368]
[589, 156, -304]
[369, 152, -361]
[583, 165, -289]
[376, 159, -340]
[516, 367, -1]
[438, 362, 2]
[513, 485, -10]
[440, 480, 42]
[500, 612, 143]
[435, 615, 195]
[502, 630, 154]
[431, 635, 208]
[485, 655, 74]
[445, 654, 113]
[473, 112, -167]
[483, 99, -153]
[489, 100, -153]
[493, 100, -152]
[467, 98, -152]
[463, 98, -152]
[459, 97, -152]
[501, 106, -71]
[454, 104, -68]
[482, 126, -138]
[464, 126, -137]
[540, 185, -28]
[420, 183, -35]
[585, 270, -130]
[388, 270, -148]
[583, 184, -287]
[381, 180, -331]
[591, 165, -314]
[370, 160, -360]
[589, 156, -301]
[370, 152, -352]
[583, 165, -286]
[376, 159, -332]
[516, 367, -1]
[438, 362, 2]
[510, 493, -12]
[440, 479, 40]
[501, 612, 139]
[435, 616, 187]
[503, 630, 150]
[431, 636, 200]
[485, 655, 71]
[446, 654, 107]
[471, 113, -167]
[482, 100, -153]
[487, 101, -153]
[492, 101, -153]
[466, 99, -152]
[461, 98, -152]
[458, 98, -152]
[500, 108, -73]
[454, 104, -68]
[481, 127, -138]
[463, 127, -138]
[540, 185, -29]
[419, 183, -35]
[585, 270, -132]
[388, 270, -148]
[583, 184, -290]
[381, 181, -332]
[591, 165, -317]
[370, 160, -362]
[589, 156, -304]
[370, 152, -355]
[583, 165, -289]
[376, 159, -334]
[516, 367, -1]
[439, 362, 1]
[510, 491, -14]
[440, 478, 30]
[501, 612, 137]
[435, 616, 181]
[503, 630, 147]
[432, 636, 195]
[486, 655, 69]
[446, 654, 105]
[468, 113, -168]
[480, 101, -154]
[485, 101, -154]
[491, 102, -154]
[464, 99, -152]
[460, 98, -153]
[456, 98, -153]
[499, 108, -73]
[454, 104, -67]
[479, 128, -139]
[461, 127, -138]
[540, 185, -29]
[419, 183, -33]
[584, 270, -132]
[388, 270, -147]
[583, 184, -290]
[381, 181, -335]
[591, 167, -317]
[370, 161, -365]
[589, 158, -305]
[370, 153, -358]
[583, 166, -289]
[376, 160, -336]
[516, 367, 0]
[439, 362, 1]
[511, 489, -26]
[443, 493, 11]
[501, 612, 117]
[437, 616, 161]
[504, 630, 128]
[433, 636, 174]
[486, 655, 53]
[448, 654, 86]
[465, 114, -165]
[477, 101, -152]
[483, 102, -152]
[488, 102, -152]
[462, 100, -149]
[458, 99, -149]
[455, 98, -149]
[498, 109, -73]
[454, 104, -61]
[477, 128, -137]
[459, 127, -134]
[540, 185, -29]
[418, 183, -26]
[583, 270, -129]
[389, 270, -133]
[583, 190, -292]
[381, 184, -322]
[591, 175, -319]
[370, 166, -352]
[589, 166, -308]
[369, 158, -346]
[583, 173, -291]
[375, 164, -324]
[516, 367, 0]
[439, 362, 1]
[512, 487, -24]
[443, 484, 12]
[502, 612, 118]
[438, 615, 158]
[504, 629, 128]
[434, 635, 171]
[486, 654, 53]
[449, 653, 84]
[465, 114, -162]
[476, 101, -149]
[482, 102, -149]
[487, 102, -149]
[461, 100, -146]
[457, 99, -146]
[454, 98, -146]
[497, 109, -73]
[453, 105, -58]
[476, 128, -135]
[459, 127, -131]
[540, 185, -28]
[418, 183, -23]
[582, 270, -129]
[389, 270, -127]
[583, 192, -292]
[381, 185, -312]
[591, 177, -320]
[369, 168, -341]
[589, 168, -309]
[368, 160, -335]
[583, 175, -292]
[375, 165, -314]
[516, 366, 0]
[439, 362, 0]
[512, 486, -22]
[443, 480, 12]
[502, 612, 117]
[438, 615, 156]
[504, 629, 128]
[434, 635, 169]
[486, 654, 52]
[450, 652, 82]
[462, 114, -159]
[473, 102, -146]
[479, 102, -146]
[484, 102, -146]
[459, 100, -142]
[456, 100, -142]
[453, 99, -142]
[495, 109, -71]
[453, 105, -53]
[474, 128, -133]
[457, 127, -128]
[540, 185, -28]
[417, 183, -20]
[581, 271, -129]
[389, 271, -124]
[582, 194, -294]
[380, 187, -311]
[591, 179, -321]
[368, 169, -341]
[588, 170, -310]
[368, 160, -334]
[583, 177, -293]
[374, 166, -313]
[516, 366, 0]
[439, 362, 1]
[512, 486, -26]
[442, 478, 4]
[502, 614, 105]
[437, 615, 140]
[504, 632, 115]
[433, 635, 152]
[485, 655, 40]
[449, 652, 65]
[460, 113, -154]
[471, 101, -141]
[477, 101, -142]
[483, 102, -141]
[458, 100, -137]
[455, 99, -137]
[452, 99, -137]
[494, 109, -70]
[453, 105, -49]
[472, 128, -129]
[456, 127, -123]
[540, 186, -30]
[417, 183, -15]
[580, 272, -130]
[389, 271, -111]
[582, 197, -297]
[378, 188, -291]
[591, 186, -324]
[367, 170, -319]
[587, 176, -315]
[367, 161, -313]
[583, 182, -297]
[372, 166, -293]
[516, 366, 0]
[439, 362, 1]
[512, 485, -26]
[441, 478, 6]
[502, 616, 104]
[437, 616, 129]
[505, 635, 113]
[433, 636, 138]
[486, 656, 36]
[449, 652, 49]
[460, 113, -154]
[471, 101, -141]
[477, 101, -141]
[483, 101, -141]
[457, 100, -138]
[455, 99, -138]
[451, 99, -138]
[494, 109, -67]
[452, 105, -51]
[472, 127, -128]
[455, 126, -123]
[539, 185, -25]
[416, 183, -16]
[577, 272, -122]
[390, 271, -115]
[582, 202, -290]
[377, 192, -299]
[591, 192, -318]
[367, 174, -327]
[587, 182, -310]
[367, 164, -321]
[583, 187, -291]
[372, 170, -301]
[516, 366, 0]
[439, 361, 0]
[512, 485, -24]
[441, 478, 0]
[502, 617, 106]
[436, 617, 118]
[505, 635, 115]
[432, 637, 128]
[486, 656, 36]
[449, 653, 35]
[461, 111, -149]
[471, 99, -137]
[477, 99, -137]
[483, 100, -137]
[457, 98, -134]
[454, 98, -134]
[451, 98, -134]
[494, 108, -64]
[452, 105, -47]
[472, 126, -124]
[455, 125, -119]
[539, 184, -20]
[416, 183, -7]
[573, 272, -111]
[391, 273, -96]
[583, 211, -285]
[377, 206, -282]
[592, 204, -313]
[372, 190, -309]
[589, 196, -309]
[367, 177, -306]
[585, 198, -288]
[372, 183, -285]
[516, 365, 0]
[439, 361, 0]
[512, 485, -24]
[440, 478, -6]
[504, 617, 99]
[436, 618, 107]
[507, 635, 106]
[432, 638, 115]
[489, 656, 27]
[448, 654, 23]
[461, 111, -151]
[471, 98, -139]
[477, 98, -139]
[483, 99, -139]
[457, 98, -135]
[454, 98, -135]
[451, 98, -136]
[494, 107, -65]
[451, 105, -48]
[472, 125, -125]
[455, 125, -121]
[539, 184, -22]
[416, 183, -6]
[572, 273, -117]
[391, 274, -93]
[583, 214, -291]
[377, 207, -278]
[592, 207, -320]
[371, 189, -305]
[589, 199, -319]
[367, 178, -302]
[585, 201, -295]
[372, 184, -281]
[516, 365, 0]
[439, 361, 0]
[512, 485, -31]
[439, 478, -8]
[504, 617, 90]
[436, 618, 106]
[507, 635, 98]
[432, 638, 115]
[490, 656, 18]
[447, 654, 23]
[461, 107, -152]
[472, 96, -139]
[478, 96, -139]
[483, 97, -139]
[458, 96, -135]
[455, 96, -136]
[451, 96, -136]
[494, 105, -63]
[451, 104, -48]
[473, 122, -125]
[455, 122, -121]
[539, 181, -19]
[416, 183, -6]
[569, 270, -108]
[391, 275, -94]
[583, 217, -286]
[377, 210, -284]
[592, 213, -316]
[373, 193, -312]
[589, 204, -317]
[368, 180, -309]
[585, 206, -290]
[373, 186, -287]
[516, 363, 0]
[440, 360, 0]
[512, 485, -33]
[439, 478, -14]
[506, 617, 89]
[436, 620, 107]
[509, 634, 96]
[433, 638, 116]
[495, 656, 16]
[447, 656, 25]
[465, 105, -162]
[474, 95, -147]
[480, 95, -147]
[485, 95, -147]
[459, 95, -145]
[455, 95, -145]
[452, 96, -146]
[494, 103, -64]
[451, 104, -55]
[476, 121, -132]
[457, 120, -130]
[539, 180, -13]
[417, 182, -9]
[570, 266, -85]
[391, 275, -95]
[584, 224, -268]
[377, 217, -285]
[591, 221, -300]
[375, 204, -320]
[588, 212, -303]
[370, 190, -326]
[585, 214, -273]
[374, 195, -293]
[516, 360, 0]
[440, 358, 0]
[512, 481, -47]
[439, 478, -19]
[509, 608, 90]
[436, 613, 111]
[510, 623, 99]
[433, 629, 120]
[500, 647, 16]
[447, 650, 26]
[468, 103, -151]
[476, 93, -137]
[482, 93, -137]
[487, 94, -137]
[461, 93, -136]
[456, 94, -136]
[453, 95, -136]
[495, 101, -57]
[451, 104, -49]
[479, 119, -123]
[459, 119, -121]
[539, 179, -13]
[417, 181, -3]
[571, 256, -89]
[392, 275, -79]
[577, 233, -270]
[379, 228, -273]
[579, 234, -303]
[380, 220, -305]
[578, 226, -305]
[379, 208, -309]
[574, 226, -275]
[380, 211, -278]
[515, 357, 0]
[440, 356, 0]
[512, 478, -45]
[439, 477, -12]
[509, 605, 93]
[437, 610, 128]
[510, 620, 102]
[436, 625, 138]
[502, 643, 21]
[447, 649, 48]
[469, 103, -172]
[477, 93, -158]
[483, 93, -158]
[488, 93, -158]
[462, 93, -156]
[457, 94, -156]
[454, 94, -156]
[495, 101, -78]
[451, 104, -67]
[480, 118, -143]
[461, 119, -140]
[541, 179, -31]
[417, 182, -7]
[570, 258, -99]
[394, 275, -72]
[575, 243, -286]
[379, 247, -264]
[578, 249, -323]
[376, 243, -295]
[575, 234, -329]
[378, 227, -303]
[570, 234, -293]
[380, 229, -271]
[515, 357, -4]
[440, 355, 4]
[511, 477, -58]
[439, 475, -14]
[509, 603, 92]
[435, 606, 127]
[510, 619, 102]
[435, 621, 137]
[502, 641, 18]
[444, 645, 43]
[470, 103, -177]
[478, 92, -163]
[483, 93, -164]
[488, 93, -163]
[463, 93, -161]
[458, 93, -161]
[454, 94, -161]
[495, 101, -83]
[451, 104, -71]
[481, 118, -148]
[462, 119, -145]
[542, 179, -36]
[417, 182, -12]
[570, 260, -102]
[395, 275, -74]
[575, 244, -298]
[379, 251, -268]
[580, 251, -334]
[374, 248, -300]
[575, 235, -340]
[376, 232, -307]
[571, 235, -305]
[379, 233, -275]
[515, 357, -5]
[440, 355, 6]
[511, 476, -55]
[438, 474, -11]
[510, 603, 91]
[435, 606, 128]
[510, 619, 100]
[435, 622, 138]
[501, 641, 15]
[443, 645, 44]
[471, 102, -175]
[478, 92, -161]
[483, 92, -161]
[488, 92, -161]
[463, 92, -160]
[458, 93, -160]
[454, 94, -160]
[495, 99, -80]
[451, 103, -72]
[481, 117, -146]
[463, 118, -144]
[542, 179, -33]
[417, 182, -13]
[570, 261, -88]
[392, 270, -69]
[574, 256, -266]
[381, 260, -258]
[575, 259, -303]
[377, 262, -289]
[571, 247, -311]
[381, 251, -299]
[568, 246, -273]
[385, 251, -265]
[515, 357, -6]
[440, 355, 6]
[511, 474, -63]
[438, 474, -3]
[510, 603, 79]
[435, 606, 128]
[511, 620, 88]
[435, 623, 138]
[500, 640, 3]
[443, 645, 45]
[471, 102, -202]
[478, 91, -188]
[483, 92, -188]
[488, 92, -188]
[463, 92, -187]
[458, 92, -187]
[454, 93, -187]
[495, 98, -104]
[451, 102, -98]
[481, 117, -171]
[463, 118, -170]
[542, 179, -52]
[417, 182, -38]
[570, 267, -104]
[391, 270, -83]
[570, 268, -279]
[384, 270, -268]
[569, 270, -318]
[378, 275, -303]
[567, 258, -324]
[383, 267, -318]
[562, 256, -286]
[389, 264, -279]
[514, 357, -6]
[440, 356, 6]
[511, 474, -78]
[438, 472, -34]
[509, 601, 74]
[434, 602, 98]
[509, 616, 84]
[435, 618, 108]
[500, 636, -2]
[440, 641, 10]
[470, 102, -192]
[478, 91, -178]
[483, 91, -178]
[488, 92, -178]
[463, 91, -177]
[458, 92, -177]
[454, 93, -177]
[495, 98, -94]
[451, 101, -89]
[481, 117, -162]
[463, 117, -160]
[542, 180, -47]
[416, 183, -35]
[569, 268, -71]
[387, 276, -80]
[570, 305, -212]
[384, 284, -268]
[570, 324, -245]
[378, 285, -303]
[566, 310, -260]
[384, 275, -318]
[565, 305, -221]
[385, 265, -279]
[514, 359, -6]
[440, 359, 6]
[511, 475, -73]
[439, 474, -10]
[507, 599, 112]
[433, 601, 132]
[506, 613, 123]
[434, 617, 142]
[500, 636, 38]
[438, 639, 43]
[470, 101, -185]
[478, 91, -172]
[483, 91, -172]
[488, 91, -172]
[463, 91, -170]
[458, 92, -170]
[454, 92, -170]
[495, 97, -90]
[450, 101, -82]
[481, 116, -156]
[463, 117, -154]
[542, 180, -43]
[416, 184, -30]
[567, 262, -39]
[388, 276, -36]
[570, 315, -140]
[383, 306, -163]
[571, 334, -167]
[377, 311, -190]
[567, 331, -184]
[382, 305, -209]
[564, 323, -149]
[384, 301, -174]
[515, 359, -6]
[440, 359, 6]
[510, 473, -100]
[446, 474, -57]
[499, 572, 90]
[439, 581, 100]
[495, 584, 107]
[439, 594, 112]
[496, 611, 26]
[438, 620, 15]
[470, 101, -182]
[478, 90, -169]
[483, 91, -169]
[488, 91, -169]
[463, 91, -167]
[458, 92, -167]
[454, 92, -167]
[494, 97, -88]
[450, 101, -79]
[481, 116, -153]
[463, 117, -151]
[542, 180, -42]
[415, 185, -28]
[566, 260, -39]
[388, 276, -37]
[570, 316, -144]
[382, 307, -171]
[572, 335, -172]
[375, 313, -199]
[568, 333, -188]
[382, 306, -217]
[565, 324, -153]
[384, 304, -182]
[515, 359, -6]
[440, 359, 6]
[510, 473, -113]
[448, 477, -61]
[497, 570, 81]
[440, 580, 100]
[494, 582, 97]
[441, 593, 113]
[494, 610, 16]
[439, 618, 17]
[470, 101, -189]
[478, 90, -175]
[483, 91, -175]
[487, 91, -175]
[463, 91, -174]
[458, 92, -174]
[454, 92, -174]
[494, 97, -97]
[450, 101, -91]
[481, 116, -160]
[463, 117, -159]
[542, 180, -50]
[415, 186, -41]
[565, 259, -19]
[390, 270, -28]
[571, 325, -88]
[383, 319, -123]
[573, 345, -109]
[375, 331, -146]
[568, 345, -127]
[382, 327, -167]
[565, 338, -96]
[385, 324, -134]
[515, 359, -6]
[440, 358, 6]
[511, 467, -49]
[448, 477, -49]
[498, 572, 144]
[444, 581, 114]
[495, 584, 159]
[445, 595, 126]
[494, 611, 82]
[447, 618, 35]
[470, 101, -200]
[478, 90, -186]
[483, 91, -187]
[487, 91, -187]
[463, 91, -186]
[458, 92, -186]
[454, 92, -186]
[494, 97, -111]
[450, 101, -109]
[481, 116, -172]
[462, 117, -171]
[542, 180, -64]
[415, 186, -61]
[564, 259, -26]
[391, 266, -32]
[571, 333, -78]
[383, 332, -98]
[573, 353, -95]
[373, 347, -117]
[568, 353, -113]
[382, 346, -140]
[565, 346, -86]
[385, 341, -109]
[514, 357, -6]
[439, 353, 6]
[509, 462, -14]
[448, 455, -15]
[497, 569, 147]
[445, 576, 115]
[495, 582, 158]
[446, 591, 127]
[494, 605, 80]
[448, 611, 35]
[470, 101, -210]
[478, 90, -198]
[483, 91, -198]
[487, 91, -198]
[463, 91, -197]
[458, 92, -197]
[454, 92, -197]
[494, 97, -123]
[450, 100, -118]
[481, 116, -182]
[462, 117, -181]
[543, 180, -80]
[415, 186, -68]
[564, 262, -44]
[392, 267, -40]
[571, 343, -111]
[382, 343, -112]
[574, 362, -132]
[370, 357, -133]
[568, 362, -147]
[379, 356, -157]
[565, 356, -118]
[384, 352, -124]
[514, 355, -9]
[439, 351, 10]
[509, 457, 12]
[448, 448, 33]
[498, 572, 188]
[445, 573, 185]
[496, 585, 201]
[447, 589, 197]
[493, 606, 120]
[448, 605, 105]
[470, 101, -218]
[477, 90, -205]
[482, 91, -205]
[487, 91, -205]
[463, 91, -204]
[458, 91, -204]
[454, 92, -204]
[494, 97, -130]
[450, 100, -121]
[480, 116, -190]
[462, 117, -188]
[543, 180, -84]
[415, 186, -68]
[563, 265, -47]
[393, 267, -39]
[571, 350, -128]
[382, 349, -114]
[574, 372, -152]
[370, 367, -136]
[569, 372, -167]
[379, 367, -160]
[565, 366, -136]
[384, 362, -126]
[514, 354, -11]
[438, 351, 11]
[508, 460, 2]
[448, 454, 44]
[498, 574, 178]
[445, 577, 210]
[498, 591, 191]
[446, 593, 224]
[493, 609, 107]
[448, 611, 129]
[470, 101, -224]
[477, 90, -211]
[482, 90, -211]
[487, 91, -211]
[463, 91, -210]
[458, 91, -210]
[454, 92, -210]
[494, 97, -135]
[450, 100, -126]
[480, 116, -196]
[462, 116, -193]
[543, 181, -90]
[415, 185, -71]
[563, 267, -58]
[393, 267, -42]
[571, 351, -136]
[382, 351, -119]
[575, 373, -160]
[369, 368, -140]
[569, 374, -175]
[379, 369, -165]
[565, 367, -144]
[384, 363, -131]
[514, 354, -13]
[438, 351, 13]
[508, 458, 4]
[447, 455, 47]
[498, 576, 181]
[445, 578, 215]
[498, 592, 194]
[446, 594, 229]
[492, 611, 111]
[448, 610, 135]
[470, 100, -221]
[477, 90, -209]
[482, 90, -209]
[487, 91, -209]
[463, 90, -207]
[458, 91, -208]
[454, 91, -208]
[494, 96, -134]
[450, 99, -127]
[480, 115, -193]
[462, 116, -191]
[543, 181, -87]
[415, 185, -73]
[562, 270, -56]
[394, 268, -43]
[571, 355, -124]
[382, 358, -115]
[575, 377, -146]
[369, 378, -135]
[569, 378, -163]
[379, 378, -160]
[565, 372, -132]
[384, 372, -127]
[514, 354, -12]
[438, 351, 12]
[508, 461, -1]
[447, 471, 41]
[499, 577, 177]
[445, 581, 201]
[499, 593, 191]
[446, 598, 214]
[493, 613, 109]
[448, 612, 121]
