[475, 75, -196]
[481, 65, -187]
[486, 65, -187]
[490, 65, -187]
[473, 65, -185]
[473, 65, -185]
[470, 65, -185]
[496, 70, -120]
[466, 70, -113]
[482, 85, -170]
[470, 85, -168]
[528, 135, -75]
[434, 138, -57]
[542, 208, -47]
[425, 204, -19]
[547, 262, -105]
[419, 259, -73]
[553, 281, -120]
[413, 278, -89]
[548, 280, -140]
[420, 273, -110]
[542, 273, -114]
[424, 267, -83]
[511, 277, -6]
[458, 276, 6]
[513, 372, -14]
[449, 370, -3]
[514, 466, 112]
[450, 464, 116]
[509, 478, 119]
[458, 476, 123]
[526, 501, 40]
[437, 498, 46]
[479, 72, -180]
[486, 61, -171]
[491, 61, -171]
[495, 61, -171]
[473, 63, -170]
[472, 63, -170]
[469, 63, -170]
[500, 66, -108]
[463, 68, -102]
[487, 82, -155]
[471, 83, -154]
[533, 134, -65]
[432, 135, -55]
[547, 205, -63]
[420, 200, -43]
[560, 259, -112]
[417, 255, -118]
[570, 277, -151]
[414, 275, -138]
[565, 276, -185]
[419, 270, -157]
[558, 269, -150]
[423, 263, -128]
[514, 276, -1]
[454, 276, 1]
[519, 371, -11]
[446, 371, 6]
[518, 464, 112]
[446, 466, 123]
[510, 476, 120]
[453, 477, 129]
[530, 501, 43]
[436, 503, 55]
[481, 70, -185]
[489, 60, -176]
[493, 60, -176]
[496, 60, -176]
[474, 61, -176]
[472, 61, -176]
[469, 61, -176]
[500, 65, -111]
[463, 66, -113]
[490, 81, -160]
[472, 81, -161]
[534, 134, -69]
[430, 135, -69]
[547, 205, -67]
[417, 206, -60]
[561, 254, -138]
[415, 261, -131]
[574, 267, -170]
[411, 278, -150]
[567, 262, -194]
[413, 275, -169]
[564, 258, -162]
[419, 269, -140]
[515, 277, -1]
[453, 276, 1]
[519, 371, 9]
[446, 372, 36]
[519, 464, 130]
[447, 465, 165]
[511, 477, 137]
[454, 476, 173]
[530, 500, 64]
[435, 502, 106]
[481, 72, -208]
[488, 62, -198]
[492, 62, -198]
[496, 62, -198]
[474, 63, -199]
[472, 63, -199]
[468, 63, -199]
[500, 66, -130]
[462, 68, -134]
[490, 83, -182]
[472, 83, -183]
[532, 134, -80]
[431, 135, -85]
[549, 206, -66]
[417, 209, -65]
[571, 258, -139]
[415, 263, -123]
[579, 275, -160]
[411, 280, -141]
[575, 273, -189]
[412, 277, -160]
[568, 267, -155]
[417, 271, -132]
[516, 277, -1]
[453, 276, 1]
[520, 370, -5]
[448, 371, 37]
[521, 464, 115]
[447, 465, 175]
[512, 476, 123]
[455, 475, 185]
[530, 500, 47]
[434, 503, 115]
[481, 73, -197]
[488, 63, -187]
[492, 63, -187]
[496, 63, -187]
[474, 64, -187]
[471, 64, -187]
[468, 64, -187]
[500, 67, -121]
[462, 69, -123]
[490, 84, -172]
[472, 84, -172]
[533, 134, -76]
[432, 134, -77]
[552, 206, -71]
[417, 210, -84]
[575, 255, -146]
[412, 254, -180]
[583, 271, -167]
[407, 268, -203]
[580, 269, -190]
[408, 262, -220]
[573, 263, -160]
[414, 257, -190]
[517, 277, -2]
[454, 276, 1]
[517, 369, 0]
[448, 370, 41]
[520, 464, 105]
[447, 465, 167]
[511, 477, 111]
[456, 476, 175]
[532, 500, 37]
[434, 502, 106]
[482, 72, -185]
[488, 63, -175]
[493, 63, -175]
[496, 63, -175]
[474, 63, -176]
[471, 63, -176]
[468, 64, -176]
[500, 68, -112]
[462, 68, -112]
[490, 83, -161]
[473, 84, -161]
[533, 134, -67]
[432, 134, -71]
[552, 207, -67]
[416, 210, -82]
[575, 251, -154]
[412, 255, -176]
[589, 269, -176]
[406, 269, -198]
[588, 265, -196]
[408, 263, -214]
[580, 262, -166]
[414, 257, -184]
[517, 277, 0]
[454, 275, 0]
[517, 367, -29]
[449, 369, 31]
[519, 465, 75]
[445, 465, 155]
[511, 477, 80]
[453, 476, 162]
[533, 500, 23]
[434, 501, 94]
[481, 73, -178]
[488, 63, -168]
[492, 63, -168]
[495, 64, -168]
[474, 64, -168]
[471, 64, -168]
[467, 64, -168]
[500, 68, -108]
[462, 69, -101]
[489, 84, -154]
[473, 84, -153]
[533, 135, -61]
[431, 135, -60]
[555, 207, -69]
[416, 211, -81]
[580, 240, -168]
[414, 244, -195]
[591, 259, -192]
[410, 254, -220]
[589, 253, -210]
[411, 245, -234]
[582, 249, -178]
[416, 240, -203]
[516, 277, -1]
[454, 276, 1]
[518, 367, -56]
[449, 370, 28]
[519, 465, 48]
[445, 465, 151]
[511, 478, 54]
[454, 477, 159]
[535, 500, -20]
[434, 501, 91]
[481, 73, -182]
[488, 64, -172]
[492, 64, -172]
[495, 64, -172]
[474, 64, -172]
[471, 65, -172]
[467, 65, -172]
[499, 69, -106]
[462, 70, -103]
[489, 84, -156]
[473, 85, -156]
[533, 134, -61]
[433, 134, -59]
[555, 203, -77]
[417, 207, -102]
[575, 225, -199]
[419, 204, -239]
[582, 236, -225]
[417, 205, -268]
[580, 227, -240]
[418, 194, -276]
[574, 223, -208]
[422, 193, -246]
[515, 277, -1]
[453, 276, 1]
[518, 367, -51]
[447, 370, 33]
[519, 466, 56]
[445, 465, 147]
[510, 479, 61]
[455, 477, 154]
[536, 500, -17]
[434, 501, 86]
[482, 74, -185]
[488, 65, -174]
[492, 65, -174]
[495, 65, -174]
[475, 65, -174]
[471, 65, -174]
[467, 65, -174]
[499, 70, -105]
[462, 71, -103]
[490, 85, -158]
[474, 85, -158]
[532, 134, -59]
[433, 134, -59]
[554, 201, -114]
[415, 206, -120]
[577, 184, -252]
[414, 187, -266]
[583, 180, -280]
[412, 183, -294]
[583, 169, -286]
[417, 159, -299]
[577, 171, -258]
[421, 162, -272]
[514, 278, -2]
[453, 276, 2]
[518, 368, -42]
[447, 370, 28]
[519, 466, 59]
[445, 466, 142]
[510, 480, 64]
[455, 478, 149]
[535, 500, -16]
[433, 501, 79]
[482, 74, -174]
[488, 65, -167]
[492, 65, -167]
[495, 65, -167]
[475, 65, -166]
[471, 65, -166]
[468, 66, -166]
[499, 70, -83]
[463, 71, -86]
[490, 85, -144]
[474, 85, -156]
[531, 134, -41]
[433, 132, -44]
[548, 198, -108]
[416, 197, -89]
[569, 179, -239]
[412, 194, -231]
[581, 175, -269]
[408, 196, -259]
[580, 168, -280]
[411, 186, -268]
[572, 168, -248]
[415, 185, -239]
[514, 278, -2]
[453, 276, 2]
[518, 368, -40]
[447, 370, 21]
[519, 466, 54]
[445, 466, 129]
[510, 480, 59]
[455, 478, 136]
[534, 500, -21]
[433, 501, 63]
[482, 75, -176]
[488, 65, -166]
[492, 66, -166]
[495, 66, -167]
[476, 66, -166]
[472, 66, -166]
[468, 66, -166]
[499, 70, -87]
[463, 71, -92]
[490, 85, -149]
[474, 86, -151]
[531, 134, -53]
[432, 132, -46]
[547, 199, -113]
[417, 200, -74]
[568, 182, -261]
[414, 220, -189]
[587, 178, -292]
[408, 231, -212]
[580, 168, -303]
[409, 226, -225]
[574, 168, -270]
[415, 221, -197]
[514, 278, -2]
[453, 276, 2]
[518, 368, -46]
[446, 370, 8]
[519, 466, 63]
[445, 466, 128]
[510, 478, 69]
[455, 477, 135]
[533, 500, -12]
[433, 501, 61]
[482, 75, -171]
[489, 66, -165]
[492, 66, -165]
[495, 66, -165]
[476, 66, -161]
[472, 66, -161]
[468, 66, -161]
[500, 71, -91]
[463, 71, -91]
[490, 85, -146]
[474, 86, -145]
[531, 134, -53]
[433, 132, -49]
[543, 199, -87]
[419, 201, -49]
[535, 238, -180]
[422, 239, -124]
[537, 252, -204]
[419, 253, -145]
[533, 245, -218]
[419, 247, -160]
[530, 239, -189]
[424, 241, -133]
[514, 278, -2]
[453, 276, 2]
[518, 368, -43]
[446, 370, 12]
[519, 466, 69]
[445, 466, 126]
[510, 478, 75]
[455, 477, 133]
[533, 500, 0]
[433, 502, 63]
[482, 75, -171]
[489, 66, -162]
[493, 66, -162]
[496, 66, -162]
[476, 66, -160]
[472, 66, -160]
[468, 66, -160]
[500, 71, -91]
[463, 71, -90]
[490, 86, -146]
[474, 86, -145]
[532, 134, -52]
[431, 132, -48]
[545, 200, -107]
[419, 202, -117]
[588, 166, -235]
[409, 166, -272]
[599, 156, -260]
[403, 152, -301]
[600, 148, -268]
[406, 144, -304]
[593, 151, -242]
[409, 149, -278]
[514, 277, -3]
[453, 276, 3]
[518, 367, -42]
[446, 369, 19]
[519, 466, 66]
[445, 465, 136]
[510, 477, 72]
[455, 477, 143]
[532, 500, -2]
[434, 501, 74]
[482, 75, -156]
[489, 66, -145]
[493, 66, -145]
[496, 66, -145]
[476, 66, -144]
[472, 66, -144]
[468, 66, -144]
[500, 71, -78]
[463, 71, -75]
[490, 86, -132]
[474, 86, -131]
[531, 136, -45]
[430, 132, -39]
[545, 200, -119]
[420, 202, -108]
[578, 156, -255]
[411, 148, -250]
[596, 142, -281]
[404, 135, -278]
[587, 137, -283]
[406, 129, -279]
[581, 141, -259]
[410, 134, -255]
[514, 277, -3]
[453, 276, 3]
[518, 367, -33]
[446, 369, 22]
[519, 465, 68]
[445, 465, 137]
[510, 477, 74]
[455, 476, 146]
[532, 500, 1]
[433, 501, 76]
[482, 76, -161]
[489, 66, -149]
[492, 66, -149]
[496, 66, -149]
[476, 66, -148]
[472, 66, -148]
[468, 67, -148]
[500, 71, -84]
[463, 71, -78]
[490, 86, -133]
[474, 86, -133]
[531, 136, -50]
[431, 132, -39]
[546, 200, -130]
[420, 202, -116]
[571, 144, -260]
[411, 140, -260]
[594, 130, -287]
[404, 126, -288]
[581, 123, -286]
[405, 121, -288]
[576, 129, -264]
[410, 127, -265]
[514, 277, -3]
[453, 276, 3]
[518, 366, -66]
[446, 368, 4]
[519, 465, 34]
[444, 465, 117]
[510, 476, 40]
[455, 476, 125]
[532, 499, -35]
[434, 501, 55]
[482, 76, -161]
[489, 66, -149]
[492, 66, -149]
[495, 66, -149]
[476, 66, -148]
[472, 66, -148]
[468, 67, -148]
[500, 71, -85]
[463, 71, -79]
[490, 86, -134]
[474, 87, -133]
[531, 137, -50]
[432, 132, -40]
[546, 200, -130]
[421, 203, -116]
[567, 143, -260]
[411, 140, -259]
[593, 129, -286]
[404, 125, -287]
[577, 122, -285]
[405, 120, -287]
[572, 128, -263]
[410, 127, -263]
[514, 277, -4]
[453, 276, 4]
[518, 366, -71]
[446, 368, 2]
[520, 464, 28]
[444, 465, 115]
[511, 475, 34]
[454, 476, 123]
[532, 499, -41]
[434, 500, 53]
[482, 76, -159]
[489, 66, -148]
[492, 66, -148]
[495, 67, -148]
[476, 66, -147]
[472, 66, -147]
[468, 67, -147]
[500, 71, -82]
[463, 71, -76]
[490, 86, -133]
[474, 87, -131]
[531, 135, -43]
[432, 130, -39]
[547, 196, -121]
[420, 201, -113]
[565, 135, -246]
[411, 132, -253]
[589, 121, -271]
[405, 116, -281]
[575, 116, -272]
[407, 111, -279]
[572, 122, -249]
[411, 117, -256]
[514, 277, -3]
[453, 274, 3]
[518, 366, -61]
[446, 367, 6]
[520, 464, 38]
[444, 465, 117]
[511, 475, 44]
[454, 476, 124]
[532, 499, -33]
[434, 500, 57]
[482, 76, -153]
[489, 66, -143]
[492, 66, -143]
[495, 67, -143]
[476, 66, -142]
[472, 66, -142]
[468, 66, -142]
[500, 71, -78]
[463, 71, -72]
[489, 86, -128]
[474, 86, -126]
[530, 131, -39]
[432, 128, -37]
[546, 192, -119]
[419, 195, -114]
[562, 129, -239]
[412, 124, -254]
[582, 114, -260]
[406, 107, -282]
[570, 111, -256]
[408, 103, -280]
[564, 116, -239]
[412, 108, -257]
[514, 276, -3]
[453, 273, 3]
[518, 366, 0]
[446, 367, 44]
[520, 464, 95]
[444, 465, 161]
[511, 475, 100]
[454, 476, 170]
[532, 499, 29]
[434, 500, 106]
[482, 76, -154]
[488, 66, -145]
[492, 66, -145]
[495, 67, -145]
[476, 66, -143]
[472, 66, -143]
[469, 66, -143]
[500, 71, -81]
[463, 71, -74]
[489, 86, -130]
[474, 86, -128]
[529, 129, -44]
[432, 127, -38]
[546, 186, -120]
[419, 191, -118]
[557, 125, -236]
[412, 123, -254]
[568, 109, -259]
[406, 106, -281]
[561, 105, -254]
[409, 101, -279]
[555, 110, -239]
[413, 107, -257]
[514, 276, -4]
[453, 273, 4]
[517, 365, -11]
[446, 367, 46]
[520, 464, 84]
[444, 465, 164]
[511, 475, 90]
[454, 476, 173]
[532, 499, 18]
[434, 500, 110]
[482, 75, -135]
[488, 66, -126]
[492, 66, -126]
[495, 67, -126]
[476, 66, -124]
[472, 66, -124]
[469, 66, -124]
[500, 71, -64]
[463, 71, -58]
[489, 86, -113]
[474, 86, -111]
[529, 129, -38]
[432, 125, -29]
[545, 182, -125]
[418, 186, -112]
[551, 121, -241]
[413, 119, -242]
[550, 106, -265]
[407, 101, -268]
[548, 103, -258]
[410, 97, -277]
[546, 109, -242]
[413, 103, -247]
[514, 275, -4]
[453, 272, 4]
[517, 365, -11]
[446, 367, 47]
[520, 464, 83]
[444, 464, 164]
[511, 474, 89]
[454, 475, 173]
[532, 499, 20]
[434, 500, 111]
[481, 76, -142]
[488, 66, -133]
[491, 67, -133]
[495, 67, -133]
[476, 66, -131]
[472, 66, -131]
[469, 66, -131]
[500, 72, -72]
[463, 71, -63]
[489, 86, -119]
[473, 86, -117]
[529, 129, -41]
[433, 125, -32]
[545, 180, -139]
[417, 185, -115]
[547, 121, -256]
[413, 119, -244]
[543, 105, -281]
[407, 102, -271]
[542, 102, -275]
[410, 97, -269]
[538, 108, -258]
[413, 103, -247]
[514, 275, -4]
[453, 271, 4]
[517, 365, -14]
[446, 367, 48]
[520, 464, 84]
[444, 464, 167]
[511, 474, 91]
[454, 475, 176]
[532, 499, 21]
[434, 500, 114]
[480, 76, -141]
[486, 66, -132]
[490, 67, -133]
[494, 67, -133]
[476, 66, -130]
[472, 66, -130]
[469, 66, -130]
[499, 72, -73]
[463, 71, -61]
[487, 86, -118]
[473, 86, -115]
[530, 128, -43]
[433, 125, -30]
[545, 182, -136]
[416, 183, -114]
[542, 121, -252]
[413, 117, -241]
[538, 104, -276]
[407, 101, -268]
[537, 100, -271]
[412, 97, -266]
[534, 107, -253]
[415, 103, -244]
[514, 274, -4]
[453, 270, 4]
[517, 365, -8]
[446, 366, 48]
[520, 464, 84]
[444, 464, 165]
[511, 474, 90]
[454, 475, 173]
[532, 498, 19]
[434, 500, 110]
[480, 76, -143]
[486, 66, -135]
[490, 66, -135]
[493, 67, -135]
[476, 66, -132]
[472, 65, -132]
[469, 66, -132]
[499, 71, -74]
[463, 71, -62]
[487, 85, -120]
[473, 85, -117]
[531, 127, -44]
[434, 124, -31]
[547, 179, -143]
[413, 181, -119]
[543, 119, -270]
[413, 116, -250]
[542, 102, -296]
[408, 100, -278]
[540, 99, -291]
[414, 96, -273]
[537, 105, -272]
[417, 102, -252]
[514, 272, -4]
[453, 269, 4]
[517, 365, 3]
[446, 366, 52]
[520, 464, 103]
[444, 464, 171]
[511, 474, 109]
[454, 475, 180]
[531, 498, 37]
[434, 500, 115]
[480, 76, -147]
[486, 66, -140]
[490, 66, -140]
[493, 66, -140]
[476, 65, -136]
[472, 65, -136]
[469, 66, -136]
[499, 71, -80]
[463, 71, -64]
[488, 85, -124]
[473, 85, -119]
[532, 126, -49]
[434, 124, -32]
[548, 179, -145]
[413, 181, -122]
[544, 119, -264]
[413, 116, -254]
[544, 104, -288]
[408, 100, -281]
[542, 100, -284]
[414, 96, -276]
[538, 106, -266]
[417, 102, -257]
[514, 272, -4]
[453, 268, 4]
[517, 366, 10]
[446, 366, 50]
[520, 463, 116]
[444, 465, 157]
[511, 474, 123]
[454, 476, 165]
[531, 498, 54]
[434, 500, 99]
[480, 76, -146]
[486, 66, -139]
[490, 66, -139]
[493, 66, -139]
[476, 65, -136]
[472, 65, -136]
[469, 65, -136]
[499, 71, -80]
[463, 70, -65]
[487, 85, -124]
[473, 85, -120]
[532, 126, -49]
[435, 124, -33]
[550, 177, -140]
[412, 178, -120]
[545, 118, -258]
[413, 115, -249]
[543, 103, -282]
[410, 99, -275]
[540, 99, -279]
[415, 95, -273]
[538, 105, -260]
[418, 101, -252]
[513, 271, -4]
[453, 267, 4]
[517, 366, 10]
[446, 366, 50]
[520, 463, 108]
[444, 465, 164]
[511, 474, 114]
[454, 476, 173]
[531, 498, 46]
[434, 500, 109]
[480, 76, -156]
[486, 65, -148]
[490, 66, -148]
[493, 66, -148]
[475, 65, -145]
[472, 65, -145]
[469, 65, -145]
[499, 71, -86]
[463, 71, -75]
[488, 85, -132]
[473, 85, -129]
[532, 126, -51]
[435, 124, -42]
[553, 177, -137]
[412, 178, -131]
[548, 118, -251]
[412, 113, -262]
[549, 103, -274]
[410, 98, -289]
[546, 99, -269]
[415, 94, -284]
[541, 105, -253]
[418, 100, -264]
[513, 271, -4]
[453, 267, 4]
[517, 366, 6]
[446, 366, 48]
[520, 463, 103]
[444, 465, 164]
[511, 474, 109]
[454, 476, 173]
[532, 499, 39]
[434, 500, 108]
[480, 76, -152]
[485, 65, -144]
[489, 66, -144]
[492, 66, -144]
[475, 65, -142]
[472, 65, -142]
[469, 65, -142]
[498, 71, -84]
[463, 71, -74]
[487, 85, -128]
[473, 85, -125]
[532, 126, -45]
[434, 124, -41]
[554, 177, -127]
[411, 178, -125]
[548, 117, -236]
[412, 113, -256]
[560, 93, -258]
[410, 97, -278]
[547, 99, -252]
[416, 94, -270]
[541, 105, -237]
[418, 99, -255]
[513, 272, -4]
[452, 268, 4]
[517, 366, 12]
[446, 366, 60]
[519, 464, 100]
[444, 465, 172]
[510, 475, 108]
[454, 476, 181]
[532, 499, 37]
[434, 500, 118]
[480, 74, -157]
[485, 64, -149]
[489, 64, -149]
[493, 64, -149]
[475, 64, -146]
[472, 64, -146]
[469, 64, -146]
[499, 70, -88]
[463, 70, -77]
[487, 84, -134]
[473, 84, -131]
[532, 126, -55]
[434, 124, -44]
[555, 178, -143]
[410, 178, -133]
[548, 119, -253]
[412, 114, -261]
[554, 99, -276]
[410, 98, -287]
[546, 100, -268]
[416, 94, -280]
[541, 105, -252]
[418, 100, -262]
[513, 272, -4]
[452, 268, 4]
[517, 366, 5]
[446, 366, 60]
[519, 464, 100]
[444, 465, 183]
[510, 475, 107]
[454, 476, 192]
[532, 499, 36]
[434, 500, 129]
[480, 72, -164]
[486, 63, -155]
[489, 63, -155]
[493, 63, -155]
[475, 62, -153]
[472, 63, -153]
[468, 63, -153]
[499, 69, -91]
[463, 68, -84]
[487, 83, -140]
[473, 83, -138]
[532, 126, -59]
[433, 124, -50]
[555, 178, -147]
[410, 179, -143]
[549, 119, -259]
[412, 115, -275]
[554, 102, -283]
[410, 99, -302]
[547, 101, -277]
[416, 96, -296]
[543, 106, -260]
[418, 102, -277]
[513, 272, -4]
[453, 269, 4]
[517, 366, 5]
[446, 367, 60]
[519, 464, 110]
[445, 465, 191]
[510, 475, 117]
[455, 476, 201]
[532, 499, 47]
[434, 500, 137]
[480, 71, -138]
[486, 62, -127]
[490, 62, -127]
[493, 62, -127]
[475, 62, -126]
[471, 62, -126]
[467, 62, -126]
[499, 68, -65]
[462, 68, -61]
[488, 82, -115]
[473, 83, -113]
[532, 126, -42]
[433, 124, -35]
[555, 177, -124]
[411, 176, -127]
[550, 119, -224]
[413, 116, -249]
[554, 103, -246]
[410, 101, -274]
[549, 101, -242]
[415, 97, -269]
[545, 106, -226]
[418, 102, -252]
[513, 272, -3]
[453, 269, 3]
[517, 366, 5]
[446, 367, 51]
[520, 464, 105]
[445, 465, 175]
[510, 476, 111]
[455, 476, 183]
[532, 499, 41]
[434, 500, 121]
[480, 71, -134]
[486, 61, -123]
[490, 62, -123]
[493, 62, -124]
[475, 61, -123]
[471, 62, -123]
[467, 62, -123]
[499, 68, -61]
[462, 67, -58]
[488, 82, -111]
[473, 82, -110]
[532, 126, -38]
[433, 124, -31]
[555, 177, -118]
[411, 175, -121]
[550, 119, -219]
[413, 117, -244]
[554, 104, -240]
[410, 102, -268]
[549, 101, -236]
[414, 98, -264]
[545, 107, -220]
[418, 104, -247]
[514, 272, -3]
[453, 269, 3]
[517, 366, 4]
[446, 367, 43]
[520, 465, 103]
[445, 464, 158]
[510, 476, 109]
[455, 476, 166]
[532, 499, 38]
[434, 500, 103]
[480, 70, -131]
[486, 61, -120]
[490, 61, -120]
[493, 62, -121]
[475, 61, -120]
[471, 61, -120]
[467, 61, -120]
[499, 67, -58]
[462, 67, -55]
[488, 82, -108]
[473, 82, -107]
[532, 126, -35]
[433, 124, -29]
[555, 177, -115]
[411, 175, -118]
[550, 119, -217]
[415, 117, -241]
[554, 104, -238]
[412, 103, -265]
[549, 102, -235]
[415, 98, -261]
[546, 107, -218]
[418, 104, -243]
[514, 273, -2]
[453, 269, 2]
[517, 366, 2]
[446, 367, 40]
[520, 464, 102]
[445, 464, 156]
[511, 476, 108]
[455, 476, 163]
[532, 499, 37]
[434, 500, 100]
[480, 70, -131]
[486, 60, -120]
[490, 61, -120]
[493, 61, -120]
[475, 61, -119]
[471, 61, -119]
[466, 61, -119]
[499, 67, -58]
[462, 67, -54]
[488, 81, -108]
[473, 82, -107]
[532, 126, -34]
[432, 124, -29]
[555, 177, -117]
[411, 175, -119]
[551, 118, -222]
[416, 118, -241]
[554, 104, -244]
[412, 103, -266]
[550, 101, -240]
[415, 99, -261]
[547, 106, -223]
[418, 105, -243]
[514, 273, -2]
[453, 270, 2]
[517, 366, -6]
[446, 367, 39]
[520, 464, 96]
[445, 464, 156]
[511, 476, 103]
[455, 476, 164]
[532, 499, 34]
[434, 500, 101]
[480, 69, -135]
[486, 60, -124]
[490, 61, -124]
[494, 61, -124]
[475, 60, -123]
[471, 60, -123]
[466, 61, -123]
[500, 67, -62]
[462, 66, -57]
[488, 81, -112]
[473, 81, -110]
[532, 126, -37]
[432, 124, -30]
[555, 177, -119]
[411, 175, -124]
[551, 119, -225]
[416, 118, -246]
[554, 104, -247]
[412, 103, -271]
[551, 101, -244]
[415, 99, -264]
[547, 106, -226]
[418, 105, -248]
[514, 273, -2]
[453, 270, 2]
[517, 366, -14]
[446, 367, 40]
[520, 464, 91]
[445, 464, 157]
[511, 476, 98]
[455, 476, 165]
[532, 499, 30]
[434, 500, 101]
[480, 69, -135]
[487, 60, -125]
[491, 60, -125]
[494, 61, -125]
[475, 60, -124]
[471, 60, -124]
[466, 60, -124]
[500, 67, -62]
[462, 66, -58]
[488, 81, -112]
[473, 81, -111]
[532, 126, -38]
[432, 124, -31]
[554, 177, -120]
[411, 176, -124]
[551, 119, -224]
[416, 118, -246]
[553, 105, -246]
[412, 103, -271]
[551, 102, -242]
[415, 99, -265]
[547, 107, -225]
[418, 105, -248]
[514, 273, -2]
[453, 270, 2]
[517, 366, -16]
[446, 367, 40]
[520, 464, 85]
[445, 464, 157]
[511, 476, 92]
[455, 476, 165]
[532, 499, 23]
[434, 500, 102]
[480, 69, -135]
[487, 60, -124]
[491, 60, -124]
[494, 61, -124]
[475, 60, -123]
[471, 60, -123]
[466, 60, -123]
[500, 67, -62]
[462, 66, -58]
[488, 81, -112]
[473, 81, -111]
[532, 126, -39]
[432, 124, -31]
[553, 177, -120]
[411, 176, -124]
[551, 119, -222]
[416, 118, -246]
[553, 105, -244]
[412, 103, -270]
[550, 102, -240]
[415, 99, -264]
[546, 107, -224]
[418, 105, -247]
[514, 273, -2]
[453, 270, 2]
[517, 366, -16]
[446, 367, 39]
[520, 464, 84]
[445, 464, 155]
[511, 476, 91]
[455, 476, 164]
[532, 498, 22]
[434, 500, 100]
[480, 69, -135]
[487, 60, -124]
[491, 60, -124]
[494, 61, -124]
[475, 60, -124]
[471, 60, -124]
[466, 60, -124]
[500, 67, -63]
[462, 66, -59]
[489, 81, -112]
[473, 81, -111]
[532, 126, -39]
[432, 125, -32]
[553, 177, -120]
[412, 178, -124]
[550, 119, -225]
[416, 119, -248]
[549, 106, -247]
[413, 105, -272]
[549, 102, -243]
[415, 101, -267]
[545, 107, -226]
[418, 107, -250]
[514, 273, -2]
[453, 270, 2]
[517, 366, -11]
[446, 367, 39]
[520, 464, 92]
[445, 464, 157]
[511, 476, 99]
[455, 476, 165]
[532, 498, 29]
[434, 500, 101]
[480, 69, -143]
[487, 60, -133]
[491, 60, -133]
[494, 61, -133]
[475, 60, -132]
[471, 60, -132]
[466, 60, -132]
[500, 67, -70]
[462, 66, -65]
[489, 81, -119]
[473, 81, -118]
[532, 126, -43]
[432, 125, -37]
[553, 177, -124]
[412, 178, -129]
[550, 119, -228]
[417, 120, -255]
[549, 107, -249]
[414, 105, -280]
[549, 103, -246]
[416, 102, -275]
[545, 108, -229]
[419, 108, -257]
[514, 273, -2]
[453, 270, 2]
[518, 366, 3]
[446, 367, 42]
[520, 464, 102]
[445, 464, 160]
[511, 476, 108]
[455, 476, 168]
[532, 498, 38]
[434, 500, 104]
[480, 69, -144]
[487, 60, -134]
[491, 60, -134]
[494, 61, -134]
[475, 60, -133]
[471, 60, -133]
[466, 60, -133]
[500, 67, -71]
[462, 66, -66]
[489, 81, -120]
[473, 81, -119]
[532, 125, -42]
[432, 125, -37]
[553, 177, -122]
[412, 179, -128]
[550, 120, -229]
[417, 120, -254]
[550, 108, -251]
[414, 105, -280]
[550, 103, -248]
[416, 102, -276]
[546, 108, -231]
[419, 107, -257]
[514, 272, -2]
[452, 270, 2]
[518, 366, 13]
[446, 367, 43]
[520, 464, 106]
[445, 464, 159]
[511, 476, 112]
[455, 476, 167]
[532, 498, 42]
[434, 500, 102]
[481, 69, -139]
[487, 60, -130]
[491, 60, -130]
[494, 61, -130]
[475, 60, -129]
[471, 60, -129]
[467, 60, -129]
[500, 67, -68]
[462, 66, -64]
[489, 81, -116]
[473, 81, -114]
[532, 125, -39]
[432, 125, -35]
[552, 177, -118]
[412, 179, -121]
[550, 120, -224]
[417, 120, -242]
[551, 107, -246]
[415, 105, -267]
[550, 103, -243]
[418, 102, -262]
[545, 108, -225]
[421, 107, -244]
[513, 271, -2]
[452, 270, 2]
[517, 366, 18]
[446, 367, 47]
[520, 464, 106]
[445, 464, 160]
[511, 476, 111]
[455, 476, 168]
[532, 498, 42]
[434, 500, 105]
[481, 69, -138]
[487, 60, -129]
[491, 60, -129]
[494, 61, -129]
[475, 60, -128]
[471, 60, -128]
[467, 60, -128]
[500, 67, -68]
[462, 66, -64]
[489, 81, -115]
[473, 81, -114]
[532, 125, -38]
[432, 124, -35]
[552, 177, -117]
[412, 179, -121]
[550, 120, -224]
[418, 120, -242]
[551, 107, -247]
[415, 105, -268]
[550, 102, -243]
[420, 102, -262]
[545, 108, -226]
[423, 107, -244]
[513, 271, -2]
[452, 270, 2]
[517, 366, 22]
[446, 367, 51]
[520, 465, 107]
[445, 464, 163]
[511, 477, 112]
[455, 476, 172]
[532, 498, 43]
[434, 500, 109]
[480, 70, -142]
[487, 60, -134]
[491, 61, -134]
[494, 61, -134]
[475, 60, -133]
[471, 60, -133]
[467, 60, -133]
[499, 67, -72]
[462, 66, -67]
[489, 81, -119]
[473, 81, -117]
[532, 125, -38]
[432, 124, -36]
[552, 178, -118]
[412, 180, -122]
[551, 120, -226]
[418, 120, -250]
[553, 106, -248]
[415, 104, -276]
[552, 102, -245]
[420, 101, -272]
[547, 108, -228]
[422, 107, -252]
[513, 271, -2]
[452, 269, 2]
[517, 367, 25]
[446, 367, 50]
[520, 465, 110]
[445, 464, 158]
[511, 477, 115]
[455, 476, 165]
[532, 499, 45]
[434, 500, 101]
[480, 70, -159]
[487, 60, -151]
[491, 61, -151]
[494, 61, -151]
[475, 60, -149]
[471, 60, -149]
[467, 61, -149]
[499, 67, -88]
[462, 66, -80]
[489, 81, -134]
[473, 81, -132]
[532, 125, -49]
[432, 124, -44]
[552, 182, -127]
[412, 182, -128]
[551, 120, -239]
[418, 119, -262]
[553, 106, -261]
[415, 104, -288]
[552, 102, -257]
[419, 101, -285]
[547, 108, -240]
[422, 107, -265]
[513, 270, -2]
[452, 269, 2]
[517, 367, 20]
[446, 367, 51]
[520, 465, 108]
[445, 464, 160]
[511, 477, 114]
[455, 476, 168]
[532, 499, 42]
[434, 500, 102]
[480, 71, -163]
[487, 61, -156]
[491, 61, -156]
[494, 61, -156]
[475, 61, -153]
[471, 61, -153]
[467, 61, -153]
[499, 67, -94]
[462, 67, -83]
[489, 81, -140]
[473, 81, -136]
[532, 125, -56]
[433, 124, -44]
[552, 184, -137]
[412, 185, -127]
[551, 120, -251]
[417, 119, -261]
[553, 106, -275]
[413, 105, -288]
[552, 102, -271]
[416, 101, -285]
[547, 108, -253]
[420, 107, -264]
[512, 270, -4]
[452, 269, 4]
[517, 366, 13]
[446, 367, 50]
[520, 465, 93]
[445, 464, 159]
[511, 477, 97]
[455, 475, 167]
[532, 499, 24]
[434, 500, 102]
[480, 71, -162]
[486, 61, -154]
[491, 61, -154]
[494, 62, -154]
[475, 61, -152]
[471, 61, -152]
[467, 61, -152]
[499, 67, -91]
[462, 67, -81]
[489, 81, -138]
[473, 81, -135]
[532, 125, -53]
[433, 124, -43]
[550, 187, -135]
[413, 189, -121]
[552, 121, -255]
[417, 121, -259]
[554, 107, -280]
[412, 105, -285]
[552, 102, -277]
[415, 101, -282]
[548, 108, -257]
[419, 107, -261]
[512, 270, -4]
[452, 268, 4]
[517, 366, 13]
[446, 367, 50]
[520, 465, 91]
[445, 464, 158]
[511, 478, 95]
[455, 475, 166]
[532, 499, 22]
[435, 500, 100]
[480, 71, -161]
[486, 61, -152]
[490, 61, -152]
[494, 62, -152]
[475, 61, -150]
[471, 61, -150]
[467, 61, -150]
[499, 67, -89]
[462, 67, -80]
[489, 81, -137]
[473, 82, -134]
[532, 125, -51]
[433, 124, -42]
[550, 188, -132]
[414, 190, -117]
[552, 121, -253]
[417, 122, -259]
[554, 107, -277]
[412, 106, -284]
[552, 102, -275]
[414, 101, -280]
[548, 108, -255]
[418, 107, -261]
[512, 270, -4]
[452, 268, 4]
[517, 366, 12]
[446, 367, 50]
[520, 465, 90]
[445, 464, 154]
[511, 478, 94]
[455, 475, 161]
[532, 499, 22]
[435, 500, 95]
[480, 71, -158]
[486, 61, -149]
[490, 61, -149]
[494, 62, -149]
[475, 61, -147]
[471, 61, -147]
[467, 61, -147]
[499, 67, -87]
[462, 67, -78]
[489, 82, -134]
[473, 82, -132]
[532, 125, -49]
[433, 124, -41]
[548, 189, -130]
[414, 193, -113]
[552, 124, -251]
[417, 124, -250]
[554, 108, -276]
[412, 107, -277]
[553, 103, -274]
[414, 102, -274]
[549, 109, -254]
[418, 107, -253]
[512, 270, -4]
[452, 268, 4]
[517, 366, 15]
[446, 367, 50]
[520, 466, 92]
[445, 464, 155]
[511, 478, 96]
[455, 475, 162]
[532, 499, 24]
[435, 500, 97]
[480, 71, -157]
[486, 61, -148]
[491, 61, -148]
[494, 62, -148]
[475, 61, -146]
[471, 61, -146]
[467, 61, -146]
[499, 67, -86]
[462, 67, -77]
[489, 82, -133]
[472, 82, -131]
[531, 126, -45]
[433, 124, -41]
[547, 190, -127]
[416, 196, -117]
[555, 127, -250]
[417, 126, -263]
[560, 111, -275]
[411, 110, -291]
[557, 105, -273]
[413, 104, -288]
[556, 112, -253]
[418, 110, -266]
[512, 270, -4]
[452, 269, 4]
[517, 366, 15]
[446, 367, 50]
[520, 466, 93]
[445, 464, 156]
[511, 479, 97]
[455, 475, 164]
[532, 499, 25]
[435, 500, 97]
[480, 71, -148]
[486, 61, -138]
[491, 61, -138]
[494, 62, -138]
[475, 61, -137]
[471, 61, -137]
[467, 61, -137]
[499, 67, -73]
[462, 67, -67]
[489, 82, -124]
[472, 82, -122]
[531, 127, -35]
[432, 124, -33]
[544, 194, -113]
[417, 198, -110]
[556, 130, -245]
[416, 128, -255]
[560, 117, -271]
[411, 113, -283]
[558, 111, -271]
[412, 106, -282]
[555, 118, -249]
[416, 112, -258]
[512, 271, -4]
[452, 270, 4]
[517, 366, -5]
[446, 367, 44]
[520, 466, 73]
[445, 464, 149]
[511, 479, 77]
[455, 475, 156]
[532, 499, 3]
[435, 500, 90]
[480, 71, -158]
[487, 61, -147]
[491, 61, -147]
[494, 62, -147]
[475, 61, -146]
[471, 61, -146]
[467, 61, -146]
[499, 67, -80]
[462, 66, -74]
[489, 82, -133]
[472, 82, -132]
[531, 128, -41]
[431, 125, -37]
[544, 195, -119]
[417, 199, -113]
[559, 135, -258]
[414, 131, -258]
[563, 121, -284]
[407, 116, -286]
[560, 116, -283]
[409, 109, -285]
[558, 122, -262]
[413, 115, -262]
[512, 271, -4]
[452, 271, 4]
[518, 366, -25]
[446, 367, 39]
[520, 466, 63]
[446, 464, 149]
[511, 479, 68]
[455, 475, 157]
[532, 499, -7]
[436, 500, 88]
[480, 71, -157]
[487, 61, -147]
[491, 61, -147]
[494, 62, -147]
[475, 61, -145]
[471, 61, -145]
[467, 61, -145]
[499, 67, -80]
[462, 66, -74]
[489, 82, -133]
[472, 82, -131]
[531, 129, -42]
[431, 126, -37]
[543, 196, -120]
[417, 200, -114]
[559, 138, -257]
[414, 133, -260]
[564, 122, -282]
[407, 117, -287]
[560, 117, -282]
[408, 110, -286]
[557, 124, -261]
[413, 117, -263]
[512, 272, -4]
[452, 272, 4]
[518, 366, -24]
[446, 367, 38]
[520, 466, 66]
[446, 464, 150]
[510, 479, 71]
[455, 475, 157]
[532, 499, -4]
[436, 500, 89]
[481, 71, -157]
[487, 61, -147]
[491, 61, -147]
[494, 62, -147]
[475, 61, -146]
[471, 61, -146]
[467, 61, -146]
[500, 67, -81]
[462, 66, -74]
[489, 82, -133]
[473, 82, -131]
[531, 131, -43]
[431, 127, -38]
[543, 201, -121]
[418, 202, -114]
[557, 142, -255]
[414, 136, -261]
[562, 126, -280]
[407, 121, -289]
[559, 121, -278]
[408, 114, -287]
[555, 128, -258]
[412, 121, -265]
[512, 272, -4]
[452, 272, 4]
[518, 366, -29]
[446, 367, 36]
[520, 466, 56]
[446, 464, 144]
[510, 479, 61]
[455, 475, 151]
[532, 499, -15]
[436, 501, 83]
[481, 71, -177]
[488, 61, -166]
[491, 62, -166]
[494, 62, -166]
[475, 61, -165]
[471, 61, -165]
[467, 61, -165]
[500, 67, -95]
[462, 66, -93]
[489, 82, -151]
[473, 82, -150]
[531, 133, -54]
[431, 128, -54]
[543, 205, -134]
[418, 204, -131]
[561, 146, -278]
[413, 141, -281]
[568, 132, -306]
[406, 126, -310]
[566, 128, -306]
[407, 119, -308]
[561, 133, -282]
[411, 125, -284]
[512, 273, -4]
[452, 273, 4]
[518, 366, -37]
[446, 367, 37]
[519, 466, 59]
[446, 464, 152]
[510, 479, 64]
[456, 475, 160]
[532, 499, -12]
[436, 501, 88]
[482, 72, -169]
[488, 62, -159]
[491, 62, -159]
[494, 63, -159]
[476, 61, -158]
[472, 61, -158]
[468, 61, -158]
[500, 67, -91]
[462, 66, -87]
[489, 82, -144]
[473, 82, -143]
[531, 133, -47]
[431, 128, -49]
[543, 204, -113]
[418, 204, -127]
[571, 149, -258]
[413, 148, -272]
[590, 140, -289]
[406, 133, -300]
[584, 135, -295]
[407, 126, -298]
[576, 138, -269]
[411, 131, -275]
[513, 273, -2]
[452, 273, 2]
[518, 366, -32]
[446, 367, 17]
[519, 466, 62]
[446, 464, 118]
[510, 479, 67]
[456, 475, 125]
[533, 500, -6]
[435, 501, 55]
[482, 73, -174]
[488, 63, -163]
[492, 63, -163]
[495, 63, -163]
[476, 62, -162]
[472, 62, -162]
[468, 63, -162]
[500, 68, -96]
[462, 67, -91]
[489, 83, -149]
[473, 83, -148]
[532, 133, -50]
[432, 128, -51]
[545, 200, -109]
[417, 205, -126]
[593, 156, -248]
[412, 154, -272]
[608, 147, -276]
[406, 141, -300]
[607, 140, -294]
[407, 134, -300]
[599, 143, -258]
[411, 139, -275]
[513, 273, -1]
[453, 273, 1]
[518, 366, -49]
[446, 367, 7]
[519, 466, 50]
[446, 464, 113]
[509, 479, 56]
[456, 475, 119]
[533, 500, -19]
[435, 501, 48]
[482, 74, -175]
[489, 63, -165]
[492, 63, -165]
[495, 64, -165]
[476, 63, -164]
[472, 63, -164]
[468, 63, -164]
[500, 68, -97]
[462, 68, -94]
[489, 83, -150]
[473, 84, -149]
[532, 132, -51]
[432, 128, -53]
[546, 200, -110]
[417, 206, -125]
[590, 158, -248]
[412, 155, -271]
[602, 150, -276]
[406, 143, -300]
[591, 146, -288]
[408, 136, -300]
[586, 150, -258]
[412, 140, -275]
[513, 273, -1]
[453, 273, 1]
[518, 366, -39]
[446, 366, 17]
[519, 467, 57]
[446, 464, 124]
[509, 479, 63]
[456, 475, 131]
[534, 501, -12]
[435, 501, 61]
[482, 74, -195]
[489, 63, -185]
[492, 63, -185]
[495, 64, -185]
[476, 63, -184]
[472, 63, -184]
[468, 64, -184]
[500, 68, -116]
[462, 68, -111]
[490, 84, -169]
[473, 84, -168]
[533, 132, -67]
[432, 128, -65]
[547, 199, -129]
[417, 205, -134]
[593, 160, -275]
[412, 165, -289]
[606, 150, -303]
[407, 155, -319]
[591, 149, -312]
[408, 147, -320]
[583, 152, -283]
[412, 150, -293]
[513, 273, -1]
[453, 273, 1]
[518, 366, -36]
[446, 366, 11]
[519, 467, 68]
[446, 464, 127]
[509, 480, 75]
[456, 475, 135]
[534, 501, -3]
[435, 501, 62]
[482, 74, -186]
[489, 63, -178]
[492, 64, -178]
[495, 64, -178]
[476, 64, -176]
[472, 64, -176]
[468, 64, -176]
[500, 68, -112]
[462, 68, -103]
[490, 84, -161]
[474, 84, -159]
[534, 132, -62]
[432, 128, -50]
[547, 199, -100]
[418, 202, -93]
[586, 194, -237]
[413, 185, -235]
[594, 198, -264]
[405, 187, -263]
[580, 172, -280]
[405, 177, -272]
[580, 186, -247]
[410, 177, -243]
[514, 273, -1]
[453, 273, 1]
[518, 366, -51]
[446, 366, 17]
[519, 467, 54]
[446, 464, 132]
[509, 480, 60]
[456, 475, 140]
[534, 502, -20]
[435, 501, 64]
[482, 74, -189]
[489, 63, -180]
[492, 64, -180]
[496, 64, -180]
[477, 64, -178]
[472, 64, -178]
[468, 64, -178]
[501, 68, -113]
[463, 68, -106]
[490, 84, -164]
[474, 84, -162]
[535, 132, -68]
[432, 129, -58]
[547, 199, -123]
[418, 202, -102]
[584, 186, -273]
[413, 182, -253]
[590, 184, -302]
[405, 176, -282]
[577, 169, -313]
[405, 164, -291]
[576, 173, -282]
[411, 166, -261]
[514, 274, -1]
[453, 274, 1]
[518, 366, -62]
[446, 367, 11]
[519, 467, 48]
[446, 464, 129]
[509, 479, 54]
[456, 475, 136]
[534, 502, -25]
[435, 501, 63]
[483, 74, -202]
[489, 63, -192]
[493, 64, -192]
[496, 64, -192]
[477, 63, -191]
[472, 64, -191]
[469, 64, -191]
[501, 68, -123]
[463, 68, -118]
[491, 84, -175]
[474, 84, -174]
[537, 132, -77]
[432, 129, -68]
[550, 199, -134]
[418, 204, -113]
[583, 188, -282]
[415, 189, -263]
[588, 186, -311]
[405, 188, -292]
[573, 174, -322]
[408, 175, -301]
[576, 176, -290]
[415, 175, -271]
[515, 276, -1]
[453, 275, 1]
[518, 366, -54]
[446, 367, 8]
[519, 467, 49]
[446, 464, 129]
[509, 479, 57]
[456, 475, 137]
[534, 502, -20]
[435, 501, 63]
[483, 74, -202]
[490, 63, -192]
[493, 63, -192]
[496, 64, -192]
[477, 63, -191]
[472, 64, -191]
[469, 64, -191]
[501, 68, -123]
[463, 68, -118]
[491, 83, -175]
[474, 84, -174]
[537, 132, -78]
[432, 129, -68]
[552, 199, -133]
[418, 204, -112]
[579, 192, -278]
[416, 194, -256]
[582, 193, -307]
[406, 198, -285]
[570, 175, -318]
[408, 188, -296]
[563, 175, -286]
[415, 187, -264]
[515, 276, -2]
[453, 275, 2]
[518, 367, -51]
[446, 367, 9]
[519, 467, 73]
[446, 464, 130]
[509, 479, 81]
[456, 475, 138]
[534, 501, 2]
[435, 501, 65]
[483, 73, -208]
[490, 63, -198]
[493, 63, -198]
[496, 63, -198]
[477, 63, -197]
[472, 63, -197]
[469, 63, -197]
[502, 68, -129]
[463, 68, -124]
[491, 83, -181]
[474, 84, -180]
[537, 132, -83]
[432, 130, -75]
[553, 200, -144]
[418, 204, -134]
[572, 189, -286]
[420, 190, -282]
[574, 185, -314]
[416, 186, -311]
[570, 172, -321]
[418, 174, -314]
[564, 174, -292]
[422, 175, -286]
[516, 276, -2]
[453, 275, 2]
[518, 367, -47]
[447, 367, 10]
[519, 467, 72]
[446, 464, 139]
[509, 479, 79]
[456, 475, 147]
[534, 501, 1]
[435, 501, 74]
[483, 73, -209]
[490, 63, -199]
[493, 63, -199]
[497, 63, -199]
[477, 63, -199]
[472, 63, -199]
[469, 63, -199]
[502, 67, -132]
[463, 68, -132]
[491, 83, -183]
[474, 83, -183]
[537, 133, -85]
[432, 130, -84]
[556, 203, -87]
[418, 206, -129]
[583, 238, -171]
[422, 201, -266]
[592, 251, -190]
[420, 206, -293]
[593, 246, -209]
[418, 192, -306]
[584, 238, -180]
[422, 191, -274]
[516, 276, -2]
[454, 275, 2]
[518, 367, -21]
[448, 367, 41]
[519, 466, 95]
[446, 464, 176]
[509, 479, 102]
[456, 475, 186]
[534, 501, 28]
[435, 501, 118]
[483, 72, -222]
[490, 62, -211]
[493, 62, -211]
[497, 62, -211]
[477, 62, -211]
[472, 62, -211]
[469, 62, -211]
[502, 67, -141]
[463, 67, -143]
[491, 82, -196]
[474, 83, -196]
[538, 133, -96]
[432, 131, -94]
[556, 206, -92]
[419, 210, -127]
[581, 258, -171]
[422, 237, -243]
[590, 281, -192]
[419, 248, -269]
[588, 279, -210]
[418, 239, -284]
[581, 272, -181]
[422, 235, -252]
[517, 277, -2]
[454, 275, 2]
[518, 367, -21]
[448, 367, 36]
[519, 466, 102]
[446, 464, 170]
[509, 479, 110]
[456, 475, 179]
[534, 501, 34]
[435, 501, 109]
[483, 70, -203]
[490, 61, -190]
[494, 61, -190]
[497, 61, -190]
[477, 60, -192]
[472, 61, -192]
[469, 61, -192]
[502, 66, -122]
[463, 67, -132]
[491, 81, -177]
[474, 82, -180]
[538, 134, -91]
[432, 132, -94]
[556, 206, -89]
[419, 209, -94]
[575, 249, -193]
[419, 240, -207]
[582, 265, -218]
[416, 252, -232]
[579, 250, -235]
[416, 244, -247]
[572, 253, -203]
[421, 239, -216]
[518, 277, -2]
[454, 275, 2]
[518, 367, -41]
[448, 367, 21]
[519, 466, 85]
[446, 464, 148]
[509, 479, 94]
[456, 475, 156]
[533, 501, 18]
[435, 501, 85]
[483, 69, -197]
[490, 60, -185]
[494, 60, -185]
[497, 60, -185]
[477, 60, -187]
[472, 60, -187]
[469, 60, -187]
[503, 65, -118]
[463, 66, -129]
[491, 80, -172]
[474, 81, -175]
[538, 134, -87]
[432, 132, -87]
[556, 206, -91]
[419, 209, -92]
[573, 249, -197]
[418, 233, -205]
[579, 265, -221]
[413, 253, -230]
[576, 248, -238]
[414, 245, -245]
[569, 253, -206]
[420, 240, -214]
[518, 277, -2]
[454, 275, 2]
[518, 367, -44]
[448, 367, 19]
[519, 466, 79]
[446, 464, 144]
[509, 479, 87]
[456, 475, 152]
[533, 501, 9]
[434, 501, 81]
[483, 69, -205]
[490, 59, -195]
[494, 60, -195]
[498, 60, -195]
[477, 59, -195]
[473, 59, -195]
[469, 60, -195]
[503, 65, -129]
[463, 66, -132]
[491, 80, -181]
[474, 81, -181]
[538, 134, -92]
[432, 132, -86]
[556, 207, -97]
[419, 208, -96]
[571, 254, -198]
[415, 250, -199]
[579, 274, -221]
[411, 263, -222]
[576, 269, -239]
[411, 260, -239]
[569, 263, -208]
[418, 254, -208]
[518, 276, -1]
[453, 275, 1]
[518, 368, -3]
[448, 368, 20]
[519, 466, 114]
[446, 464, 143]
[509, 479, 121]
[456, 475, 150]
[533, 501, 48]
[434, 501, 80]
[483, 68, -194]
[490, 59, -184]
[494, 59, -184]
[498, 60, -184]
[477, 59, -184]
[473, 59, -184]
[469, 59, -184]
[503, 65, -121]
[463, 65, -126]
[491, 80, -170]
[474, 80, -171]
[538, 134, -89]
[432, 132, -82]
[556, 207, -87]
[419, 208, -88]
[569, 254, -177]
[415, 248, -185]
[576, 267, -199]
[411, 264, -208]
[576, 266, -217]
[411, 260, -225]
[569, 260, -186]
[418, 254, -194]
[518, 277, -1]
[453, 275, 1]
[518, 368, -14]
[447, 368, 19]
[519, 466, 99]
[446, 464, 137]
[509, 479, 106]
[456, 476, 144]
[533, 501, 32]
[434, 501, 75]
[483, 68, -187]
[490, 59, -177]
[494, 59, -177]
[498, 59, -177]
[477, 59, -177]
[473, 59, -177]
[469, 59, -177]
[503, 65, -116]
[463, 65, -116]
[491, 79, -164]
[474, 80, -164]
[538, 134, -85]
[432, 132, -73]
[555, 207, -88]
[419, 206, -75]
[565, 260, -173]
[415, 253, -166]
[573, 279, -196]
[411, 270, -189]
[568, 276, -214]
[413, 266, -207]
[562, 269, -182]
[418, 259, -176]
[518, 277, -1]
[453, 275, 1]
[518, 368, 5]
[447, 368, 12]
[520, 466, 113]
[446, 464, 123]
[509, 479, 119]
[456, 476, 129]
[533, 501, 46]
[434, 501, 57]
[483, 68, -188]
[490, 59, -178]
[494, 59, -178]
[498, 59, -178]
[477, 58, -178]
[473, 58, -178]
[469, 59, -178]
[503, 64, -116]
[463, 64, -115]
[491, 79, -165]
[474, 80, -164]
[538, 134, -85]
[432, 132, -72]
[554, 207, -86]
[420, 204, -71]
[561, 264, -159]
[416, 255, -155]
[567, 284, -179]
[414, 271, -177]
[562, 281, -198]
[416, 268, -195]
[555, 273, -167]
[420, 261, -165]
[518, 277, -1]
[453, 275, 1]
[518, 368, 1]
[447, 368, 4]
[520, 466, 108]
[447, 464, 113]
[510, 479, 114]
[457, 476, 119]
[533, 501, 40]
[434, 501, 46]
[483, 68, -182]
[490, 58, -172]
[494, 59, -172]
[498, 59, -172]
[477, 58, -172]
[473, 58, -172]
[469, 59, -172]
[503, 64, -112]
[463, 64, -110]
[491, 79, -159]
[474, 80, -158]
[538, 133, -83]
[433, 131, -68]
[553, 207, -80]
[421, 203, -67]
[557, 265, -153]
[416, 257, -149]
[562, 283, -174]
[415, 274, -171]
[556, 282, -191]
[418, 271, -188]
[551, 275, -161]
[421, 264, -158]
[518, 277, -1]
[453, 275, 1]
[518, 368, -7]
[447, 368, 3]
[520, 466, 102]
[447, 464, 111]
[510, 478, 109]
[457, 477, 117]
[533, 500, 36]
[433, 501, 46]
[483, 68, -178]
[490, 58, -169]
[494, 59, -169]
[498, 59, -169]
[477, 58, -168]
[473, 58, -168]
[469, 58, -168]
[503, 64, -108]
[463, 64, -106]
[491, 79, -156]
[474, 79, -155]
[538, 133, -79]
[433, 131, -65]
[553, 207, -76]
[421, 203, -65]
[556, 265, -148]
[417, 258, -147]
[560, 284, -169]
[416, 275, -169]
[554, 282, -186]
[419, 272, -186]
[550, 275, -156]
[422, 265, -156]
[518, 277, -1]
[453, 275, 1]
[519, 368, -9]
[447, 368, 2]
[520, 465, 101]
[446, 464, 111]
[510, 478, 107]
[457, 477, 117]
[533, 500, 36]
[433, 501, 46]
[483, 67, -181]
[490, 58, -171]
[494, 58, -171]
[497, 59, -171]
[477, 58, -171]
[473, 58, -171]
[469, 58, -171]
[503, 64, -109]
[463, 64, -107]
[491, 79, -158]
[474, 79, -157]
[538, 133, -79]
[433, 130, -65]
[552, 207, -77]
[421, 203, -69]
[556, 264, -146]
[420, 255, -154]
[559, 283, -167]
[420, 270, -176]
[554, 281, -185]
[424, 270, -193]
[549, 274, -155]
[425, 261, -163]
[518, 277, -1]
[453, 275, 1]
[519, 368, -5]
[447, 368, 4]
[520, 465, 105]
[446, 465, 114]
[510, 478, 111]
[457, 477, 120]
[533, 500, 40]
[433, 501, 49]
[483, 67, -181]
[490, 58, -172]
[494, 58, -172]
[497, 58, -172]
[477, 58, -171]
[473, 58, -171]
[469, 58, -171]
[503, 64, -110]
[463, 63, -108]
[491, 78, -158]
[474, 79, -158]
[538, 132, -79]
[433, 130, -65]
[551, 206, -77]
[422, 203, -66]
[556, 266, -141]
[421, 254, -149]
[560, 285, -161]
[421, 271, -170]
[554, 284, -178]
[424, 268, -186]
[549, 278, -149]
[426, 260, -158]
[518, 277, -1]
[453, 275, 1]
[519, 368, -7]
[447, 368, 6]
[520, 465, 104]
[446, 465, 117]
[510, 478, 111]
[457, 477, 124]
[533, 500, 40]
[433, 501, 53]
[483, 67, -177]
[490, 57, -166]
[494, 58, -166]
[497, 58, -166]
[477, 57, -166]
[473, 57, -166]
[469, 57, -166]
[503, 63, -104]
[463, 63, -102]
[491, 78, -154]
[474, 79, -153]
[538, 132, -76]
[433, 129, -59]
[551, 206, -73]
[422, 203, -65]
[555, 270, -135]
[423, 252, -153]
[559, 291, -155]
[425, 269, -175]
[553, 292, -171]
[428, 265, -190]
[548, 285, -142]
[432, 258, -162]
[517, 277, -1]
[453, 275, 1]
[519, 368, -33]
[446, 368, 2]
[520, 465, 81]
[446, 465, 113]
[510, 478, 88]
[457, 477, 119]
[533, 500, 16]
[433, 501, 49]
[483, 66, -182]
[490, 57, -171]
[494, 57, -171]
[497, 57, -171]
[477, 57, -171]
[473, 57, -171]
[469, 57, -171]
[503, 62, -108]
[463, 62, -106]
[491, 78, -158]
[475, 78, -158]
[538, 132, -79]
[433, 129, -59]
[551, 206, -73]
[422, 203, -62]
[554, 269, -134]
[425, 251, -138]
[557, 290, -152]
[427, 269, -158]
[551, 291, -169]
[429, 266, -174]
[546, 284, -141]
[431, 258, -146]
[517, 276, -1]
[453, 275, 1]
[519, 368, -27]
[446, 368, 4]
[520, 465, 94]
[446, 465, 115]
[510, 478, 101]
[457, 477, 122]
[533, 500, 29]
[433, 501, 52]
[483, 66, -184]
[490, 56, -174]
[494, 57, -174]
[497, 57, -174]
[477, 56, -173]
[473, 56, -173]
[469, 56, -173]
[503, 62, -110]
[463, 62, -108]
[491, 77, -161]
[475, 78, -160]
[538, 132, -80]
[433, 129, -60]
[550, 206, -73]
[422, 203, -62]
[553, 269, -133]
[425, 250, -138]
[557, 290, -152]
[428, 269, -158]
[551, 290, -169]
[430, 265, -174]
[546, 284, -141]
[431, 258, -147]
[517, 276, -1]
[453, 275, 1]
[519, 368, -26]
[446, 368, 4]
[520, 465, 97]
[446, 465, 117]
[510, 478, 105]
[457, 477, 123]
[533, 500, 32]
[433, 501, 53]
[483, 65, -192]
[490, 56, -182]
[494, 56, -182]
[497, 57, -182]
[477, 56, -181]
[473, 56, -181]
[469, 56, -181]
[503, 62, -118]
[463, 61, -115]
[491, 77, -168]
[475, 78, -167]
[538, 132, -84]
[433, 129, -64]
[550, 206, -75]
[423, 203, -49]
[553, 269, -139]
[425, 254, -110]
[557, 289, -158]
[427, 273, -128]
[552, 290, -176]
[429, 271, -147]
[547, 284, -147]
[431, 263, -119]
[517, 276, -1]
[453, 274, 1]
[519, 367, -20]
[446, 368, -1]
[520, 465, 102]
[446, 465, 114]
[510, 478, 109]
[457, 477, 120]
[533, 500, 35]
[433, 501, 46]
[483, 65, -206]
[490, 56, -196]
[494, 56, -196]
[497, 57, -196]
[477, 56, -196]
[473, 56, -196]
[469, 56, -196]
[503, 61, -132]
[463, 61, -129]
[491, 77, -181]
[475, 78, -180]
[538, 132, -93]
[433, 129, -77]
[549, 206, -76]
[423, 203, -52]
[552, 270, -141]
[424, 257, -108]
[556, 290, -159]
[424, 276, -126]
[551, 291, -178]
[427, 273, -145]
[546, 284, -149]
[429, 266, -117]
[516, 276, -1]
[453, 274, 1]
[518, 367, -10]
[446, 368, -2]
[520, 465, 108]
[446, 465, 112]
[511, 478, 115]
[457, 477, 119]
[533, 500, 39]
[433, 501, 43]
[483, 65, -218]
[490, 56, -209]
[494, 56, -209]
[497, 56, -209]
[477, 56, -209]
[473, 56, -209]
[469, 56, -209]
[503, 61, -143]
[463, 61, -142]
[491, 77, -193]
[475, 78, -193]
[538, 132, -100]
[433, 128, -88]
[549, 206, -79]
[423, 202, -57]
[552, 269, -142]
[423, 258, -114]
[556, 290, -160]
[421, 277, -132]
[551, 290, -179]
[424, 273, -152]
[546, 283, -150]
[427, 267, -124]
[516, 274, -1]
[453, 272, 1]
[518, 367, -1]
[446, 368, -1]
[520, 465, 113]
[446, 465, 110]
[511, 478, 120]
[457, 477, 117]
[533, 500, 42]
[433, 501, 39]
[483, 65, -221]
[490, 56, -212]
[494, 56, -212]
[497, 56, -212]
[477, 56, -211]
[473, 56, -212]
[469, 56, -212]
[503, 61, -146]
[463, 61, -145]
[491, 77, -196]
[475, 78, -195]
[538, 131, -101]
[433, 128, -91]
[549, 205, -80]
[423, 202, -59]
[551, 269, -140]
[421, 259, -111]
[556, 290, -157]
[417, 279, -128]
[550, 290, -177]
[420, 277, -149]
[546, 283, -148]
[424, 269, -121]
[515, 272, -1]
[452, 270, 1]
[518, 367, -5]
[445, 368, -5]
[520, 465, 109]
[446, 465, 104]
[511, 478, 116]
[457, 477, 110]
[533, 500, 39]
[433, 501, 31]
[483, 65, -214]
[490, 56, -205]
[494, 56, -205]
[497, 56, -205]
[477, 56, -204]
[473, 56, -204]
[469, 56, -204]
[503, 61, -140]
[463, 61, -139]
[491, 77, -189]
[475, 78, -189]
[537, 131, -97]
[433, 128, -87]
[548, 205, -76]
[423, 201, -57]
[551, 269, -129]
[419, 260, -103]
[555, 290, -146]
[414, 280, -119]
[550, 291, -165]
[418, 279, -140]
[546, 284, -138]
[422, 271, -113]
[515, 272, -1]
[452, 270, 1]
[518, 367, -5]
[445, 368, -3]
[520, 466, 108]
[446, 465, 107]
[511, 478, 114]
[456, 477, 114]
[533, 500, 38]
[433, 501, 37]
[483, 65, -211]
[490, 56, -202]
[494, 56, -202]
[497, 56, -202]
[477, 56, -202]
[473, 56, -202]
[469, 56, -202]
[503, 61, -138]
[463, 61, -136]
[491, 77, -186]
[475, 78, -186]
[537, 131, -96]
[433, 128, -85]
[548, 205, -75]
[423, 201, -55]
[551, 270, -127]
[418, 260, -101]
[555, 291, -143]
[413, 280, -117]
[551, 292, -162]
[416, 279, -138]
[546, 285, -136]
[421, 271, -111]
[515, 272, -1]
[452, 270, 1]
[518, 367, -5]
[445, 368, 0]
[520, 466, 108]
[446, 465, 116]
[510, 478, 115]
[456, 477, 123]
[533, 500, 39]
[433, 501, 48]
[483, 65, -211]
[490, 56, -202]
[494, 56, -202]
[497, 56, -202]
[477, 56, -201]
[473, 56, -201]
[469, 56, -201]
[503, 61, -138]
[463, 61, -135]
[491, 77, -186]
[475, 78, -185]
[537, 131, -96]
[433, 127, -84]
[548, 205, -75]
[423, 201, -52]
[551, 270, -128]
[418, 260, -98]
[555, 291, -145]
[412, 280, -114]
[551, 292, -164]
[415, 279, -135]
[546, 285, -137]
[420, 271, -108]
[515, 272, -1]
[452, 270, 1]
[518, 367, -5]
[445, 368, 0]
[520, 466, 107]
[446, 465, 116]
[510, 478, 114]
[456, 477, 123]
[533, 500, 39]
[433, 501, 48]
[483, 65, -210]
[490, 56, -201]
[494, 56, -201]
[497, 56, -201]
[477, 56, -201]
[473, 56, -201]
[469, 56, -201]
[503, 61, -137]
[463, 61, -135]
[491, 77, -185]
[475, 78, -185]
[537, 131, -95]
[433, 127, -83]
[548, 205, -74]
[423, 201, -51]
[551, 270, -126]
[417, 260, -96]
[555, 291, -142]
[412, 280, -112]
[551, 292, -161]
[415, 279, -133]
[547, 285, -134]
[420, 271, -106]
[515, 272, -1]
[452, 270, 1]
[518, 367, -5]
[445, 368, 3]
[520, 466, 109]
[446, 465, 121]
[510, 478, 116]
[456, 476, 129]
[533, 500, 41]
[433, 501, 54]
[483, 65, -209]
[490, 56, -200]
[494, 56, -200]
[497, 56, -200]
[477, 56, -200]
[473, 56, -200]
[469, 56, -200]
[503, 61, -136]
[463, 61, -134]
[491, 77, -184]
[475, 78, -184]
[538, 131, -96]
[433, 127, -83]
[548, 205, -75]
[422, 201, -50]
[551, 270, -126]
[417, 260, -96]
[555, 291, -143]
[412, 280, -112]
[551, 292, -161]
[415, 279, -133]
[547, 285, -135]
[420, 270, -106]
[515, 272, -1]
[452, 270, 1]
[518, 367, -3]
[445, 368, 5]
[520, 466, 112]
[446, 465, 124]
[510, 478, 119]
[456, 476, 131]
[533, 500, 45]
[433, 501, 57]
[483, 65, -209]
[490, 56, -200]
[494, 56, -200]
[497, 56, -200]
[477, 56, -199]
[473, 56, -199]
[469, 56, -199]
[503, 61, -136]
[463, 61, -133]
[491, 77, -184]
[475, 77, -183]
[538, 131, -95]
[433, 127, -82]
[548, 205, -75]
[422, 201, -51]
[551, 271, -126]
[417, 260, -98]
[555, 291, -142]
[412, 280, -114]
[551, 292, -160]
[415, 279, -134]
[547, 285, -134]
[420, 270, -108]
[515, 272, -1]
[452, 271, 1]
[518, 367, -2]
[445, 368, 6]
[520, 466, 112]
[446, 465, 124]
[510, 478, 119]
[456, 476, 131]
[533, 500, 45]
[433, 501, 57]
[483, 65, -212]
[490, 56, -203]
[494, 56, -203]
[497, 56, -203]
[477, 56, -203]
[473, 56, -203]
[469, 56, -203]
[503, 61, -137]
[463, 61, -135]
[491, 77, -187]
[475, 77, -187]
[538, 131, -97]
[433, 127, -84]
[547, 205, -77]
[422, 201, -58]
[551, 272, -127]
[419, 259, -112]
[555, 292, -143]
[415, 280, -129]
[551, 293, -162]
[420, 277, -148]
[546, 287, -135]
[423, 270, -121]
[515, 272, -2]
[452, 271, 2]
[518, 367, -14]
[445, 369, 6]
[520, 466, 111]
[446, 465, 126]
[511, 478, 119]
[456, 476, 134]
[533, 500, 43]
[434, 501, 59]
[483, 65, -213]
[490, 56, -203]
[494, 56, -203]
[497, 56, -203]
[477, 56, -203]
[473, 56, -203]
[469, 56, -203]
[503, 61, -137]
[463, 61, -135]
[491, 77, -187]
[475, 77, -187]
[538, 130, -97]
[433, 127, -84]
[548, 205, -77]
[422, 201, -61]
[551, 272, -128]
[419, 259, -116]
[555, 293, -145]
[417, 280, -133]
[551, 294, -164]
[423, 277, -152]
[546, 287, -137]
[425, 270, -125]
[515, 273, -2]
[452, 271, 2]
[518, 367, -19]
[445, 369, 5]
[520, 466, 107]
[446, 465, 126]
[511, 478, 115]
[456, 476, 134]
[533, 500, 39]
[434, 501, 59]
[483, 65, -214]
[490, 56, -204]
[494, 56, -204]
[497, 56, -204]
[477, 56, -204]
[473, 56, -204]
[469, 56, -204]
[503, 61, -138]
[463, 61, -137]
[491, 77, -188]
[475, 77, -188]
[537, 130, -96]
[433, 127, -85]
[547, 204, -77]
[422, 201, -62]
[550, 272, -128]
[420, 259, -115]
[554, 292, -144]
[418, 280, -133]
[550, 293, -162]
[424, 276, -151]
[545, 287, -136]
[426, 269, -124]
[515, 273, -2]
[452, 271, 2]
[518, 367, -17]
[445, 369, 5]
[520, 465, 107]
[446, 465, 126]
[511, 478, 115]
[456, 476, 133]
[533, 500, 39]
[434, 501, 58]
[483, 65, -215]
[490, 56, -206]
[494, 56, -206]
[497, 56, -206]
[477, 56, -206]
[473, 56, -206]
[469, 56, -206]
[503, 61, -140]
[463, 61, -139]
[491, 77, -190]
[475, 77, -190]
[537, 130, -97]
[433, 127, -88]
[547, 204, -77]
[421, 201, -61]
[550, 272, -128]
[420, 259, -111]
[553, 292, -145]
[418, 279, -128]
[549, 293, -163]
[423, 276, -147]
[545, 287, -136]
[426, 269, -120]
[515, 273, -2]
[452, 271, 2]
[518, 367, -11]
[445, 369, 5]
[520, 465, 111]
[446, 465, 125]
[511, 478, 119]
[456, 476, 133]
[533, 500, 43]
[434, 501, 57]
[483, 65, -215]
[490, 56, -205]
[494, 56, -206]
[497, 56, -206]
[477, 56, -205]
[473, 56, -205]
[469, 56, -205]
[503, 61, -140]
[463, 61, -139]
[491, 77, -190]
[475, 77, -190]
[537, 130, -97]
[433, 127, -88]
[548, 204, -76]
[421, 201, -61]
[550, 272, -126]
[420, 259, -109]
[553, 292, -142]
[419, 279, -125]
[549, 293, -161]
[423, 276, -145]
[544, 287, -134]
[426, 269, -118]
[515, 273, -2]
[452, 271, 2]
[518, 368, -7]
[445, 370, 5]
[520, 465, 113]
[446, 465, 124]
[511, 478, 121]
[456, 476, 131]
[533, 500, 45]
[434, 501, 55]
[483, 65, -216]
[490, 56, -207]
[494, 56, -207]
[497, 56, -207]
[477, 56, -207]
[473, 56, -207]
[469, 56, -207]
[503, 61, -141]
[464, 61, -141]
[491, 77, -191]
[475, 77, -191]
[537, 130, -98]
[433, 127, -89]
[548, 204, -75]
[421, 201, -61]
[550, 272, -124]
[421, 259, -108]
[553, 292, -140]
[420, 279, -125]
[549, 293, -158]
[424, 276, -144]
[544, 287, -132]
[427, 269, -117]
[515, 273, -2]
[452, 272, 2]
[518, 368, -1]
[445, 370, 10]
[520, 465, 120]
[446, 465, 130]
[511, 478, 127]
[456, 476, 138]
[533, 500, 52]
[434, 501, 63]
[483, 65, -211]
[490, 56, -201]
[494, 56, -201]
[497, 56, -201]
[477, 56, -201]
[473, 56, -201]
[469, 56, -201]
[503, 61, -137]
[464, 61, -135]
[491, 77, -186]
[475, 77, -186]
[537, 130, -96]
[433, 127, -85]
[548, 204, -74]
[421, 201, -57]
[550, 272, -124]
[421, 259, -104]
[553, 292, -141]
[420, 279, -120]
[549, 293, -159]
[424, 276, -140]
[544, 287, -132]
[427, 269, -113]
[515, 273, -2]
[452, 272, 2]
[518, 368, -3]
[445, 370, 12]
[520, 465, 117]
[446, 465, 132]
[511, 478, 124]
[456, 476, 140]
[533, 500, 49]
[434, 501, 66]
[483, 65, -198]
[490, 56, -189]
[494, 56, -189]
[497, 56, -189]
[477, 56, -188]
[473, 56, -188]
[469, 56, -188]
[502, 61, -127]
[464, 61, -123]
[491, 77, -174]
[474, 77, -173]
[537, 130, -91]
[433, 127, -73]
[548, 204, -74]
[421, 201, -48]
[551, 272, -127]
[421, 259, -97]
[554, 291, -145]
[420, 279, -113]
[550, 292, -163]
[424, 276, -132]
[545, 286, -135]
[427, 269, -106]
[515, 273, -3]
[452, 272, 3]
[518, 368, -3]
[445, 370, 20]
[520, 465, 116]
[446, 465, 141]
[511, 478, 123]
[456, 476, 149]
[533, 500, 48]
[434, 502, 78]
[483, 65, -189]
[490, 56, -180]
[494, 56, -180]
[497, 56, -180]
[477, 56, -179]
[473, 56, -179]
[469, 56, -179]
[502, 61, -118]
[464, 61, -113]
[491, 77, -165]
[474, 78, -164]
[537, 130, -84]
[433, 127, -65]
[548, 204, -72]
[421, 201, -45]
[551, 271, -127]
[421, 259, -100]
[554, 291, -146]
[422, 278, -117]
[550, 292, -164]
[426, 274, -136]
[545, 285, -135]
[427, 268, -109]
[515, 274, -3]
[452, 273, 3]
[518, 367, -17]
[445, 370, 16]
[520, 465, 102]
[446, 465, 137]
[511, 478, 110]
[456, 475, 144]
[532, 500, 36]
[434, 502, 73]
[483, 66, -193]
[490, 56, -184]
[494, 56, -184]
[497, 57, -184]
[477, 56, -183]
[473, 57, -183]
[469, 57, -183]
[502, 62, -121]
[464, 62, -117]
[491, 77, -169]
[474, 78, -168]
[537, 130, -86]
[433, 128, -68]
[548, 204, -75]
[421, 201, -48]
[551, 271, -136]
[422, 258, -109]
[555, 291, -156]
[424, 276, -128]
[550, 292, -173]
[427, 271, -146]
[545, 285, -144]
[428, 266, -119]
[515, 274, -4]
[452, 274, 4]
[518, 368, -15]
[444, 370, 18]
[520, 465, 107]
[446, 465, 142]
[511, 477, 115]
[456, 475, 150]
[532, 499, 42]
[434, 502, 79]
[483, 66, -196]
[490, 57, -187]
[494, 57, -187]
[497, 57, -187]
[477, 57, -187]
[473, 57, -187]
[469, 57, -187]
[502, 62, -124]
[464, 62, -120]
[491, 77, -172]
[474, 78, -171]
[537, 130, -88]
[433, 128, -70]
[548, 204, -75]
[421, 201, -51]
[551, 270, -136]
[422, 257, -112]
[554, 290, -155]
[424, 275, -130]
[549, 291, -173]
[427, 270, -148]
[545, 284, -144]
[428, 265, -121]
[515, 275, -4]
[452, 274, 4]
[518, 368, -10]
[444, 370, 21]
[520, 465, 113]
[446, 465, 146]
[511, 477, 122]
[456, 475, 154]
[532, 499, 49]
[434, 502, 84]
[483, 66, -189]
[490, 57, -180]
[494, 57, -180]
[497, 57, -180]
[477, 57, -179]
[473, 57, -179]
[469, 57, -179]
[502, 62, -117]
[464, 62, -114]
[491, 78, -165]
[474, 78, -165]
[537, 130, -82]
[433, 128, -68]
[548, 204, -76]
[421, 201, -55]
[551, 267, -144]
[422, 257, -126]
[556, 286, -163]
[424, 273, -145]
[553, 284, -182]
[427, 269, -163]
[546, 280, -152]
[428, 265, -135]
[515, 275, -3]
[452, 274, 3]
[518, 368, 0]
[444, 370, 24]
[520, 464, 120]
[446, 465, 147]
[511, 476, 128]
[456, 475, 154]
[532, 499, 56]
[434, 502, 85]
[483, 67, -187]
[490, 57, -178]
[494, 58, -178]
[497, 58, -178]
[477, 57, -178]
[473, 58, -178]
[469, 58, -178]
[502, 63, -116]
[464, 62, -114]
[491, 78, -164]
[474, 78, -163]
[536, 130, -81]
[433, 128, -66]
[548, 204, -76]
[421, 201, -55]
[553, 265, -147]
[421, 257, -126]
[558, 283, -167]
[422, 273, -146]
[556, 281, -186]
[426, 269, -163]
[549, 275, -156]
[427, 265, -135]
[515, 275, -3]
[452, 275, 3]
[519, 368, 3]
[444, 371, 21]
[520, 464, 122]
[446, 465, 143]
[511, 476, 129]
[456, 475, 149]
[532, 499, 57]
[434, 502, 84]
[482, 68, -190]
[489, 59, -181]
[493, 59, -181]
[497, 59, -181]
[477, 59, -181]
[473, 59, -181]
[469, 59, -181]
[502, 64, -119]
[463, 64, -116]
[491, 79, -166]
[474, 79, -166]
[536, 130, -83]
[432, 128, -67]
[547, 203, -82]
[421, 201, -54]
[554, 262, -163]
[417, 256, -129]
[559, 278, -185]
[416, 271, -150]
[557, 275, -205]
[421, 268, -170]
[551, 270, -173]
[422, 263, -140]
[515, 276, -3]
[452, 275, 3]
[519, 368, 2]
[443, 372, 21]
[520, 464, 122]
[446, 465, 150]
[511, 476, 130]
[456, 475, 157]
[532, 499, 56]
[434, 502, 85]
[482, 69, -192]
[489, 59, -182]
[493, 59, -182]
[496, 60, -182]
[477, 60, -182]
[473, 60, -182]
[469, 60, -182]
[501, 64, -120]
[463, 64, -117]
[490, 79, -168]
[474, 80, -168]
[536, 130, -84]
[432, 128, -67]
[547, 203, -83]
[420, 201, -54]
[555, 261, -164]
[416, 256, -128]
[560, 276, -186]
[414, 271, -149]
[558, 273, -206]
[419, 268, -169]
[552, 269, -174]
[420, 262, -139]
[515, 277, -2]
[452, 276, 2]
[519, 368, 0]
[443, 373, 21]
[520, 464, 125]
[446, 465, 151]
[511, 476, 133]
[456, 475, 159]
[532, 499, 57]
[434, 502, 86]
[482, 68, -188]
[489, 59, -179]
[493, 59, -179]
[496, 60, -179]
[476, 60, -178]
[472, 60, -178]
[469, 60, -178]
[501, 64, -116]
[463, 64, -112]
[490, 79, -164]
[474, 80, -163]
[536, 130, -79]
[432, 128, -63]
[547, 202, -79]
[420, 200, -48]
[556, 260, -159]
[415, 256, -124]
[561, 275, -181]
[413, 271, -148]
[560, 274, -201]
[417, 268, -167]
[554, 268, -169]
[420, 262, -136]
[515, 277, -2]
[452, 276, 2]
[519, 369, 14]
[443, 373, 24]
[520, 464, 141]
[446, 465, 149]
[510, 476, 150]
[456, 475, 157]
[532, 499, 76]
[434, 502, 84]
[482, 69, -204]
[489, 60, -195]
[493, 60, -195]
[496, 61, -195]
[476, 60, -195]
[472, 61, -195]
[469, 61, -195]
[501, 65, -129]
[463, 65, -129]
[490, 80, -179]
[474, 81, -179]
[535, 131, -88]
[431, 129, -78]
[547, 202, -90]
[419, 201, -64]
[557, 260, -177]
[414, 256, -139]
[564, 276, -199]
[411, 273, -161]
[561, 275, -219]
[415, 269, -181]
[554, 268, -186]
[418, 264, -150]
[515, 277, -2]
[451, 276, 2]
[519, 369, 15]
[443, 373, 24]
[519, 464, 137]
[446, 465, 147]
[510, 476, 144]
[456, 475, 155]
[532, 499, 70]
[434, 502, 84]
[482, 70, -207]
[489, 61, -198]
[493, 61, -198]
[496, 61, -198]
[476, 61, -197]
[472, 62, -197]
[469, 62, -197]
[501, 66, -133]
[463, 66, -132]
[490, 81, -182]
[473, 81, -182]
[535, 132, -93]
[431, 130, -81]
[548, 203, -93]
[419, 202, -65]
[557, 260, -175]
[412, 257, -135]
[565, 277, -196]
[410, 275, -155]
[561, 275, -215]
[414, 270, -174]
[554, 269, -184]
[417, 265, -145]
[515, 277, -2]
[451, 276, 2]
[519, 369, 11]
[443, 373, 24]
[519, 464, 132]
[446, 465, 146]
[510, 476, 140]
[456, 475, 154]
[532, 499, 66]
[434, 502, 83]
[481, 72, -209]
[489, 62, -201]
[492, 63, -201]
[496, 63, -201]
[476, 63, -200]
[472, 63, -200]
[468, 63, -200]
[501, 67, -137]
[463, 68, -134]
[490, 82, -185]
[473, 83, -184]
[535, 133, -95]
[431, 131, -83]
[548, 205, -94]
[418, 203, -80]
[565, 259, -175]
[409, 252, -171]
[579, 277, -195]
[405, 269, -193]
[575, 275, -216]
[408, 267, -212]
[568, 268, -185]
[414, 261, -181]
[515, 277, -2]
[451, 276, 1]
[519, 369, 9]
[443, 373, 23]
[519, 464, 124]
[446, 465, 140]
[510, 476, 131]
[456, 475, 147]
[532, 499, 57]
[434, 502, 76]
[481, 73, -208]
[488, 63, -199]
[492, 63, -199]
[496, 63, -199]
[476, 63, -198]
[472, 63, -198]
[468, 64, -198]
[501, 67, -136]
[463, 68, -132]
[490, 83, -183]
[473, 83, -182]
[535, 133, -94]
[431, 131, -82]
[549, 205, -93]
[418, 204, -78]
[568, 258, -176]
[407, 251, -167]
[583, 275, -196]
[403, 268, -188]
[580, 273, -217]
[405, 266, -207]
[572, 266, -186]
[412, 260, -177]
[514, 277, -1]
[451, 276, 1]
[519, 369, 3]
[443, 373, 21]
[519, 464, 116]
[446, 465, 136]
[509, 476, 122]
[456, 475, 143]
[532, 499, 49]
[434, 502, 72]
[481, 73, -234]
[488, 64, -226]
[492, 64, -226]
[495, 64, -226]
[476, 64, -224]
[472, 64, -224]
[468, 64, -224]
[501, 68, -162]
[463, 68, -156]
[490, 83, -209]
[473, 84, -207]
[535, 134, -118]
[431, 132, -99]
[550, 207, -109]
[418, 205, -81]
[566, 265, -174]
[407, 251, -153]
[579, 283, -193]
[404, 268, -173]
[579, 282, -213]
[404, 266, -193]
[563, 271, -183]
[411, 260, -163]
[514, 276, -1]
[451, 275, 1]
[519, 369, -6]
[443, 372, 8]
[519, 465, 103]
[446, 465, 116]
[509, 477, 109]
[456, 475, 122]
[532, 499, 33]
[434, 502, 48]
[481, 73, -226]
[488, 64, -217]
[492, 64, -217]
[495, 64, -217]
[476, 64, -217]
[472, 64, -217]
[468, 64, -217]
[501, 68, -153]
[463, 69, -151]
[490, 83, -201]
[473, 84, -200]
[535, 134, -109]
[431, 132, -97]
[551, 207, -103]
[418, 205, -97]
[567, 264, -172]
[408, 250, -187]
[576, 283, -191]
[404, 262, -208]
[575, 282, -210]
[404, 261, -226]
[563, 272, -181]
[410, 256, -197]
[515, 276, -1]
[451, 274, 1]
[519, 369, -5]
[443, 371, 10]
[519, 465, 104]
[446, 465, 117]
[509, 477, 111]
[456, 475, 123]
[532, 500, 37]
[434, 502, 51]
[481, 74, -227]
[488, 64, -218]
[492, 64, -218]
[495, 64, -218]
[476, 64, -218]
[472, 64, -218]
[468, 65, -218]
[500, 68, -152]
[463, 69, -151]
[490, 84, -202]
[473, 84, -202]
[535, 134, -106]
[431, 133, -98]
[553, 208, -98]
[417, 207, -124]
[566, 269, -152]
[408, 228, -248]
[575, 290, -169]
[405, 236, -274]
[569, 288, -186]
[405, 227, -288]
[555, 276, -159]
[411, 224, -257]
[515, 276, -1]
[451, 274, 1]
[519, 369, -5]
[443, 371, 23]
[519, 465, 105]
[446, 465, 139]
[509, 477, 112]
[456, 475, 146]
[532, 500, 45]
[434, 502, 79]
[481, 74, -225]
[488, 65, -217]
[492, 65, -217]
[495, 65, -217]
[476, 65, -215]
[472, 65, -215]
[468, 65, -215]
[500, 69, -145]
[463, 70, -150]
[490, 84, -200]
[473, 84, -201]
[535, 134, -94]
[431, 133, -95]
[555, 208, -91]
[417, 208, -114]
[565, 254, -163]
[413, 226, -239]
[575, 271, -185]
[411, 233, -268]
[569, 265, -202]
[411, 223, -281]
[556, 258, -172]
[416, 219, -248]
[515, 276, -1]
[452, 274, 1]
[519, 369, 0]
[444, 371, 33]
[519, 465, 117]
[446, 465, 159]
[509, 477, 125]
[456, 475, 168]
[532, 500, 54]
[434, 502, 99]
[481, 75, -221]
[488, 65, -213]
[492, 65, -213]
[495, 65, -213]
[476, 65, -211]
[472, 65, -211]
[468, 65, -211]
[500, 69, -144]
[463, 70, -147]
[490, 85, -197]
[473, 85, -197]
[535, 134, -91]
[431, 133, -93]
[556, 208, -88]
[417, 208, -119]
[565, 247, -165]
[415, 216, -253]
[574, 263, -187]
[414, 220, -282]
[568, 257, -205]
[414, 209, -294]
[557, 251, -174]
[418, 207, -261]
[515, 277, -1]
[452, 275, 1]
[519, 370, 3]
[444, 371, 42]
[519, 465, 126]
[446, 465, 178]
[509, 477, 134]
[456, 475, 187]
[532, 500, 61]
[434, 502, 120]
[481, 76, -209]
[488, 66, -201]
[492, 66, -201]
[495, 66, -201]
[476, 66, -201]
[472, 66, -201]
[468, 66, -201]
[500, 70, -133]
[463, 71, -135]
[490, 85, -184]
[473, 86, -184]
[535, 134, -85]
[432, 133, -84]
[556, 206, -88]
[417, 207, -106]
[565, 242, -181]
[416, 225, -222]
[574, 257, -205]
[415, 234, -248]
[568, 251, -222]
[417, 226, -262]
[558, 245, -190]
[421, 222, -230]
[515, 278, -1]
[452, 275, 1]
[519, 370, 1]
[444, 371, 35]
[519, 465, 120]
[446, 465, 162]
[509, 477, 127]
[456, 475, 171]
[532, 500, 56]
[434, 502, 100]
[481, 76, -196]
[488, 67, -188]
[492, 67, -188]
[495, 67, -188]
[476, 67, -187]
[472, 67, -187]
[468, 67, -187]
[500, 70, -121]
[463, 72, -116]
[490, 86, -170]
[473, 86, -169]
[535, 134, -72]
[432, 133, -67]
[556, 203, -89]
[416, 206, -105]
[578, 223, -206]
[419, 198, -246]
[589, 231, -232]
[415, 206, -276]
[588, 222, -250]
[416, 195, -286]
[581, 219, -216]
[420, 194, -254]
[514, 278, -1]
[452, 275, 1]
[519, 370, -6]
[444, 371, 32]
[519, 465, 108]
[446, 465, 156]
[509, 477, 115]
[456, 475, 164]
[532, 500, 41]
[435, 502, 94]
[481, 77, -195]
[488, 67, -186]
[492, 67, -186]
[495, 67, -186]
[476, 67, -185]
[472, 67, -185]
[468, 67, -185]
[499, 71, -116]
[463, 72, -112]
[490, 86, -168]
[473, 87, -167]
[534, 134, -66]
[432, 132, -62]
[555, 201, -110]
[416, 203, -116]
[578, 193, -251]
[419, 190, -267]
[597, 188, -279]
[415, 191, -297]
[586, 179, -292]
[417, 181, -304]
[582, 182, -260]
[421, 181, -274]
[514, 278, -1]
[452, 276, 1]
[519, 370, -25]
[444, 371, 19]
[519, 465, 94]
[446, 464, 148]
[509, 477, 101]
[456, 475, 157]
[532, 500, 23]
[435, 502, 81]
[481, 78, -191]
[488, 68, -182]
[492, 68, -182]
[495, 68, -182]
[476, 68, -181]
[472, 68, -181]
[469, 68, -181]
[499, 71, -113]
[463, 72, -108]
[490, 87, -165]
[473, 87, -163]
[533, 133, -65]
[432, 132, -59]
[552, 201, -112]
[416, 202, -119]
[577, 185, -249]
[418, 184, -273]
[600, 180, -277]
[413, 177, -302]
[600, 170, -288]
[414, 165, -307]
[583, 173, -257]
[419, 170, -278]
[513, 278, -1]
[452, 277, 1]
[519, 370, -40]
[444, 371, 13]
[519, 465, 83]
[446, 464, 140]
[509, 477, 91]
[456, 475, 148]
[532, 500, 15]
[434, 502, 74]
[481, 78, -190]
[488, 68, -180]
[492, 68, -180]
[495, 68, -181]
[476, 68, -179]
[472, 68, -179]
[469, 69, -179]
[499, 72, -111]
[463, 73, -107]
[490, 87, -163]
[473, 88, -162]
[533, 133, -62]
[432, 131, -59]
[551, 200, -109]
[416, 202, -121]
[582, 184, -244]
[416, 182, -276]
[609, 180, -272]
[410, 175, -306]
[609, 171, -285]
[412, 163, -311]
[600, 173, -253]
[416, 164, -282]
[513, 278, 0]
[452, 277, 0]
[519, 369, -37]
[444, 371, 11]
[519, 465, 82]
[446, 465, 132]
[509, 477, 89]
[456, 475, 140]
[533, 500, 14]
[434, 502, 67]
[481, 79, -190]
[488, 68, -180]
[492, 68, -180]
[495, 68, -180]
[476, 69, -179]
[472, 69, -179]
[469, 69, -179]
[499, 72, -111]
[463, 73, -105]
[490, 88, -164]
[473, 88, -162]
[532, 134, -65]
[432, 131, -58]
[546, 201, -118]
[416, 201, -122]
[584, 187, -262]
[413, 174, -279]
[602, 183, -290]
[406, 170, -308]
[599, 171, -301]
[406, 159, -312]
[591, 173, -270]
[411, 161, -285]
[512, 278, -1]
[452, 277, 1]
[519, 369, -43]
[444, 371, 10]
[519, 465, 79]
[446, 465, 134]
[509, 477, 86]
[456, 475, 142]
[533, 500, 9]
[434, 502, 69]
[481, 79, -146]
[488, 68, -137]
[492, 68, -137]
[495, 68, -137]
[476, 69, -134]
[472, 69, -134]
[469, 69, -134]
[499, 72, -78]
[463, 73, -68]
[490, 88, -124]
[473, 88, -121]
[531, 132, -61]
[432, 130, -33]
[527, 192, -114]
[417, 194, -90]
[468, 166, -185]
[429, 178, -206]
[453, 164, -206]
[431, 177, -232]
[438, 146, -208]
[432, 168, -233]
[460, 153, -186]
[434, 168, -210]
[512, 277, -2]
[452, 276, 2]
[519, 369, -18]
[445, 370, 16]
[519, 465, 105]
[446, 465, 136]
[509, 477, 113]
[456, 475, 144]
[534, 500, 42]
[434, 503, 73]
[481, 79, -157]
[488, 68, -147]
[492, 68, -147]
[495, 68, -147]
[476, 69, -145]
[472, 69, -145]
[469, 69, -145]
[499, 72, -82]
[463, 74, -75]
[490, 88, -133]
[473, 89, -131]
[531, 132, -44]
[433, 130, -37]
[535, 187, -106]
[417, 195, -100]
[587, 166, -225]
[417, 162, -259]
[600, 162, -252]
[408, 158, -290]
[598, 153, -262]
[417, 145, -292]
[592, 155, -233]
[421, 151, -265]
[512, 277, -2]
[452, 276, 2]
[519, 369, -12]
[445, 370, 16]
[519, 465, 101]
[446, 465, 126]
[509, 477, 107]
[456, 475, 133]
[534, 500, 35]
[434, 503, 61]
[481, 79, -166]
[488, 69, -155]
[492, 69, -156]
[495, 69, -156]
[476, 69, -155]
[472, 69, -155]
[469, 69, -155]
[499, 72, -88]
[463, 74, -85]
[490, 88, -141]
[473, 89, -140]
[530, 132, -43]
[432, 130, -45]
[549, 186, -106]
[417, 200, -113]
[601, 152, -235]
[413, 155, -269]
[615, 144, -262]
[406, 142, -299]
[613, 137, -269]
[412, 134, -300]
[605, 141, -242]
[415, 139, -274]
[512, 276, -1]
[452, 275, 1]
[519, 369, -15]
[446, 369, 5]
[519, 465, 92]
[446, 465, 109]
[509, 477, 98]
[456, 475, 115]
[534, 500, 28]
[434, 503, 44]
[481, 80, -171]
[488, 69, -160]
[492, 69, -160]
[495, 69, -160]
[476, 70, -160]
[472, 70, -160]
[469, 70, -160]
[499, 72, -93]
[463, 74, -89]
[490, 88, -145]
[473, 89, -144]
[530, 132, -47]
[432, 130, -48]
[554, 186, -108]
[417, 202, -120]
[603, 151, -245]
[411, 155, -275]
[617, 142, -272]
[405, 141, -305]
[614, 136, -279]
[409, 134, -306]
[606, 140, -252]
[413, 138, -279]
[512, 275, -1]
[452, 275, 1]
[519, 369, -17]
[446, 369, 4]
[519, 465, 93]
[446, 465, 112]
[509, 477, 100]
[456, 475, 119]
[534, 500, 29]
[434, 503, 48]
[481, 80, -173]
[488, 69, -163]
[492, 69, -163]
[495, 69, -163]
[476, 70, -162]
[472, 70, -162]
[469, 70, -162]
[499, 72, -96]
[463, 74, -92]
[490, 89, -148]
[473, 89, -147]
[530, 132, -50]
[432, 130, -49]
[565, 175, -114]
[417, 203, -128]
[614, 140, -244]
[409, 150, -283]
[638, 135, -270]
[404, 136, -313]
[626, 130, -277]
[407, 129, -315]
[617, 130, -251]
[410, 134, -288]
[512, 275, -1]
[453, 275, 1]
[519, 369, -13]
[446, 369, 7]
[519, 465, 104]
[446, 465, 119]
[509, 477, 111]
[456, 476, 126]
[534, 500, 39]
[434, 503, 55]
