[298, 57, 76]
[304, 46, 91]
[307, 46, 91]
[311, 47, 91]
[291, 46, 91]
[287, 46, 91]
[283, 47, 91]
[320, 54, 147]
[276, 53, 146]
[304, 71, 94]
[289, 70, 94]
[337, 110, 138]
[256, 116, 140]
[345, 156, 61]
[229, 154, 62]
[319, 138, -36]
[257, 122, -25]
[314, 137, -50]
[261, 114, -41]
[312, 126, -47]
[267, 111, -34]
[313, 129, -36]
[268, 107, -24]
[319, 199, 0]
[264, 192, 0]
[347, 208, -134]
[240, 195, -125]
[322, 238, -228]
[253, 242, -208]
[313, 252, -241]
[261, 258, -220]
[321, 231, -272]
[257, 243, -255]
[297, 59, 72]
[305, 50, 88]
[309, 50, 88]
[313, 50, 88]
[290, 50, 88]
[285, 50, 88]
[282, 50, 88]
[323, 56, 143]
[274, 55, 143]
[304, 73, 91]
[288, 72, 91]
[340, 116, 142]
[253, 121, 137]
[362, 173, 59]
[230, 165, 61]
[327, 149, -36]
[261, 133, -17]
[317, 145, -47]
[268, 126, -30]
[315, 134, -40]
[266, 122, -20]
[316, 139, -34]
[272, 121, -14]
[321, 207, 0]
[263, 206, 0]
[351, 220, -130]
[244, 211, -115]
[326, 244, -211]
[267, 244, -182]
[318, 255, -221]
[274, 258, -191]
[328, 239, -251]
[273, 245, -222]
[297, 60, 78]
[305, 50, 96]
[309, 50, 95]
[314, 50, 95]
[291, 50, 94]
[285, 50, 94]
[281, 51, 94]
[322, 56, 161]
[274, 56, 155]
[305, 72, 99]
[288, 71, 98]
[338, 119, 164]
[249, 126, 155]
[372, 171, 79]
[221, 167, 78]
[337, 154, -28]
[236, 140, -21]
[326, 153, -42]
[239, 135, -35]
[323, 141, -38]
[250, 128, -32]
[323, 144, -28]
[245, 128, -20]
[324, 212, 1]
[263, 210, -1]
[348, 219, -132]
[251, 215, -132]
[324, 261, -286]
[266, 254, -266]
[316, 280, -306]
[272, 276, -283]
[327, 250, -344]
[268, 239, -322]
[297, 59, 18]
[305, 49, 32]
[309, 49, 32]
[314, 50, 32]
[291, 48, 30]
[285, 49, 30]
[282, 49, 30]
[321, 56, 91]
[275, 55, 85]
[305, 72, 38]
[288, 71, 36]
[340, 126, 103]
[247, 129, 90]
[373, 193, 38]
[227, 183, 25]
[330, 163, -34]
[248, 147, -47]
[321, 158, -62]
[254, 140, -67]
[318, 144, -61]
[255, 130, -63]
[320, 148, -50]
[255, 133, -50]
[326, 231, 1]
[264, 235, -1]
[344, 262, -104]
[250, 292, -77]
[324, 286, -118]
[265, 298, -54]
[319, 303, -121]
[271, 307, -51]
[324, 256, -153]
[262, 296, -66]
[297, 59, -115]
[305, 48, -102]
[310, 49, -102]
[314, 49, -102]
[291, 48, -103]
[286, 48, -103]
[282, 48, -103]
[322, 57, -39]
[275, 54, -46]
[305, 75, -92]
[288, 73, -94]
[345, 136, -17]
[241, 140, -26]
[369, 229, -103]
[224, 229, -113]
[334, 177, -233]
[236, 158, -241]
[321, 167, -255]
[238, 143, -261]
[321, 150, -240]
[238, 132, -254]
[322, 156, -230]
[242, 139, -240]
[328, 266, 2]
[262, 266, -2]
[338, 350, -48]
[251, 361, -19]
[322, 383, 99]
[260, 383, 144]
[319, 391, 114]
[264, 388, 161]
[316, 400, 95]
[263, 406, 145]
[297, 58, -141]
[306, 48, -128]
[310, 48, -128]
[314, 48, -128]
[291, 48, -128]
[285, 48, -128]
[281, 49, -128]
[322, 55, -60]
[275, 54, -60]
[305, 73, -117]
[288, 72, -118]
[349, 136, -34]
[241, 137, -28]
[370, 234, -127]
[225, 237, -107]
[367, 164, -256]
[221, 160, -231]
[357, 158, -279]
[229, 145, -250]
[359, 148, -262]
[228, 134, -240]
[358, 148, -253]
[225, 140, -230]
[330, 285, 0]
[259, 284, 0]
[335, 392, 2]
[251, 402, 30]
[328, 476, 205]
[258, 479, 232]
[320, 493, 223]
[253, 495, 250]
[320, 517, 164]
[258, 516, 181]
[297, 59, -154]
[306, 49, -141]
[310, 49, -141]
[315, 50, -141]
[291, 49, -141]
[286, 49, -141]
[281, 49, -141]
[322, 56, -67]
[275, 54, -66]
[306, 75, -129]
[288, 74, -128]
[350, 137, -37]
[238, 137, -27]
[367, 241, -123]
[226, 241, -121]
[369, 168, -260]
[223, 160, -286]
[368, 154, -285]
[233, 145, -311]
[374, 145, -271]
[226, 134, -301]
[370, 149, -258]
[225, 140, -285]
[331, 298, 0]
[257, 296, 0]
[335, 416, -6]
[250, 417, 46]
[336, 519, 153]
[253, 519, 223]
[341, 540, 165]
[245, 540, 237]
[329, 559, 89]
[256, 557, 151]
[298, 59, -149]
[306, 48, -135]
[311, 49, -135]
[315, 49, -135]
[291, 48, -137]
[286, 48, -137]
[282, 48, -137]
[321, 56, -56]
[275, 54, -67]
[306, 74, -121]
[288, 72, -124]
[351, 137, -15]
[236, 136, -34]
[367, 239, -95]
[224, 244, -122]
[368, 169, -250]
[222, 163, -276]
[365, 155, -276]
[236, 153, -301]
[369, 146, -267]
[227, 139, -293]
[366, 151, -250]
[225, 144, -276]
[333, 304, 4]
[256, 303, -4]
[337, 427, 2]
[251, 424, 32]
[339, 538, 152]
[253, 534, 175]
[346, 559, 163]
[245, 554, 185]
[331, 573, 84]
[265, 573, 93]
[298, 59, -152]
[306, 48, -138]
[311, 49, -138]
[315, 49, -138]
[291, 48, -140]
[286, 48, -140]
[282, 48, -140]
[321, 56, -60]
[275, 54, -68]
[306, 74, -124]
[289, 72, -126]
[354, 137, -22]
[234, 136, -38]
[369, 240, -112]
[223, 245, -137]
[369, 170, -272]
[221, 161, -298]
[363, 155, -301]
[229, 149, -326]
[364, 147, -290]
[228, 139, -317]
[364, 152, -272]
[225, 144, -298]
[335, 307, 4]
[256, 307, -4]
[337, 436, 8]
[253, 434, 49]
[338, 547, 172]
[255, 546, 205]
[345, 568, 185]
[248, 565, 217]
[327, 586, 101]
[271, 587, 121]
[298, 59, -151]
[306, 48, -139]
[311, 48, -139]
[315, 49, -139]
[291, 48, -140]
[286, 48, -140]
[282, 48, -140]
[322, 55, -62]
[274, 54, -66]
[306, 74, -124]
[289, 72, -125]
[355, 136, -23]
[236, 134, -27]
[369, 241, -100]
[225, 242, -112]
[369, 171, -253]
[222, 162, -270]
[366, 155, -279]
[228, 148, -295]
[368, 147, -272]
[227, 141, -290]
[367, 153, -254]
[225, 146, -271]
[336, 306, 4]
[256, 307, -4]
[337, 436, 5]
[255, 436, 46]
[337, 548, 168]
[256, 546, 200]
[345, 567, 181]
[250, 564, 213]
[324, 588, 102]
[272, 588, 124]
[298, 59, -143]
[306, 48, -131]
[311, 48, -131]
[315, 49, -131]
[291, 48, -132]
[286, 48, -132]
[282, 48, -132]
[322, 55, -55]
[274, 54, -62]
[307, 74, -116]
[289, 72, -118]
[354, 135, -18]
[236, 133, -28]
[369, 240, -99]
[224, 241, -118]
[369, 174, -252]
[223, 162, -276]
[364, 159, -278]
[230, 150, -301]
[365, 150, -271]
[230, 142, -295]
[365, 154, -253]
[227, 147, -277]
[336, 306, 5]
[256, 306, -4]
[338, 435, 10]
[256, 437, 47]
[337, 550, 160]
[259, 548, 190]
[344, 570, 172]
[253, 566, 202]
[326, 589, 95]
[276, 589, 116]
[298, 58, -143]
[306, 48, -131]
[311, 48, -131]
[315, 49, -131]
[291, 48, -132]
[286, 48, -132]
[282, 48, -133]
[321, 55, -56]
[274, 54, -65]
[307, 74, -116]
[289, 72, -119]
[353, 133, -22]
[235, 132, -32]
[368, 235, -102]
[225, 239, -123]
[364, 177, -260]
[226, 166, -285]
[364, 168, -287]
[234, 152, -311]
[367, 155, -280]
[232, 144, -306]
[365, 159, -261]
[230, 149, -286]
[335, 304, 5]
[256, 306, -4]
[338, 436, 6]
[257, 437, 27]
[338, 550, 159]
[261, 549, 162]
[344, 571, 170]
[256, 568, 173]
[327, 589, 91]
[277, 589, 85]
[298, 58, -162]
[306, 48, -149]
[311, 48, -149]
[315, 49, -149]
[291, 47, -150]
[286, 47, -151]
[281, 47, -151]
[321, 55, -70]
[274, 53, -78]
[307, 74, -133]
[288, 72, -135]
[353, 133, -32]
[235, 132, -41]
[366, 236, -108]
[224, 234, -141]
[362, 186, -262]
[228, 168, -310]
[363, 178, -288]
[238, 154, -338]
[368, 162, -282]
[236, 143, -330]
[365, 166, -263]
[234, 149, -311]
[335, 305, 5]
[256, 306, -4]
[338, 436, 0]
[257, 436, 21]
[338, 547, 159]
[261, 547, 169]
[344, 566, 172]
[257, 566, 181]
[328, 588, 88]
[276, 586, 88]
[298, 58, -174]
[306, 48, -162]
[311, 48, -162]
[315, 48, -162]
[291, 47, -162]
[286, 47, -162]
[281, 47, -162]
[321, 55, -83]
[273, 53, -81]
[307, 74, -145]
[288, 72, -145]
[355, 135, -44]
[235, 133, -34]
[366, 237, -116]
[225, 234, -117]
[365, 202, -278]
[227, 181, -292]
[371, 201, -307]
[234, 186, -321]
[368, 181, -307]
[231, 170, -321]
[364, 183, -281]
[231, 165, -296]
[335, 308, 1]
[256, 308, 0]
[338, 439, -12]
[255, 439, 19]
[337, 549, 161]
[260, 548, 181]
[342, 568, 174]
[256, 567, 194]
[327, 591, 89]
[273, 588, 99]
[298, 58, -180]
[306, 47, -168]
[311, 48, -168]
[315, 48, -168]
[291, 47, -168]
[286, 47, -168]
[281, 47, -168]
[321, 55, -87]
[273, 53, -86]
[307, 74, -151]
[288, 73, -151]
[356, 135, -45]
[235, 133, -39]
[365, 234, -112]
[223, 229, -122]
[363, 215, -268]
[225, 190, -302]
[370, 212, -297]
[234, 191, -332]
[372, 195, -297]
[231, 177, -334]
[362, 199, -271]
[232, 177, -307]
[335, 309, 1]
[255, 309, 0]
[337, 439, -6]
[255, 440, 28]
[337, 551, 160]
[260, 549, 191]
[342, 571, 172]
[256, 568, 204]
[326, 591, 85]
[272, 588, 110]
[298, 58, -221]
[306, 47, -209]
[311, 48, -209]
[316, 48, -209]
[291, 47, -208]
[286, 47, -208]
[281, 47, -208]
[322, 55, -124]
[273, 53, -121]
[307, 74, -190]
[288, 73, -189]
[357, 137, -71]
[235, 135, -58]
[365, 238, -121]
[224, 234, -117]
[363, 233, -284]
[220, 219, -286]
[367, 236, -315]
[217, 222, -316]
[369, 225, -320]
[217, 213, -325]
[361, 224, -290]
[221, 211, -294]
[335, 313, 0]
[255, 313, 1]
[338, 444, -2]
[255, 446, 34]
[338, 555, 186]
[259, 554, 219]
[343, 575, 199]
[256, 574, 233]
[327, 597, 107]
[273, 594, 136]
[298, 58, -222]
[307, 47, -209]
[311, 48, -210]
[316, 48, -210]
[291, 47, -209]
[286, 47, -209]
[281, 47, -209]
[322, 55, -124]
[273, 53, -122]
[307, 74, -190]
[288, 73, -190]
[358, 138, -75]
[235, 136, -60]
[366, 240, -111]
[224, 235, -107]
[361, 247, -266]
[222, 241, -282]
[358, 255, -299]
[220, 250, -315]
[363, 244, -308]
[223, 239, -328]
[357, 242, -272]
[225, 236, -291]
[336, 316, -1]
[255, 316, 2]
[338, 449, 4]
[255, 448, 44]
[339, 558, 207]
[259, 559, 226]
[343, 577, 222]
[256, 579, 240]
[327, 602, 130]
[273, 600, 139]
[298, 58, -190]
[307, 47, -177]
[311, 48, -177]
[316, 48, -177]
[291, 47, -177]
[286, 47, -178]
[281, 47, -178]
[323, 54, -96]
[273, 53, -97]
[307, 74, -160]
[288, 72, -160]
[359, 138, -53]
[234, 136, -47]
[363, 237, -80]
[224, 234, -80]
[360, 251, -231]
[232, 253, -234]
[367, 257, -266]
[236, 265, -266]
[370, 244, -289]
[238, 256, -281]
[364, 239, -240]
[237, 251, -243]
[336, 316, -1]
[254, 316, 2]
[338, 449, 8]
[254, 452, 45]
[339, 559, 204]
[259, 560, 223]
[343, 578, 219]
[256, 578, 238]
[327, 602, 133]
[273, 601, 144]
[298, 58, -186]
[307, 47, -173]
[312, 47, -173]
[316, 48, -173]
[291, 46, -173]
[286, 46, -173]
[281, 46, -174]
[323, 54, -89]
[273, 53, -92]
[307, 74, -155]
[288, 72, -155]
[359, 138, -46]
[233, 137, -45]
[361, 237, -75]
[226, 233, -87]
[364, 254, -228]
[232, 257, -241]
[368, 262, -262]
[226, 274, -281]
[370, 255, -282]
[234, 258, -302]
[366, 252, -238]
[236, 255, -260]
[336, 318, 0]
[254, 317, 1]
[340, 450, 12]
[254, 456, 53]
[341, 563, 197]
[259, 565, 233]
[345, 583, 211]
[256, 584, 247]
[328, 606, 123]
[273, 606, 153]
[298, 58, -181]
[307, 47, -169]
[312, 47, -169]
[316, 48, -169]
[291, 46, -169]
[285, 46, -169]
[281, 46, -169]
[323, 54, -87]
[273, 53, -89]
[307, 74, -151]
[288, 72, -151]
[359, 139, -43]
[232, 139, -43]
[359, 236, -53]
[226, 237, -77]
[366, 280, -173]
[228, 276, -232]
[371, 290, -201]
[212, 290, -264]
[373, 286, -220]
[220, 279, -285]
[369, 283, -184]
[226, 277, -245]
[336, 323, 0]
[254, 322, 1]
[340, 458, 8]
[255, 465, 44]
[341, 569, 189]
[259, 574, 220]
[344, 587, 204]
[257, 592, 235]
[328, 615, 118]
[272, 615, 142]
[298, 58, -181]
[307, 47, -169]
[311, 47, -169]
[316, 48, -169]
[291, 46, -169]
[285, 46, -169]
[281, 46, -169]
[323, 54, -89]
[273, 53, -89]
[307, 74, -151]
[288, 72, -151]
[360, 139, -45]
[233, 139, -42]
[359, 235, -36]
[226, 237, -48]
[365, 290, -131]
[226, 286, -158]
[370, 302, -156]
[216, 305, -185]
[372, 298, -176]
[222, 298, -205]
[367, 296, -142]
[226, 290, -169]
[336, 322, -2]
[253, 322, 3]
[337, 457, 12]
[255, 460, 41]
[340, 566, 211]
[259, 571, 206]
[343, 583, 227]
[258, 588, 220]
[328, 610, 142]
[272, 612, 116]
[298, 57, -179]
[307, 47, -166]
[311, 47, -166]
[316, 48, -166]
[291, 46, -167]
[285, 46, -167]
[281, 46, -167]
[323, 54, -88]
[273, 53, -87]
[307, 74, -149]
[288, 72, -149]
[360, 139, -44]
[233, 139, -41]
[358, 235, -30]
[228, 236, -41]
[365, 293, -122]
[226, 290, -148]
[370, 307, -146]
[219, 304, -176]
[371, 305, -166]
[222, 301, -196]
[367, 302, -132]
[225, 296, -160]
[336, 324, -3]
[254, 322, 4]
[336, 457, 14]
[255, 458, 41]
[339, 566, 203]
[259, 570, 182]
[341, 582, 217]
[258, 587, 193]
[327, 610, 131]
[272, 612, 92]
[298, 57, -170]
[307, 47, -158]
[311, 47, -158]
[316, 48, -159]
[291, 46, -159]
[285, 46, -159]
[281, 46, -159]
[323, 54, -83]
[273, 53, -86]
[307, 74, -141]
[288, 72, -142]
[360, 139, -37]
[233, 139, -42]
[359, 234, -7]
[228, 235, -34]
[365, 296, -78]
[225, 296, -113]
[371, 313, -97]
[219, 312, -138]
[371, 312, -117]
[220, 312, -158]
[367, 308, -88]
[223, 307, -124]
[335, 324, -3]
[254, 323, 3]
[335, 458, 18]
[256, 458, 33]
[338, 566, 201]
[262, 571, 167]
[340, 582, 215]
[262, 586, 178]
[327, 609, 129]
[273, 612, 79]
[298, 57, -171]
[307, 47, -160]
[311, 47, -160]
[316, 48, -160]
[291, 46, -161]
[285, 46, -161]
[281, 46, -161]
[323, 54, -85]
[273, 53, -87]
[307, 74, -143]
[288, 72, -143]
[360, 139, -40]
[233, 139, -44]
[359, 234, -19]
[228, 235, -30]
[366, 303, -97]
[222, 305, -106]
[374, 320, -119]
[216, 324, -130]
[372, 320, -138]
[217, 325, -152]
[367, 315, -107]
[221, 319, -118]
[334, 325, -4]
[254, 322, 4]
[332, 456, 18]
[256, 456, 33]
[335, 565, 197]
[262, 567, 171]
[337, 580, 210]
[262, 583, 182]
[325, 607, 125]
[273, 607, 86]
[298, 57, -171]
[307, 47, -160]
[311, 47, -160]
[316, 48, -161]
[291, 46, -161]
[285, 46, -161]
[281, 46, -161]
[323, 54, -86]
[273, 53, -87]
[307, 74, -143]
[288, 72, -143]
[360, 139, -43]
[233, 139, -45]
[359, 234, -21]
[229, 236, -31]
[367, 307, -89]
[222, 311, -107]
[375, 326, -110]
[216, 330, -129]
[372, 326, -129]
[217, 331, -151]
[367, 320, -99]
[220, 324, -118]
[333, 326, -5]
[253, 323, 5]
[330, 456, 16]
[256, 454, 33]
[333, 565, 187]
[262, 565, 164]
[334, 579, 199]
[262, 581, 174]
[324, 606, 114]
[271, 605, 80]
[298, 57, -166]
[307, 47, -156]
[311, 47, -156]
[316, 47, -156]
[291, 46, -156]
[285, 46, -156]
[281, 46, -157]
[323, 54, -85]
[273, 53, -85]
[307, 73, -139]
[288, 72, -139]
[360, 139, -43]
[233, 139, -44]
[360, 234, -23]
[229, 237, -27]
[367, 308, -91]
[221, 312, -99]
[376, 329, -112]
[214, 333, -120]
[372, 329, -129]
[215, 333, -143]
[367, 323, -100]
[219, 326, -110]
[332, 327, -6]
[253, 324, 7]
[328, 456, 9]
[255, 454, 33]
[331, 564, 181]
[261, 564, 166]
[332, 578, 194]
[262, 580, 177]
[322, 605, 113]
[270, 603, 85]
[298, 57, -165]
[307, 47, -155]
[311, 47, -155]
[316, 47, -155]
[291, 46, -155]
[285, 46, -155]
[281, 46, -155]
[323, 53, -85]
[273, 53, -84]
[307, 73, -138]
[288, 72, -138]
[360, 139, -43]
[234, 139, -45]
[361, 235, -21]
[230, 237, -29]
[367, 310, -88]
[219, 314, -103]
[377, 331, -110]
[211, 335, -125]
[373, 331, -127]
[212, 335, -147]
[367, 324, -97]
[216, 328, -114]
[331, 327, -6]
[253, 325, 6]
[326, 457, 2]
[253, 454, 29]
[329, 564, 177]
[261, 564, 162]
[330, 578, 191]
[261, 580, 173]
[320, 605, 112]
[269, 603, 83]
[298, 57, -166]
[307, 46, -156]
[311, 47, -156]
[316, 47, -156]
[291, 46, -156]
[285, 46, -156]
[281, 46, -156]
[322, 53, -86]
[273, 53, -85]
[307, 73, -139]
[288, 72, -139]
[360, 139, -47]
[234, 139, -47]
[361, 236, -25]
[230, 238, -35]
[367, 318, -92]
[218, 321, -110]
[377, 340, -113]
[210, 343, -132]
[372, 342, -130]
[211, 344, -155]
[367, 336, -100]
[215, 337, -122]
[331, 328, -7]
[253, 326, 7]
[326, 460, 2]
[253, 457, 31]
[329, 568, 177]
[261, 567, 166]
[331, 583, 190]
[261, 583, 177]
[320, 609, 110]
[268, 606, 86]
[298, 57, -178]
[307, 46, -167]
[311, 47, -167]
[316, 47, -167]
[291, 46, -167]
[285, 46, -167]
[281, 46, -167]
[322, 53, -94]
[273, 53, -93]
[307, 73, -150]
[288, 72, -150]
[360, 139, -53]
[234, 139, -49]
[362, 239, -28]
[230, 239, -37]
[368, 323, -101]
[218, 324, -116]
[377, 345, -123]
[209, 348, -139]
[372, 348, -140]
[211, 349, -161]
[367, 342, -110]
[216, 341, -127]
[330, 328, -7]
[253, 326, 7]
[326, 462, -16]
[250, 458, 19]
[329, 567, 184]
[257, 567, 169]
[330, 582, 201]
[259, 583, 183]
[320, 609, 123]
[264, 606, 94]
[298, 57, -199]
[307, 47, -188]
[311, 47, -188]
[316, 47, -188]
[291, 46, -188]
[285, 46, -188]
[281, 46, -188]
[322, 53, -113]
[273, 53, -111]
[307, 73, -170]
[288, 72, -169]
[360, 140, -71]
[234, 139, -61]
[363, 240, -42]
[229, 240, -42]
[368, 325, -107]
[217, 325, -123]
[377, 348, -130]
[208, 351, -145]
[373, 351, -146]
[211, 352, -168]
[367, 344, -116]
[215, 343, -135]
[330, 328, -10]
[253, 326, 10]
[323, 463, -11]
[248, 458, 29]
[325, 568, 186]
[254, 569, 185]
[326, 583, 202]
[255, 585, 198]
[316, 611, 121]
[258, 607, 105]
[298, 57, -221]
[307, 47, -211]
[311, 47, -211]
[316, 47, -211]
[291, 46, -211]
[285, 46, -211]
[281, 46, -211]
[322, 53, -133]
[273, 53, -131]
[307, 74, -192]
[288, 73, -191]
[360, 140, -87]
[234, 139, -75]
[364, 242, -59]
[229, 241, -54]
[368, 328, -119]
[216, 327, -131]
[377, 351, -141]
[207, 351, -147]
[372, 355, -159]
[211, 354, -180]
[367, 347, -128]
[215, 345, -145]
[330, 328, -13]
[253, 326, 14]
[323, 462, -10]
[249, 458, 40]
[325, 569, 178]
[254, 569, 192]
[326, 584, 193]
[254, 585, 205]
[316, 611, 106]
[257, 606, 109]
[298, 57, -240]
[307, 47, -230]
[311, 47, -230]
[316, 47, -230]
[291, 46, -230]
[285, 46, -230]
[281, 47, -230]
[322, 53, -152]
[273, 53, -149]
[307, 74, -210]
[288, 73, -210]
[361, 140, -107]
[234, 139, -88]
[364, 243, -81]
[228, 241, -66]
[368, 332, -144]
[215, 332, -143]
[378, 355, -167]
[206, 356, -160]
[373, 359, -184]
[210, 358, -191]
[367, 350, -153]
[214, 348, -157]
[330, 328, -17]
[253, 326, 17]
[321, 464, -9]
[248, 460, 51]
[322, 572, 172]
[250, 572, 200]
[323, 587, 185]
[251, 589, 212]
[313, 613, 97]
[250, 609, 116]
[298, 57, -234]
[307, 47, -223]
[311, 47, -223]
[316, 47, -223]
[291, 46, -223]
[285, 46, -223]
[281, 47, -223]
[322, 53, -144]
[273, 53, -143]
[308, 74, -204]
[288, 73, -203]
[361, 141, -99]
[235, 140, -84]
[365, 244, -74]
[228, 242, -63]
[369, 334, -140]
[216, 334, -143]
[379, 356, -163]
[207, 359, -159]
[373, 361, -180]
[210, 362, -190]
[368, 352, -149]
[214, 351, -155]
[330, 327, -17]
[253, 326, 17]
[322, 464, -8]
[250, 459, 61]
[324, 573, 170]
[252, 571, 214]
[325, 589, 182]
[253, 589, 227]
[315, 614, 94]
[250, 608, 133]
[298, 57, -246]
[307, 47, -235]
[311, 47, -236]
[316, 47, -236]
[291, 46, -235]
[285, 46, -235]
[281, 47, -235]
[322, 53, -157]
[273, 53, -153]
[308, 74, -216]
[288, 73, -215]
[361, 141, -110]
[235, 140, -92]
[365, 244, -82]
[227, 242, -69]
[369, 335, -145]
[215, 333, -149]
[379, 358, -168]
[206, 358, -166]
[373, 363, -185]
[210, 360, -196]
[368, 354, -154]
[214, 351, -161]
[330, 327, -18]
[253, 326, 18]
[322, 465, -7]
[250, 461, 64]
[324, 575, 173]
[252, 574, 223]
[325, 591, 185]
[253, 592, 236]
[315, 616, 98]
[251, 611, 140]
[298, 57, -238]
[307, 47, -227]
[311, 47, -227]
[316, 47, -227]
[291, 46, -227]
[285, 46, -227]
[281, 47, -227]
[322, 53, -149]
[273, 53, -145]
[308, 74, -207]
[288, 73, -206]
[361, 141, -104]
[235, 140, -85]
[365, 244, -77]
[227, 242, -65]
[370, 336, -142]
[215, 333, -147]
[380, 360, -165]
[206, 359, -166]
[373, 365, -182]
[210, 361, -193]
[368, 356, -151]
[214, 351, -159]
[330, 328, -18]
[253, 327, 18]
[323, 468, -8]
[251, 463, 57]
[324, 579, 169]
[252, 578, 208]
[325, 596, 181]
[252, 596, 217]
[315, 620, 91]
[251, 615, 115]
[298, 58, -244]
[307, 47, -233]
[311, 47, -233]
[316, 48, -233]
[291, 47, -232]
[285, 47, -233]
[281, 47, -233]
[322, 54, -152]
[273, 54, -149]
[308, 74, -213]
[288, 73, -212]
[361, 141, -105]
[235, 140, -86]
[365, 244, -77]
[226, 243, -64]
[370, 335, -142]
[215, 333, -146]
[380, 359, -165]
[207, 359, -165]
[373, 364, -182]
[212, 361, -192]
[368, 355, -151]
[216, 351, -158]
[331, 328, -18]
[253, 327, 18]
[323, 468, -9]
[251, 464, 56]
[324, 580, 171]
[252, 579, 208]
[325, 596, 183]
[252, 597, 220]
[315, 621, 94]
[252, 616, 119]
[298, 58, -243]
[307, 47, -232]
[311, 47, -232]
[316, 48, -233]
[291, 47, -232]
[285, 47, -232]
[281, 48, -232]
[322, 54, -152]
[273, 54, -148]
[308, 74, -212]
[288, 74, -211]
[361, 141, -106]
[235, 140, -86]
[365, 244, -79]
[226, 243, -63]
[370, 335, -143]
[216, 333, -145]
[380, 359, -166]
[208, 358, -165]
[373, 364, -182]
[214, 360, -191]
[368, 355, -151]
[217, 351, -158]
[331, 329, -19]
[253, 328, 19]
[323, 469, -8]
[252, 465, 65]
[325, 581, 172]
[252, 581, 220]
[326, 598, 184]
[253, 599, 232]
[315, 623, 94]
[252, 617, 133]
[298, 58, -248]
[307, 47, -237]
[311, 48, -237]
[316, 48, -237]
[291, 47, -236]
[285, 47, -236]
[281, 48, -237]
[322, 54, -156]
[273, 54, -152]
[308, 74, -217]
[288, 74, -215]
[361, 141, -111]
[235, 140, -86]
[365, 244, -84]
[226, 243, -63]
[370, 335, -148]
[216, 334, -145]
[380, 359, -171]
[210, 359, -165]
[373, 365, -187]
[215, 361, -191]
[368, 355, -156]
[219, 351, -157]
[331, 328, -20]
[253, 328, 20]
[324, 469, -9]
[252, 466, 64]
[326, 582, 169]
[253, 581, 218]
[327, 599, 182]
[253, 600, 230]
[317, 624, 88]
[253, 618, 130]
[298, 58, -249]
[307, 47, -238]
[311, 48, -238]
[316, 48, -238]
[291, 47, -237]
[285, 47, -237]
[281, 48, -237]
[322, 54, -157]
[273, 54, -153]
[308, 74, -218]
[288, 74, -217]
[361, 141, -112]
[235, 140, -88]
[365, 244, -85]
[226, 243, -65]
[370, 335, -149]
[216, 334, -146]
[380, 360, -172]
[210, 359, -166]
[373, 365, -189]
[216, 362, -193]
[368, 356, -157]
[219, 352, -159]
[331, 328, -20]
[253, 328, 21]
[324, 469, -10]
[252, 466, 61]
[326, 582, 168]
[253, 581, 213]
[327, 598, 181]
[253, 600, 225]
[317, 623, 88]
[253, 618, 127]
[298, 58, -245]
[307, 47, -235]
[311, 48, -235]
[316, 48, -235]
[291, 47, -234]
[285, 47, -234]
[281, 48, -234]
[322, 54, -155]
[273, 54, -150]
[308, 74, -215]
[288, 74, -213]
[361, 141, -110]
[235, 140, -86]
[365, 245, -84]
[225, 243, -64]
[370, 336, -148]
[216, 334, -146]
[380, 361, -171]
[210, 360, -166]
[373, 367, -187]
[216, 362, -192]
[368, 356, -156]
[219, 352, -158]
[331, 329, -20]
[253, 328, 21]
[324, 470, -10]
[253, 466, 60]
[326, 583, 168]
[253, 582, 211]
[328, 600, 180]
[253, 601, 223]
[317, 625, 87]
[253, 620, 124]
[298, 58, -237]
[307, 48, -227]
[311, 48, -227]
[316, 48, -227]
[291, 47, -226]
[285, 48, -226]
[281, 48, -226]
[322, 54, -148]
[273, 54, -143]
[308, 74, -207]
[288, 74, -205]
[361, 141, -106]
[235, 140, -79]
[365, 245, -79]
[225, 243, -57]
[370, 336, -144]
[217, 333, -140]
[380, 360, -167]
[210, 359, -158]
[373, 365, -183]
[215, 361, -186]
[368, 356, -152]
[218, 351, -152]
[331, 329, -20]
[253, 328, 21]
[324, 470, -9]
[252, 466, 59]
[325, 583, 168]
[252, 582, 201]
[326, 599, 180]
[253, 600, 212]
[316, 624, 89]
[252, 619, 114]
[298, 58, -238]
[307, 48, -227]
[311, 48, -227]
[316, 48, -227]
[291, 47, -227]
[285, 48, -227]
[281, 48, -227]
[322, 54, -149]
[273, 54, -145]
[307, 75, -207]
[287, 74, -206]
[361, 141, -105]
[235, 140, -83]
[365, 245, -78]
[225, 243, -63]
[370, 335, -145]
[216, 333, -146]
[380, 359, -168]
[209, 358, -165]
[373, 364, -185]
[214, 361, -193]
[368, 355, -153]
[218, 350, -158]
[331, 329, -20]
[253, 328, 20]
[324, 470, -9]
[252, 466, 59]
[326, 581, 170]
[254, 581, 203]
[328, 597, 183]
[255, 599, 215]
[318, 623, 94]
[255, 618, 118]
[298, 58, -237]
[307, 48, -227]
[311, 48, -227]
[316, 48, -227]
[291, 47, -226]
[285, 48, -226]
[281, 48, -226]
[322, 54, -148]
[273, 54, -144]
[307, 75, -207]
[287, 74, -206]
[361, 141, -104]
[235, 140, -83]
[365, 245, -78]
[225, 243, -63]
[370, 335, -140]
[216, 333, -146]
[380, 359, -163]
[209, 358, -165]
[373, 364, -180]
[214, 360, -193]
[368, 354, -149]
[218, 350, -158]
[331, 328, -20]
[253, 328, 20]
[323, 469, -8]
[251, 465, 49]
[326, 579, 173]
[253, 579, 193]
[328, 595, 186]
[254, 596, 205]
[318, 621, 97]
[255, 615, 108]
[298, 58, -194]
[306, 48, -183]
[311, 48, -183]
[316, 48, -183]
[291, 48, -183]
[285, 48, -183]
[281, 48, -183]
[322, 54, -107]
[273, 54, -104]
[307, 75, -165]
[287, 74, -164]
[361, 141, -67]
[235, 140, -52]
[365, 244, -43]
[226, 243, -37]
[370, 332, -107]
[216, 330, -118]
[380, 355, -131]
[208, 354, -139]
[373, 359, -147]
[213, 356, -164]
[368, 351, -116]
[217, 347, -130]
[331, 329, -19]
[253, 328, 19]
[324, 468, -9]
[251, 465, 43]
[327, 576, 184]
[254, 576, 195]
[329, 590, 200]
[255, 593, 207]
[318, 618, 117]
[257, 613, 111]
[298, 58, -174]
[306, 48, -163]
[311, 48, -163]
[316, 48, -163]
[290, 48, -163]
[285, 48, -163]
[281, 48, -163]
[322, 54, -89]
[273, 54, -87]
[307, 75, -146]
[287, 75, -146]
[361, 141, -47]
[235, 140, -45]
[364, 242, -20]
[227, 242, -32]
[370, 321, -83]
[216, 321, -110]
[379, 340, -105]
[208, 343, -133]
[373, 341, -122]
[213, 342, -157]
[368, 336, -92]
[217, 336, -122]
[331, 329, -13]
[253, 328, 13]
[325, 465, -3]
[252, 462, 35]
[328, 574, 182]
[258, 572, 175]
[330, 588, 196]
[259, 588, 187]
[319, 614, 111]
[265, 609, 94]
[298, 58, -179]
[306, 48, -167]
[311, 48, -167]
[316, 48, -167]
[290, 48, -167]
[285, 48, -167]
[281, 48, -167]
[322, 55, -90]
[273, 54, -89]
[307, 75, -149]
[287, 75, -149]
[360, 141, -45]
[235, 140, -45]
[363, 241, -19]
[229, 242, -31]
[370, 315, -90]
[219, 315, -113]
[379, 332, -112]
[211, 334, -137]
[374, 332, -131]
[213, 334, -161]
[369, 327, -100]
[217, 328, -125]
[331, 330, -10]
[253, 329, 10]
[326, 464, 8]
[252, 461, 34]
[329, 573, 186]
[259, 572, 172]
[330, 588, 199]
[259, 587, 183]
[320, 614, 111]
[267, 609, 85]
[298, 58, -171]
[306, 48, -160]
[311, 48, -160]
[316, 48, -160]
[290, 48, -160]
[285, 48, -160]
[281, 48, -160]
[322, 55, -85]
[273, 54, -84]
[307, 75, -143]
[287, 75, -142]
[360, 141, -40]
[235, 140, -42]
[362, 240, -12]
[229, 241, -30]
[369, 314, -74]
[220, 311, -109]
[377, 331, -92]
[213, 330, -133]
[374, 331, -111]
[214, 331, -155]
[369, 327, -84]
[218, 324, -120]
[332, 331, -7]
[253, 329, 7]
[329, 464, 18]
[253, 462, 30]
[332, 575, 184]
[259, 574, 156]
[334, 590, 197]
[260, 590, 166]
[322, 616, 111]
[267, 615, 67]
[298, 58, -171]
[306, 48, -160]
[311, 48, -160]
[316, 48, -160]
[290, 48, -160]
[285, 48, -160]
[281, 48, -160]
[322, 55, -84]
[273, 54, -82]
[307, 75, -142]
[287, 75, -142]
[360, 141, -38]
[235, 140, -39]
[360, 239, -14]
[230, 241, -28]
[368, 307, -86]
[222, 305, -112]
[375, 321, -107]
[216, 323, -136]
[374, 321, -126]
[217, 324, -159]
[369, 317, -96]
[220, 317, -124]
[332, 331, -6]
[253, 329, 7]
[330, 464, 15]
[253, 462, 33]
[333, 575, 190]
[259, 576, 166]
[334, 590, 203]
[260, 592, 177]
[323, 618, 113]
[267, 618, 77]
[298, 58, -183]
[306, 48, -171]
[311, 48, -171]
[316, 49, -171]
[290, 48, -171]
[285, 48, -172]
[281, 48, -172]
[322, 55, -92]
[273, 54, -92]
[307, 75, -153]
[287, 75, -153]
[360, 142, -43]
[235, 140, -45]
[359, 238, -22]
[230, 241, -51]
[367, 301, -91]
[225, 292, -165]
[373, 312, -108]
[216, 312, -192]
[373, 309, -132]
[218, 304, -214]
[368, 306, -96]
[222, 296, -177]
[333, 330, -6]
[253, 328, 6]
[332, 464, 16]
[253, 464, 40]
[334, 576, 187]
[259, 579, 187]
[335, 592, 201]
[259, 596, 199]
[323, 619, 107]
[267, 621, 95]
[298, 58, -177]
[306, 48, -164]
[311, 48, -164]
[316, 49, -164]
[290, 48, -165]
[285, 48, -165]
[281, 48, -165]
[322, 55, -82]
[273, 54, -86]
[308, 75, -146]
[287, 75, -147]
[360, 142, -33]
[234, 140, -42]
[358, 235, -27]
[231, 239, -64]
[367, 282, -144]
[226, 277, -202]
[372, 295, -171]
[219, 287, -231]
[374, 289, -191]
[219, 281, -251]
[369, 285, -155]
[222, 278, -213]
[335, 330, -1]
[253, 328, 2]
[335, 463, 17]
[253, 467, 51]
[335, 578, 186]
[258, 581, 220]
[338, 596, 199]
[258, 598, 234]
[323, 622, 108]
[268, 623, 140]
[298, 58, -176]
[307, 48, -165]
[311, 48, -165]
[316, 49, -165]
[290, 48, -165]
[285, 48, -165]
[281, 48, -165]
[323, 55, -83]
[273, 54, -85]
[308, 75, -146]
[287, 75, -146]
[360, 142, -37]
[234, 140, -39]
[358, 233, -46]
[231, 237, -73]
[366, 268, -171]
[227, 267, -219]
[371, 278, -199]
[218, 285, -249]
[374, 275, -217]
[222, 267, -267]
[368, 270, -182]
[228, 267, -230]
[336, 330, -1]
[253, 328, 2]
[338, 463, 24]
[254, 472, 53]
[338, 581, 183]
[259, 583, 219]
[341, 601, 194]
[258, 600, 233]
[325, 623, 103]
[270, 624, 142]
[298, 59, -181]
[307, 48, -169]
[311, 49, -169]
[316, 49, -169]
[291, 48, -170]
[285, 48, -170]
[281, 48, -170]
[323, 55, -87]
[273, 54, -89]
[308, 75, -150]
[287, 75, -151]
[360, 142, -41]
[234, 140, -43]
[358, 234, -75]
[229, 236, -80]
[366, 261, -230]
[230, 264, -230]
[378, 271, -264]
[231, 275, -262]
[373, 264, -278]
[231, 263, -277]
[374, 254, -240]
[232, 260, -240]
[337, 330, -1]
[253, 328, 1]
[341, 463, 28]
[254, 473, 57]
[340, 582, 200]
[259, 583, 235]
[343, 602, 213]
[257, 601, 250]
[327, 625, 122]
[270, 625, 156]
[298, 59, -183]
[307, 48, -171]
[311, 49, -171]
[316, 49, -171]
[291, 48, -172]
[285, 48, -172]
[281, 48, -172]
[322, 55, -88]
[273, 54, -91]
[308, 75, -153]
[287, 75, -153]
[360, 142, -37]
[234, 140, -39]
[360, 236, -66]
[223, 236, -82]
[365, 250, -231]
[230, 252, -260]
[371, 255, -266]
[235, 261, -294]
[369, 247, -277]
[237, 249, -306]
[368, 244, -239]
[235, 245, -269]
[337, 329, 0]
[253, 327, 0]
[340, 463, 25]
[254, 470, 53]
[340, 582, 198]
[259, 583, 219]
[342, 601, 211]
[257, 600, 233]
[327, 624, 121]
[272, 625, 139]
[298, 59, -175]
[307, 48, -163]
[311, 49, -163]
[316, 49, -163]
[290, 48, -164]
[285, 48, -164]
[280, 49, -164]
[322, 56, -79]
[273, 55, -85]
[308, 76, -144]
[287, 76, -145]
[359, 141, -26]
[234, 140, -34]
[362, 236, -60]
[222, 236, -86]
[363, 246, -217]
[230, 243, -269]
[362, 253, -251]
[232, 251, -303]
[364, 241, -263]
[234, 240, -315]
[362, 239, -226]
[234, 236, -278]
[337, 326, 2]
[253, 326, -1]
[340, 461, 20]
[254, 466, 49]
[340, 580, 189]
[259, 582, 219]
[343, 600, 203]
[257, 600, 232]
[327, 623, 118]
[273, 624, 134]
[298, 60, -176]
[306, 49, -164]
[311, 49, -164]
[315, 49, -164]
[290, 48, -165]
[285, 48, -165]
[280, 49, -165]
[322, 56, -82]
[273, 55, -86]
[307, 76, -145]
[287, 76, -147]
[359, 141, -30]
[234, 139, -35]
[362, 239, -64]
[222, 236, -90]
[365, 235, -226]
[230, 238, -273]
[364, 240, -259]
[231, 246, -305]
[365, 228, -268]
[232, 234, -316]
[362, 226, -234]
[233, 231, -281]
[337, 326, 2]
[253, 325, -1]
[340, 460, 11]
[253, 464, 49]
[340, 580, 171]
[257, 580, 214]
[342, 600, 183]
[255, 599, 227]
[326, 623, 96]
[272, 623, 130]
[297, 60, -162]
[306, 49, -150]
[311, 49, -150]
[315, 49, -150]
[290, 48, -150]
[285, 48, -150]
[280, 49, -150]
[322, 56, -73]
[273, 55, -73]
[307, 77, -133]
[287, 76, -133]
[358, 141, -30]
[234, 139, -25]
[362, 240, -76]
[222, 234, -82]
[365, 222, -233]
[230, 236, -245]
[364, 222, -263]
[232, 246, -274]
[365, 211, -271]
[233, 236, -287]
[362, 210, -239]
[234, 232, -254]
[337, 325, 1]
[253, 324, -1]
[340, 458, 9]
[253, 464, 46]
[340, 580, 154]
[257, 579, 208]
[342, 600, 165]
[254, 596, 222]
[325, 622, 83]
[272, 620, 131]
[297, 60, -162]
[306, 49, -151]
[311, 49, -151]
[315, 49, -151]
[290, 48, -150]
[285, 48, -150]
[280, 49, -150]
[322, 56, -76]
[273, 55, -72]
[307, 77, -134]
[286, 77, -133]
[358, 141, -33]
[234, 137, -22]
[363, 244, -103]
[222, 235, -87]
[363, 196, -251]
[222, 194, -255]
[357, 182, -277]
[220, 196, -281]
[361, 173, -276]
[220, 179, -285]
[358, 177, -254]
[223, 181, -261]
[337, 325, 1]
[253, 323, 0]
[340, 459, 8]
[253, 465, 46]
[339, 580, 164]
[256, 578, 211]
[342, 600, 176]
[254, 595, 225]
[324, 622, 90]
[271, 620, 140]
[297, 60, -159]
[306, 49, -149]
[311, 49, -149]
[315, 49, -149]
[290, 48, -149]
[284, 48, -149]
[280, 49, -149]
[322, 56, -76]
[273, 55, -74]
[307, 77, -132]
[286, 77, -132]
[357, 140, -33]
[234, 137, -20]
[363, 248, -90]
[222, 238, -83]
[364, 194, -238]
[220, 190, -248]
[358, 182, -263]
[218, 185, -273]
[364, 173, -265]
[217, 174, -278]
[361, 176, -241]
[220, 177, -253]
[337, 324, 0]
[253, 322, 0]
[339, 458, 5]
[252, 465, 46]
[337, 580, 167]
[255, 578, 214]
[341, 600, 180]
[252, 594, 229]
[322, 622, 90]
[271, 620, 144]
[297, 60, -144]
[306, 49, -133]
[310, 49, -134]
[315, 50, -133]
[290, 48, -133]
[284, 48, -133]
[280, 49, -133]
[322, 57, -65]
[273, 55, -62]
[306, 77, -118]
[286, 77, -118]
[357, 140, -27]
[235, 136, -18]
[363, 248, -90]
[222, 240, -82]
[362, 187, -230]
[221, 184, -235]
[356, 173, -254]
[220, 175, -254]
[359, 164, -255]
[218, 166, -250]
[358, 169, -233]
[220, 169, -234]
[337, 323, 0]
[253, 320, 0]
[339, 458, 5]
[252, 467, 41]
[337, 580, 168]
[255, 578, 215]
[340, 599, 182]
[253, 593, 231]
[322, 622, 112]
[270, 620, 155]
[297, 61, -149]
[306, 49, -139]
[310, 49, -139]
[315, 50, -139]
[290, 49, -139]
[284, 49, -139]
[280, 49, -139]
[321, 57, -67]
[273, 55, -67]
[306, 78, -123]
[286, 77, -123]
[356, 140, -29]
[235, 135, -20]
[365, 248, -92]
[222, 240, -91]
[362, 187, -239]
[221, 179, -250]
[357, 174, -264]
[223, 171, -274]
[360, 162, -263]
[221, 161, -269]
[358, 166, -241]
[221, 165, -252]
[337, 322, 0]
[253, 319, 0]
[339, 458, 5]
[253, 467, 43]
[337, 580, 178]
[255, 577, 222]
[340, 599, 193]
[253, 593, 238]
[322, 622, 120]
[270, 620, 158]
[297, 61, -129]
[306, 49, -119]
[310, 50, -119]
[315, 50, -119]
[290, 49, -119]
[284, 49, -119]
[280, 49, -119]
[321, 57, -51]
[273, 55, -54]
[306, 78, -104]
[286, 78, -105]
[356, 139, -17]
[235, 134, -14]
[365, 248, -91]
[223, 242, -90]
[361, 176, -217]
[221, 169, -250]
[357, 162, -237]
[227, 156, -265]
[358, 151, -230]
[226, 148, -254]
[357, 156, -215]
[224, 153, -241]
[337, 321, 1]
[253, 318, 0]
[339, 457, 2]
[253, 461, 45]
[337, 579, 159]
[256, 576, 196]
[340, 598, 172]
[253, 592, 208]
[322, 621, 98]
[271, 620, 125]
[297, 62, -131]
[306, 50, -120]
[310, 50, -120]
[315, 50, -120]
[290, 49, -121]
[284, 49, -121]
[280, 49, -121]
[321, 58, -51]
[273, 56, -54]
[306, 79, -105]
[286, 78, -106]
[356, 139, -17]
[235, 134, -13]
[366, 249, -90]
[223, 243, -88]
[361, 175, -211]
[221, 169, -244]
[357, 160, -232]
[228, 155, -264]
[359, 149, -227]
[227, 147, -253]
[357, 154, -211]
[225, 152, -240]
[337, 320, 1]
[253, 318, 0]
[339, 456, 0]
[254, 457, 47]
[337, 578, 154]
[257, 576, 190]
[340, 597, 166]
[253, 592, 201]
[322, 621, 89]
[272, 621, 113]
[297, 62, -138]
[306, 50, -127]
[310, 50, -127]
[315, 50, -127]
[290, 49, -127]
[284, 49, -127]
[280, 49, -127]
[321, 58, -56]
[273, 56, -57]
[306, 79, -112]
[286, 78, -112]
[356, 139, -20]
[235, 134, -13]
[366, 249, -87]
[223, 244, -90]
[362, 177, -223]
[221, 170, -246]
[358, 162, -246]
[228, 156, -270]
[360, 152, -239]
[227, 148, -260]
[359, 157, -223]
[225, 153, -246]
[336, 320, 1]
[254, 317, 0]
[339, 456, 0]
[254, 456, 50]
[336, 578, 157]
[257, 576, 189]
[340, 597, 169]
[253, 592, 201]
[321, 621, 87]
[272, 621, 108]
[297, 62, -142]
[306, 50, -131]
[310, 50, -131]
[315, 50, -131]
[290, 49, -132]
[284, 49, -132]
[280, 49, -132]
[321, 58, -59]
[273, 57, -60]
[306, 79, -115]
[286, 79, -116]
[356, 139, -20]
[235, 134, -14]
[367, 251, -92]
[224, 246, -91]
[364, 178, -240]
[220, 171, -254]
[361, 164, -264]
[227, 157, -279]
[364, 155, -261]
[226, 150, -274]
[362, 159, -241]
[224, 154, -256]
[336, 320, 0]
[254, 318, 0]
[339, 456, -2]
[254, 455, 51]
[335, 578, 159]
[256, 576, 193]
[339, 597, 172]
[253, 592, 206]
[321, 621, 88]
[272, 622, 112]
[297, 62, -145]
[306, 50, -134]
[310, 50, -134]
[315, 50, -134]
[290, 49, -134]
[284, 49, -134]
[280, 49, -134]
[322, 58, -61]
[273, 57, -62]
[306, 79, -118]
[287, 79, -118]
[357, 139, -22]
[235, 134, -14]
[367, 251, -92]
[225, 246, -100]
[365, 178, -237]
[221, 168, -259]
[362, 162, -262]
[227, 153, -285]
[367, 154, -259]
[226, 147, -280]
[364, 158, -239]
[224, 152, -261]
[337, 320, 0]
[254, 317, 0]
[339, 456, -2]
[254, 455, 54]
[335, 578, 162]
[256, 576, 195]
[338, 597, 175]
[253, 592, 206]
[321, 620, 90]
[272, 622, 115]
[297, 62, -146]
[306, 50, -135]
[310, 50, -135]
[315, 50, -135]
[290, 49, -135]
[285, 49, -135]
[280, 49, -135]
[322, 58, -62]
[273, 57, -62]
[307, 79, -119]
[287, 79, -119]
[357, 139, -23]
[235, 134, -16]
[368, 250, -90]
[225, 247, -101]
[367, 178, -237]
[221, 167, -261]
[366, 162, -262]
[227, 153, -287]
[370, 153, -260]
[225, 146, -283]
[368, 157, -239]
[223, 151, -264]
[337, 320, 0]
[254, 317, 0]
[338, 456, -1]
[254, 454, 54]
[335, 577, 163]
[256, 576, 197]
[338, 596, 176]
[253, 592, 208]
[321, 620, 91]
[272, 622, 114]
[297, 62, -142]
[306, 50, -131]
[310, 50, -131]
[315, 50, -131]
[290, 49, -132]
[285, 49, -132]
[280, 49, -132]
[322, 58, -58]
[273, 57, -61]
[307, 79, -116]
[287, 79, -117]
[357, 139, -22]
[236, 134, -17]
[368, 250, -90]
[226, 247, -99]
[367, 176, -232]
[221, 166, -256]
[366, 160, -254]
[227, 152, -283]
[371, 152, -250]
[225, 145, -279]
[369, 156, -233]
[223, 150, -260]
[337, 320, 0]
[254, 317, 0]
[338, 455, 0]
[254, 454, 51]
[335, 577, 161]
[257, 576, 189]
[338, 596, 173]
[254, 592, 200]
[321, 619, 91]
[272, 622, 107]
[297, 62, -143]
[306, 50, -131]
[310, 50, -131]
[315, 50, -131]
[290, 49, -132]
[285, 49, -132]
[280, 49, -132]
[322, 58, -58]
[273, 57, -62]
[307, 79, -116]
[287, 79, -117]
[357, 139, -21]
[236, 134, -18]
[368, 250, -87]
[226, 247, -100]
[368, 175, -226]
[221, 164, -253]
[367, 160, -249]
[227, 150, -279]
[372, 151, -246]
[226, 143, -277]
[370, 155, -228]
[223, 148, -257]
[337, 320, 0]
[254, 317, 0]
[338, 455, 0]
[254, 454, 51]
[335, 577, 162]
[257, 576, 191]
[338, 596, 174]
[254, 592, 202]
[321, 619, 91]
[272, 622, 110]
[297, 62, -144]
[306, 50, -132]
[310, 50, -132]
[315, 50, -132]
[290, 49, -133]
[285, 49, -133]
[280, 49, -133]
[322, 58, -59]
[273, 57, -63]
[307, 79, -117]
[287, 79, -118]
[357, 139, -21]
[236, 134, -20]
[368, 250, -86]
[226, 247, -100]
[368, 176, -226]
[220, 164, -252]
[367, 161, -249]
[226, 151, -278]
[372, 152, -246]
[224, 144, -276]
[370, 156, -228]
[223, 149, -256]
[337, 320, 1]
[254, 317, -1]
[338, 455, 3]
[254, 454, 51]
[335, 577, 164]
[257, 576, 190]
[338, 596, 176]
[253, 592, 202]
[321, 619, 94]
[272, 622, 108]
[298, 63, -144]
[306, 50, -133]
[310, 50, -133]
[315, 50, -133]
[291, 49, -134]
[285, 49, -134]
[280, 49, -135]
[322, 58, -60]
[273, 57, -65]
[307, 79, -117]
[287, 79, -119]
[357, 139, -21]
[235, 134, -20]
[368, 250, -86]
[226, 248, -100]
[368, 177, -231]
[219, 167, -252]
[367, 162, -255]
[223, 153, -278]
[372, 154, -253]
[220, 147, -276]
[369, 158, -233]
[221, 151, -256]
[337, 320, 1]
[254, 317, -1]
[338, 455, 3]
[254, 454, 51]
[335, 577, 164]
[257, 576, 191]
[337, 595, 176]
[253, 592, 203]
[321, 619, 92]
[272, 622, 109]
[298, 63, -148]
[306, 50, -137]
[310, 50, -137]
[315, 50, -137]
[291, 49, -138]
[285, 49, -139]
[280, 49, -139]
[322, 58, -61]
[273, 57, -68]
[307, 79, -120]
[287, 79, -122]
[357, 139, -22]
[235, 134, -21]
[368, 250, -85]
[226, 248, -103]
[368, 178, -236]
[219, 168, -269]
[367, 164, -262]
[223, 155, -296]
[372, 155, -260]
[221, 147, -292]
[369, 159, -238]
[221, 152, -271]
[337, 320, 1]
[254, 317, -1]
[338, 455, 2]
[254, 455, 51]
[334, 577, 164]
[257, 576, 193]
[337, 595, 176]
[253, 593, 205]
[321, 619, 91]
[271, 622, 109]
[298, 63, -149]
[306, 50, -138]
[310, 50, -138]
[315, 51, -138]
[291, 49, -139]
[285, 49, -139]
[281, 49, -139]
[322, 58, -62]
[273, 57, -72]
[307, 79, -121]
[287, 79, -123]
[356, 138, -21]
[235, 134, -23]
[368, 250, -78]
[226, 248, -101]
[368, 179, -230]
[219, 169, -264]
[367, 165, -256]
[222, 156, -290]
[371, 156, -255]
[220, 148, -287]
[369, 160, -233]
[220, 153, -266]
[336, 320, 1]
[254, 317, -1]
[338, 455, 2]
[254, 455, 52]
[334, 577, 161]
[257, 576, 197]
[336, 595, 173]
[253, 593, 209]
[320, 619, 87]
[271, 622, 111]
[300, 63, -152]
[307, 50, -140]
[311, 50, -141]
[316, 51, -140]
[292, 49, -143]
[286, 49, -143]
[281, 49, -143]
[322, 58, -64]
[273, 57, -75]
[308, 79, -123]
[289, 79, -126]
[356, 138, -25]
[235, 134, -29]
[368, 249, -92]
[226, 243, -108]
[366, 179, -248]
[219, 175, -271]
[363, 165, -275]
[222, 164, -298]
[366, 156, -273]
[220, 154, -297]
[364, 160, -250]
[220, 160, -275]
[336, 320, 1]
[254, 317, -1]
[338, 455, 8]
[253, 455, 54]
[334, 577, 181]
[256, 576, 207]
[336, 596, 194]
[253, 593, 220]
[321, 619, 104]
[271, 622, 120]
[301, 62, -153]
[307, 50, -142]
[311, 50, -142]
[316, 50, -142]
[293, 49, -144]
[287, 49, -144]
[282, 49, -144]
[321, 58, -66]
[273, 57, -75]
[308, 79, -125]
[289, 79, -128]
[355, 138, -30]
[235, 134, -29]
[367, 247, -100]
[225, 243, -109]
[363, 181, -257]
[219, 176, -274]
[358, 170, -284]
[222, 166, -302]
[362, 161, -283]
[222, 155, -300]
[361, 164, -260]
[222, 161, -278]
[336, 320, 0]
[254, 317, 0]
[338, 456, 9]
[252, 456, 55]
[334, 578, 184]
[255, 576, 214]
[336, 597, 197]
[252, 593, 228]
[321, 620, 108]
[270, 622, 129]
[302, 62, -162]
[307, 49, -150]
[311, 49, -150]
[316, 50, -150]
[293, 49, -151]
[287, 49, -151]
[282, 49, -151]
[321, 58, -73]
[273, 57, -76]
[309, 79, -134]
[289, 79, -134]
[356, 138, -36]
[235, 134, -29]
[365, 246, -110]
[225, 242, -108]
[364, 187, -277]
[219, 180, -270]
[362, 177, -305]
[218, 174, -297]
[365, 167, -306]
[218, 165, -297]
[363, 171, -281]
[220, 168, -275]
[336, 320, 0]
[254, 318, 1]
[337, 457, 8]
[250, 460, 54]
[334, 578, 179]
[254, 576, 215]
[337, 598, 192]
[252, 594, 229]
[321, 620, 105]
[270, 622, 134]
[301, 61, -160]
[307, 49, -149]
[311, 49, -149]
[316, 49, -149]
[292, 48, -149]
[286, 48, -149]
[281, 49, -149]
[321, 57, -73]
[273, 57, -74]
[309, 78, -133]
[289, 78, -133]
[356, 138, -40]
[235, 134, -25]
[364, 246, -107]
[225, 238, -80]
[364, 193, -261]
[217, 191, -227]
[360, 181, -288]
[214, 190, -250]
[364, 172, -289]
[213, 182, -257]
[361, 176, -264]
[218, 182, -234]
[336, 321, -1]
[254, 319, 1]
[338, 458, 15]
[251, 471, 43]
[335, 579, 192]
[254, 577, 225]
[338, 599, 207]
[252, 593, 243]
[322, 622, 133]
[269, 622, 168]
[299, 60, -156]
[306, 48, -144]
[311, 48, -145]
[315, 49, -145]
[291, 48, -144]
[285, 48, -144]
[280, 48, -144]
[321, 56, -69]
[272, 56, -66]
[308, 77, -128]
[288, 77, -127]
[356, 139, -34]
[235, 134, -21]
[363, 243, -84]
[225, 231, -68]
[364, 221, -239]
[217, 222, -223]
[362, 224, -270]
[214, 227, -250]
[366, 211, -286]
[214, 218, -262]
[362, 208, -248]
[217, 217, -232]
[336, 322, 0]
[253, 320, 0]
[337, 458, 18]
[250, 474, 39]
[335, 579, 187]
[254, 576, 228]
[338, 599, 201]
[252, 592, 246]
[322, 622, 127]
[269, 618, 175]
[296, 59, -166]
[305, 48, -153]
[310, 48, -153]
[314, 48, -153]
[288, 47, -153]
[284, 47, -153]
[279, 47, -153]
[320, 55, -73]
[272, 55, -69]
[306, 76, -136]
[286, 75, -135]
[356, 139, -33]
[235, 134, -21]
[362, 240, -70]
[224, 230, -59]
[364, 235, -234]
[217, 235, -222]
[362, 240, -269]
[214, 241, -252]
[366, 229, -282]
[214, 232, -266]
[362, 227, -244]
[217, 228, -232]
[335, 322, 0]
[253, 320, 0]
[337, 459, 17]
[250, 472, 41]
[335, 580, 191]
[254, 576, 234]
[338, 599, 205]
[251, 592, 252]
[321, 622, 127]
[269, 618, 170]
[294, 59, -182]
[303, 47, -169]
[309, 47, -169]
[312, 48, -169]
[286, 47, -168]
[282, 47, -168]
[277, 47, -168]
[320, 55, -84]
[272, 54, -79]
[305, 75, -151]
[284, 75, -150]
[356, 139, -39]
[234, 134, -22]
[362, 241, -76]
[223, 231, -57]
[364, 244, -253]
[217, 241, -227]
[362, 249, -290]
[215, 245, -258]
[365, 237, -302]
[215, 234, -269]
[362, 235, -262]
[218, 233, -236]
[335, 323, -1]
[252, 321, 1]
[337, 461, 14]
[250, 471, 51]
[335, 581, 208]
[253, 578, 242]
[338, 600, 224]
[251, 596, 258]
[321, 624, 137]
[269, 621, 164]
[292, 59, -183]
[302, 47, -170]
[308, 47, -170]
[311, 47, -170]
[285, 47, -168]
[280, 47, -168]
[276, 47, -169]
[319, 55, -87]
[271, 54, -80]
[303, 75, -153]
[282, 75, -150]
[357, 141, -41]
[233, 135, -22]
[362, 241, -76]
[220, 232, -62]
[364, 246, -247]
[222, 248, -229]
[362, 251, -286]
[226, 256, -266]
[365, 240, -292]
[227, 245, -281]
[362, 239, -260]
[227, 242, -239]
[335, 324, -2]
[251, 323, 2]
[337, 463, 12]
[249, 470, 54]
[335, 583, 202]
[253, 582, 236]
[338, 602, 217]
[250, 600, 252]
[321, 627, 129]
[269, 625, 158]
[292, 59, -196]
[302, 47, -183]
[308, 47, -183]
[311, 47, -183]
[284, 47, -182]
[280, 47, -182]
[275, 47, -183]
[319, 55, -96]
[271, 54, -93]
[303, 75, -164]
[282, 75, -163]
[357, 141, -46]
[232, 136, -37]
[362, 241, -83]
[220, 233, -68]
[365, 251, -265]
[234, 259, -231]
[364, 257, -304]
[243, 271, -265]
[369, 246, -315]
[244, 261, -279]
[363, 244, -275]
[242, 257, -239]
[335, 326, -3]
[251, 324, 3]
[338, 466, 11]
[249, 471, 59]
[338, 584, 210]
[254, 585, 248]
[340, 603, 225]
[252, 604, 264]
[326, 629, 129]
[271, 629, 160]
[292, 59, -192]
[302, 47, -178]
[308, 47, -179]
[311, 47, -178]
[285, 47, -179]
[280, 47, -179]
[275, 47, -179]
[319, 55, -91]
[271, 54, -90]
[303, 75, -160]
[282, 75, -160]
[357, 141, -43]
[232, 138, -38]
[362, 242, -81]
[223, 234, -70]
[367, 259, -260]
[232, 260, -241]
[372, 266, -298]
[239, 269, -277]
[376, 258, -314]
[242, 261, -296]
[369, 255, -271]
[240, 258, -254]
[335, 327, -3]
[251, 325, 3]
[338, 465, 5]
[249, 471, 59]
[338, 584, 192]
[254, 585, 247]
[341, 602, 205]
[252, 604, 256]
[326, 628, 102]
[271, 629, 139]
[292, 59, -188]
[302, 47, -175]
[308, 47, -175]
[311, 47, -175]
[285, 47, -175]
[280, 47, -175]
[275, 47, -175]
[319, 55, -89]
[270, 54, -88]
[303, 75, -157]
[282, 75, -157]
[358, 142, -46]
[231, 139, -36]
[361, 245, -82]
[224, 239, -61]
[368, 264, -259]
[226, 265, -223]
[374, 274, -292]
[220, 271, -256]
[379, 266, -306]
[218, 266, -279]
[370, 262, -266]
[221, 263, -236]
[335, 329, -3]
[250, 328, 4]
[338, 467, 5]
[249, 474, 58]
[338, 587, 193]
[254, 589, 239]
[341, 605, 206]
[252, 607, 252]
[326, 632, 105]
[270, 632, 146]
[293, 59, -183]
[303, 47, -169]
[308, 47, -169]
[312, 47, -169]
[285, 47, -171]
[280, 47, -171]
[275, 47, -171]
[319, 55, -82]
[270, 54, -87]
[304, 75, -151]
[282, 75, -152]
[358, 142, -39]
[231, 140, -36]
[359, 240, -57]
[227, 240, -62]
[367, 271, -201]
[226, 268, -227]
[374, 283, -234]
[220, 274, -258]
[378, 276, -253]
[218, 269, -283]
[370, 272, -212]
[221, 267, -238]
[334, 330, -2]
[250, 329, 2]
[338, 468, 7]
[249, 473, 55]
[338, 587, 198]
[253, 589, 228]
[341, 605, 212]
[252, 606, 242]
[324, 632, 124]
[269, 632, 143]
[295, 59, -189]
[303, 47, -174]
[308, 47, -175]
[312, 47, -175]
[286, 47, -176]
[281, 47, -176]
[276, 47, -176]
[319, 55, -88]
[270, 55, -95]
[305, 75, -156]
[284, 75, -158]
[358, 142, -39]
[231, 141, -46]
[359, 239, -29]
[227, 240, -39]
[367, 295, -130]
[226, 282, -125]
[374, 311, -157]
[219, 304, -151]
[376, 307, -177]
[218, 297, -172]
[369, 303, -141]
[221, 289, -136]
[334, 332, -2]
[250, 330, 2]
[336, 471, 7]
[249, 474, 32]
[337, 586, 234]
[253, 590, 209]
[339, 601, 253]
[253, 607, 224]
[324, 631, 165]
[267, 633, 121]
[296, 59, -187]
[304, 47, -174]
[309, 47, -174]
[313, 47, -174]
[287, 47, -174]
[282, 47, -174]
[276, 47, -174]
[319, 55, -89]
[270, 55, -91]
[305, 76, -155]
[284, 76, -156]
[358, 143, -43]
[231, 141, -42]
[358, 239, -34]
[229, 240, -52]
[367, 299, -128]
[226, 291, -184]
[373, 316, -153]
[216, 316, -213]
[374, 314, -173]
[218, 306, -230]
[368, 308, -138]
[221, 302, -194]
[333, 332, -5]
[251, 330, 6]
[335, 471, 7]
[250, 474, 39]
[337, 586, 213]
[255, 590, 196]
[338, 601, 227]
[255, 607, 208]
[324, 631, 127]
[268, 632, 103]
[297, 59, -186]
[305, 47, -173]
[309, 47, -173]
[313, 47, -173]
[288, 47, -174]
[282, 47, -174]
[277, 47, -174]
[320, 55, -90]
[270, 55, -92]
[305, 76, -155]
[285, 76, -156]
[358, 143, -45]
[231, 141, -46]
[358, 239, -25]
[229, 240, -39]
[366, 310, -106]
[225, 302, -124]
[373, 327, -130]
[216, 319, -150]
[373, 326, -150]
[217, 319, -173]
[367, 322, -117]
[220, 313, -136]
[332, 333, -6]
[251, 330, 6]
[332, 471, 8]
[250, 473, 34]
[335, 585, 209]
[256, 590, 186]
[336, 599, 224]
[256, 606, 198]
[324, 630, 129]
[267, 631, 95]
[297, 59, -185]
[305, 47, -172]
[309, 47, -172]
[313, 47, -172]
[289, 47, -173]
[283, 47, -173]
[278, 47, -173]
[320, 55, -89]
[271, 55, -92]
[306, 76, -154]
[285, 76, -155]
[358, 143, -44]
[232, 141, -49]
[358, 238, -19]
[229, 240, -39]
[366, 314, -93]
[224, 306, -120]
[374, 331, -115]
[215, 324, -145]
[373, 331, -135]
[216, 323, -168]
[367, 326, -104]
[220, 319, -132]
[330, 334, -6]
[251, 331, 6]
[328, 470, 10]
[250, 471, 30]
[330, 584, 207]
[256, 587, 176]
[331, 597, 220]
[256, 602, 188]
[321, 628, 126]
[266, 626, 86]
[297, 59, -185]
[305, 47, -173]
[309, 47, -173]
[313, 47, -173]
[289, 47, -174]
[283, 47, -174]
[278, 47, -174]
[319, 55, -92]
[271, 55, -94]
[306, 76, -154]
[285, 76, -155]
[358, 143, -45]
[232, 141, -49]
[359, 239, -16]
[230, 240, -34]
[366, 320, -82]
[221, 314, -116]
[373, 339, -103]
[210, 333, -140]
[371, 341, -122]
[211, 333, -164]
[365, 335, -92]
[216, 327, -128]
[330, 334, -8]
[251, 331, 8]
[327, 470, 7]
[250, 469, 32]
[329, 583, 197]
[256, 583, 180]
[329, 596, 210]
[257, 598, 192]
[320, 626, 118]
[265, 622, 91]
[298, 59, -181]
[305, 47, -169]
[309, 47, -169]
[313, 47, -169]
[289, 47, -170]
[283, 47, -170]
[278, 47, -170]
[319, 55, -92]
[271, 55, -94]
[306, 75, -151]
[285, 75, -152]
[358, 142, -45]
[233, 141, -48]
[359, 239, -13]
[230, 240, -33]
[366, 321, -80]
[219, 317, -115]
[373, 340, -101]
[208, 337, -139]
[369, 342, -119]
[208, 337, -163]
[363, 336, -89]
[214, 331, -127]
[330, 334, -8]
[251, 331, 9]
[326, 470, 3]
[250, 467, 32]
[328, 583, 187]
[256, 581, 175]
[328, 596, 201]
[257, 596, 187]
[319, 624, 114]
[265, 620, 89]
[298, 59, -182]
[305, 47, -171]
[309, 47, -171]
[313, 47, -171]
[289, 47, -172]
[283, 47, -172]
[279, 47, -172]
[319, 54, -94]
[271, 54, -96]
[306, 75, -153]
[286, 75, -154]
[358, 142, -52]
[233, 141, -52]
[360, 239, -25]
[230, 240, -39]
[365, 324, -100]
[218, 319, -128]
[373, 345, -123]
[206, 341, -152]
[367, 347, -141]
[207, 341, -178]
[362, 341, -109]
[213, 335, -141]
[330, 333, -10]
[251, 331, 10]
[325, 469, 3]
[250, 466, 35]
[327, 582, 183]
[256, 579, 180]
[328, 595, 196]
[257, 595, 191]
[318, 623, 111]
[264, 617, 96]
[298, 58, -190]
[305, 47, -179]
[309, 47, -179]
[313, 47, -179]
[289, 47, -179]
[283, 47, -179]
[279, 47, -180]
[319, 54, -101]
[271, 54, -101]
[306, 75, -160]
[286, 75, -161]
[358, 142, -58]
[233, 141, -52]
[361, 240, -29]
[229, 241, -37]
[365, 329, -99]
[216, 324, -122]
[372, 351, -122]
[206, 347, -145]
[365, 354, -140]
[208, 349, -171]
[360, 347, -108]
[213, 341, -134]
[328, 334, -13]
[251, 331, 13]
[320, 470, 1]
[245, 466, 41]
[320, 582, 185]
[249, 580, 192]
[321, 596, 200]
[249, 595, 205]
[310, 623, 118]
[252, 618, 111]
[298, 58, -227]
[305, 47, -217]
[309, 47, -217]
[313, 47, -217]
[289, 47, -216]
[284, 47, -217]
[279, 47, -217]
[319, 54, -137]
[271, 54, -134]
[306, 75, -197]
[286, 75, -196]
[358, 142, -92]
[233, 140, -74]
[361, 241, -62]
[228, 241, -49]
[364, 334, -113]
[215, 328, -134]
[372, 358, -133]
[205, 353, -157]
[365, 362, -152]
[208, 354, -182]
[360, 352, -120]
[213, 345, -147]
[327, 334, -18]
[250, 331, 18]
[317, 471, -12]
[243, 466, 45]
[317, 583, 173]
[245, 580, 197]
[318, 597, 186]
[245, 596, 209]
[307, 624, 97]
[246, 618, 112]
[298, 58, -237]
[305, 47, -226]
[309, 47, -226]
[313, 47, -226]
[289, 47, -225]
[284, 47, -225]
[279, 47, -225]
[319, 54, -144]
[271, 54, -140]
[306, 75, -206]
[286, 75, -205]
[358, 142, -101]
[233, 140, -76]
[361, 242, -76]
[227, 241, -52]
[364, 335, -136]
[215, 331, -138]
[373, 358, -158]
[205, 355, -159]
[365, 362, -176]
[208, 357, -186]
[360, 352, -144]
[213, 347, -151]
[326, 334, -22]
[250, 331, 22]
[316, 471, -20]
[242, 466, 52]
[317, 585, 147]
[244, 582, 197]
[318, 600, 158]
[245, 599, 209]
[307, 626, 64]
[244, 618, 110]
[298, 58, -223]
[305, 47, -212]
[309, 47, -212]
[313, 47, -212]
[289, 47, -212]
[284, 47, -212]
[279, 47, -212]
[319, 54, -132]
[271, 54, -131]
[306, 75, -193]
[286, 74, -192]
[358, 142, -89]
[233, 140, -75]
[361, 243, -64]
[225, 241, -55]
[364, 335, -129]
[214, 330, -139]
[373, 358, -151]
[205, 353, -159]
[365, 362, -169]
[207, 356, -186]
[360, 353, -138]
[212, 346, -151]
[326, 333, -19]
[249, 331, 19]
[317, 471, -8]
[243, 466, 55]
[318, 585, 160]
[245, 582, 196]
[319, 601, 171]
[246, 599, 207]
[308, 626, 79]
[247, 619, 109]
[297, 58, -225]
[305, 47, -214]
[309, 47, -214]
[313, 47, -214]
[289, 47, -214]
[284, 47, -214]
[279, 47, -214]
[319, 54, -134]
[271, 54, -132]
[306, 75, -195]
[286, 74, -195]
[358, 142, -90]
[233, 140, -76]
[361, 244, -64]
[225, 241, -56]
[364, 336, -129]
[213, 333, -140]
[373, 360, -152]
[203, 358, -160]
[365, 364, -169]
[207, 361, -188]
[360, 355, -138]
[212, 351, -152]
[325, 333, -19]
[249, 331, 19]
[317, 471, -6]
[243, 466, 60]
[317, 587, 159]
[244, 583, 204]
[318, 603, 170]
[245, 601, 216]
[306, 627, 77]
[245, 619, 117]
[297, 58, -227]
[305, 47, -216]
[309, 47, -216]
[313, 47, -216]
[289, 47, -216]
[283, 47, -216]
[279, 47, -216]
[320, 54, -138]
[271, 54, -135]
[306, 75, -197]
[285, 75, -196]
[359, 142, -96]
[233, 140, -77]
[361, 244, -70]
[225, 242, -56]
[364, 339, -132]
[212, 336, -137]
[374, 364, -155]
[203, 361, -155]
[365, 369, -171]
[207, 363, -184]
[360, 358, -140]
[212, 352, -149]
[325, 333, -19]
[249, 331, 19]
[317, 472, -7]
[243, 466, 57]
[317, 589, 157]
[245, 585, 199]
[318, 606, 168]
[245, 603, 209]
[307, 630, 76]
[246, 621, 111]
[297, 59, -223]
[305, 47, -212]
[309, 47, -212]
[313, 47, -212]
[289, 47, -212]
[283, 47, -212]
[279, 47, -212]
[320, 55, -133]
[271, 54, -132]
[306, 75, -193]
[285, 75, -193]
[359, 142, -92]
[233, 140, -76]
[362, 245, -66]
[225, 243, -56]
[365, 339, -131]
[213, 336, -137]
[375, 364, -153]
[203, 360, -156]
[365, 369, -170]
[208, 363, -185]
[361, 358, -139]
[212, 352, -150]
[326, 333, -18]
[249, 331, 18]
[318, 473, -3]
[244, 467, 55]
[318, 590, 160]
[245, 586, 192]
[319, 607, 171]
[245, 605, 202]
[307, 631, 79]
[247, 623, 103]
[297, 59, -221]
[305, 47, -210]
[309, 47, -210]
[313, 48, -210]
[289, 47, -210]
[283, 47, -210]
[279, 47, -210]
[320, 55, -131]
[271, 55, -130]
[306, 75, -191]
[285, 75, -191]
[359, 142, -89]
[234, 140, -76]
[362, 246, -64]
[225, 243, -57]
[365, 339, -131]
[213, 335, -138]
[375, 364, -153]
[204, 361, -158]
[365, 368, -170]
[208, 363, -185]
[361, 357, -139]
[213, 352, -151]
[326, 333, -18]
[249, 331, 18]
[322, 472, 0]
[249, 467, 54]
[324, 590, 163]
[251, 587, 189]
[325, 607, 175]
[251, 605, 199]
[315, 631, 83]
[255, 623, 99]
[297, 59, -221]
[305, 47, -210]
[309, 47, -210]
[313, 48, -210]
[289, 47, -210]
[283, 47, -210]
[279, 47, -210]
[320, 55, -130]
[271, 55, -128]
[306, 75, -191]
[285, 75, -190]
[359, 142, -86]
[234, 140, -74]
[362, 246, -62]
[225, 243, -57]
[365, 337, -125]
[213, 333, -136]
[375, 361, -147]
[205, 357, -155]
[365, 365, -164]
[209, 360, -183]
[361, 356, -133]
[214, 349, -148]
[326, 333, -17]
[249, 331, 17]
[322, 471, -1]
[249, 466, 57]
[324, 589, 154]
[251, 585, 194]
[325, 605, 165]
[251, 604, 204]
[315, 630, 74]
[255, 621, 108]
[296, 59, -214]
[305, 47, -203]
[309, 47, -203]
[313, 48, -203]
[289, 47, -203]
[283, 47, -203]
[278, 47, -203]
[320, 55, -124]
[271, 55, -122]
[306, 75, -184]
[285, 76, -183]
[359, 142, -81]
[234, 140, -69]
[362, 245, -51]
[225, 243, -52]
[365, 336, -111]
[213, 332, -132]
[375, 361, -133]
[205, 357, -153]
[366, 365, -151]
[208, 359, -179]
[362, 355, -120]
[214, 349, -144]
[325, 333, -17]
[249, 331, 17]
[320, 471, -1]
[248, 465, 56]
[323, 585, 177]
[251, 582, 202]
[324, 600, 190]
[251, 599, 214]
[315, 626, 102]
[255, 618, 118]
[296, 59, -191]
[305, 47, -180]
[309, 47, -180]
[313, 48, -180]
[289, 47, -181]
[283, 47, -181]
[278, 48, -181]
[320, 55, -104]
[271, 55, -103]
[306, 76, -163]
[285, 76, -162]
[359, 142, -64]
[234, 140, -57]
[362, 245, -40]
[225, 243, -44]
[365, 335, -104]
[213, 331, -125]
[375, 358, -127]
[205, 356, -146]
[367, 362, -144]
[209, 358, -172]
[362, 354, -113]
[214, 348, -137]
[326, 334, -16]
[249, 332, 16]
[322, 471, 0]
[249, 465, 46]
[326, 585, 177]
[254, 581, 185]
[328, 600, 190]
[254, 599, 197]
[316, 626, 104]
[258, 618, 105]
[296, 59, -176]
[305, 47, -165]
[309, 47, -165]
[313, 48, -165]
[289, 47, -166]
[283, 47, -166]
[278, 48, -166]
[320, 55, -91]
[271, 55, -91]
[306, 76, -149]
[285, 76, -149]
[359, 142, -50]
[234, 140, -52]
[362, 243, -27]
[225, 243, -41]
[365, 327, -97]
[214, 327, -120]
[375, 347, -119]
[205, 349, -143]
[368, 349, -137]
[209, 349, -167]
[363, 343, -106]
[214, 342, -131]
[328, 334, -12]
[249, 332, 12]
[323, 469, 4]
[251, 464, 38]
[327, 581, 182]
[257, 578, 177]
[329, 595, 196]
[257, 595, 188]
[317, 622, 113]
[264, 615, 97]
[296, 60, -163]
[305, 47, -152]
[309, 47, -152]
[313, 48, -152]
[289, 47, -152]
[283, 47, -152]
[278, 48, -152]
[320, 55, -79]
[271, 55, -78]
[306, 76, -136]
[285, 76, -135]
[359, 142, -39]
[234, 140, -40]
[362, 242, -15]
[226, 242, -24]
[365, 321, -82]
[214, 321, -97]
[375, 341, -102]
[205, 342, -118]
[368, 340, -120]
[208, 342, -141]
[363, 335, -91]
[214, 336, -108]
[329, 334, -9]
[250, 332, 9]
[324, 469, 4]
[252, 464, 30]
[327, 580, 180]
[259, 578, 161]
[329, 594, 193]
[259, 595, 172]
[318, 622, 109]
[267, 615, 80]
[296, 60, -171]
[305, 47, -159]
[309, 47, -159]
[313, 48, -159]
[289, 47, -159]
[283, 47, -159]
[278, 48, -159]
[320, 55, -83]
[271, 55, -82]
[306, 76, -142]
[285, 76, -142]
[359, 142, -43]
[234, 140, -41]
[361, 240, -25]
[227, 241, -28]
[365, 312, -96]
[215, 313, -108]
[373, 328, -121]
[207, 331, -131]
[368, 328, -144]
[209, 330, -155]
[363, 324, -109]
[214, 325, -120]
[330, 334, -7]
[250, 331, 7]
[327, 469, 17]
[252, 465, 33]
[329, 581, 184]
[258, 580, 161]
[331, 596, 196]
[259, 596, 171]
[319, 623, 108]
[267, 621, 73]
[296, 59, -176]
[305, 47, -164]
[309, 47, -164]
[313, 48, -164]
[289, 47, -164]
[283, 47, -164]
[278, 47, -164]
[320, 55, -87]
[271, 55, -85]
[306, 76, -147]
[285, 76, -147]
[359, 142, -44]
[233, 140, -40]
[360, 240, -23]
[227, 241, -32]
[365, 310, -93]
[217, 306, -116]
[372, 325, -113]
[207, 326, -141]
[368, 325, -133]
[210, 321, -159]
[363, 321, -103]
[216, 316, -127]
[331, 333, -7]
[250, 331, 7]
[328, 469, 16]
[252, 467, 32]
[331, 585, 182]
[258, 589, 153]
[332, 602, 192]
[258, 608, 162]
[321, 629, 100]
[266, 630, 61]
[296, 59, -179]
[305, 47, -167]
[309, 47, -167]
[313, 48, -167]
[289, 47, -167]
[283, 47, -167]
[278, 47, -168]
[320, 55, -89]
[271, 55, -88]
[306, 76, -150]
[285, 76, -150]
[359, 142, -45]
[233, 140, -43]
[359, 240, -24]
[227, 241, -56]
[363, 307, -90]
[223, 292, -169]
[366, 320, -110]
[213, 314, -195]
[366, 318, -128]
[217, 307, -214]
[362, 315, -100]
[221, 299, -180]
[333, 332, -7]
[250, 330, 7]
[329, 469, 25]
[252, 468, 34]
[333, 588, 184]
[258, 593, 162]
[334, 607, 194]
[258, 612, 171]
[322, 632, 100]
[266, 635, 68]
[296, 59, -179]
[305, 47, -166]
[309, 47, -166]
[313, 48, -166]
[289, 47, -167]
[283, 47, -167]
[278, 47, -167]
[320, 55, -82]
[271, 55, -87]
[306, 76, -148]
[285, 76, -150]
[359, 142, -33]
[233, 140, -45]
[358, 239, -26]
[228, 240, -82]
[363, 292, -122]
[222, 278, -233]
[366, 307, -147]
[213, 287, -266]
[367, 300, -167]
[216, 283, -285]
[363, 295, -133]
[219, 280, -245]
[334, 332, -2]
[250, 330, 2]
[332, 469, 24]
[252, 472, 48]
[334, 589, 195]
[258, 592, 217]
[336, 607, 208]
[257, 611, 231]
[322, 633, 115]
[267, 634, 132]
[297, 59, -179]
[305, 47, -168]
[309, 47, -168]
[314, 48, -168]
[289, 47, -168]
[283, 47, -168]
[278, 47, -168]
[320, 55, -84]
[271, 55, -88]
[306, 76, -150]
[285, 76, -151]
[359, 142, -38]
[233, 140, -46]
[359, 239, -89]
[228, 238, -97]
[363, 263, -258]
[227, 262, -253]
[365, 273, -294]
[226, 269, -286]
[366, 265, -306]
[227, 261, -300]
[362, 257, -268]
[228, 257, -264]
[335, 332, 0]
[250, 330, 1]
[337, 467, 33]
[252, 472, 63]
[337, 589, 190]
[257, 592, 217]
[339, 607, 202]
[257, 610, 229]
[324, 632, 101]
[268, 633, 125]
[297, 59, -181]
[305, 47, -169]
[309, 47, -169]
[314, 48, -169]
[289, 47, -169]
[283, 47, -169]
[278, 47, -169]
[320, 55, -84]
[271, 55, -88]
[306, 75, -151]
[285, 76, -152]
[359, 142, -41]
[233, 140, -45]
[362, 239, -102]
[225, 238, -95]
[363, 226, -271]
[229, 254, -244]
[364, 226, -305]
[223, 262, -275]
[366, 213, -311]
[229, 252, -286]
[362, 212, -279]
[230, 251, -253]
[336, 331, 0]
[251, 328, 0]
[338, 466, 35]
[252, 472, 58]
[338, 588, 195]
[257, 591, 208]
[340, 607, 207]
[256, 609, 220]
[324, 632, 106]
[268, 632, 116]
[297, 59, -189]
[305, 47, -176]
[309, 47, -176]
[314, 48, -176]
[289, 47, -178]
[283, 47, -178]
[278, 47, -178]
[320, 55, -85]
[271, 55, -94]
[306, 76, -156]
[285, 76, -159]
[359, 142, -38]
[232, 139, -44]
[362, 240, -76]
[221, 238, -97]
[361, 247, -240]
[229, 251, -287]
[359, 252, -275]
[229, 258, -323]
[362, 243, -286]
[233, 246, -334]
[360, 240, -248]
[233, 243, -295]
[336, 330, 0]
[251, 328, 0]
[338, 465, 22]
[252, 469, 55]
[338, 586, 191]
[257, 590, 204]
[340, 604, 203]
[255, 609, 216]
[324, 630, 100]
[269, 632, 111]
[297, 59, -178]
[305, 47, -165]
[309, 47, -165]
[314, 48, -165]
[289, 47, -167]
[283, 47, -167]
[278, 47, -167]
[320, 55, -78]
[271, 55, -86]
[306, 76, -146]
[285, 76, -148]
[358, 141, -22]
[232, 138, -36]
[362, 238, -55]
[216, 237, -92]
[361, 245, -214]
[229, 244, -278]
[359, 250, -248]
[235, 254, -312]
[361, 240, -259]
[238, 242, -322]
[360, 237, -222]
[237, 239, -285]
[336, 328, 1]
[251, 327, -1]
[338, 462, 12]
[253, 465, 55]
[337, 582, 163]
[257, 587, 197]
[340, 600, 173]
[255, 606, 208]
[324, 625, 75]
[270, 629, 102]
[296, 59, -170]
[305, 47, -159]
[309, 48, -159]
[314, 48, -159]
[289, 47, -158]
[283, 47, -158]
[278, 47, -158]
[320, 56, -79]
[271, 55, -77]
[306, 76, -141]
[285, 76, -140]
[358, 141, -30]
[233, 137, -20]
[362, 240, -70]
[217, 236, -74]
[362, 231, -223]
[227, 232, -246]
[359, 233, -253]
[235, 239, -275]
[363, 219, -263]
[233, 230, -289]
[362, 218, -230]
[232, 224, -255]
[336, 327, 0]
[251, 325, 0]
[337, 461, 2]
[252, 465, 55]
[337, 583, 145]
[256, 585, 207]
[340, 601, 155]
[254, 602, 219]
[324, 625, 65]
[270, 628, 126]
[296, 59, -158]
[305, 47, -147]
[309, 48, -147]
[314, 48, -147]
[289, 47, -146]
[283, 47, -146]
[278, 47, -147]
[320, 56, -72]
[271, 55, -67]
[306, 76, -130]
[285, 76, -129]
[358, 141, -31]
[234, 136, -21]
[362, 240, -91]
[217, 235, -93]
[362, 207, -235]
[226, 198, -260]
[357, 196, -260]
[231, 202, -285]
[362, 186, -262]
[228, 188, -290]
[361, 189, -238]
[228, 189, -266]
[336, 327, 0]
[251, 324, 0]
[337, 461, 5]
[252, 465, 51]
[337, 583, 142]
[256, 584, 187]
[339, 601, 150]
[253, 601, 198]
[323, 625, 61]
[269, 627, 109]
[296, 60, -144]
[305, 47, -134]
[309, 48, -134]
[314, 48, -134]
[289, 47, -133]
[283, 47, -134]
[278, 47, -134]
[320, 56, -63]
[271, 55, -62]
[306, 76, -117]
[285, 76, -117]
[358, 140, -24]
[234, 135, -21]
[362, 241, -86]
[218, 235, -96]
[364, 195, -227]
[226, 184, -250]
[358, 182, -251]
[231, 174, -274]
[364, 173, -252]
[228, 164, -285]
[363, 177, -230]
[230, 168, -254]
[336, 326, 1]
[251, 323, 0]
[337, 461, 3]
[251, 464, 48]
[335, 583, 139]
[254, 584, 179]
[339, 602, 149]
[252, 601, 189]
[321, 626, 64]
[269, 627, 102]
[296, 60, -137]
[305, 47, -126]
[309, 48, -126]
[314, 48, -126]
[289, 47, -127]
[283, 47, -127]
[278, 47, -127]
[320, 56, -54]
[271, 55, -56]
[306, 77, -110]
[285, 76, -111]
[357, 139, -18]
[234, 134, -21]
[363, 241, -90]
[218, 235, -106]
[359, 186, -237]
[228, 178, -259]
[349, 174, -262]
[236, 170, -284]
[353, 164, -258]
[237, 161, -282]
[352, 168, -238]
[236, 165, -261]
[335, 324, 2]
[251, 321, -1]
[337, 461, 5]
[251, 463, 48]
[335, 584, 145]
[254, 584, 179]
[339, 603, 155]
[252, 601, 190]
[320, 626, 69]
[268, 627, 100]
[296, 60, -131]
[305, 47, -120]
[309, 48, -120]
[314, 48, -120]
[289, 47, -122]
[283, 47, -122]
[278, 47, -122]
[320, 56, -49]
[271, 55, -58]
[306, 77, -104]
[285, 77, -107]
[357, 139, -9]
[235, 134, -22]
[364, 244, -77]
[220, 240, -102]
[361, 179, -232]
[227, 169, -250]
[355, 164, -251]
[235, 156, -275]
[359, 155, -238]
[236, 148, -276]
[357, 159, -228]
[233, 153, -254]
[335, 322, 4]
[252, 319, -3]
[336, 458, 4]
[252, 458, 47]
[335, 583, 140]
[255, 583, 170]
[338, 602, 150]
[252, 599, 180]
[320, 624, 66]
[269, 627, 85]
[296, 60, -140]
[305, 47, -129]
[309, 48, -129]
[314, 48, -129]
[289, 47, -131]
[283, 47, -131]
[279, 47, -131]
[321, 56, -55]
[271, 55, -62]
[306, 77, -113]
[285, 77, -115]
[357, 139, -15]
[235, 133, -23]
[365, 247, -80]
[222, 243, -105]
[364, 179, -232]
[225, 168, -260]
[360, 165, -257]
[233, 154, -286]
[364, 156, -253]
[235, 147, -283]
[362, 160, -234]
[233, 151, -263]
[335, 321, 3]
[252, 318, -3]
[336, 458, 3]
[252, 457, 49]
[334, 583, 146]
[255, 582, 175]
[337, 602, 156]
[251, 599, 185]
[319, 624, 69]
[269, 627, 88]
[297, 60, -146]
[306, 47, -135]
[310, 48, -135]
[315, 48, -135]
[289, 47, -136]
[284, 47, -136]
[279, 47, -136]
[321, 56, -59]
[271, 55, -63]
[306, 77, -118]
[286, 77, -120]
[357, 139, -18]
[235, 133, -23]
[366, 249, -82]
[222, 245, -110]
[367, 180, -236]
[224, 166, -265]
[364, 166, -262]
[233, 153, -292]
[368, 156, -260]
[234, 145, -288]
[366, 160, -238]
[231, 149, -268]
[335, 321, 3]
[252, 318, -2]
[337, 458, 5]
[252, 458, 58]
[334, 582, 167]
[255, 582, 206]
[337, 601, 179]
[251, 599, 219]
[319, 624, 89]
[269, 627, 116]
[298, 60, -148]
[306, 47, -138]
[310, 48, -138]
[315, 48, -137]
[290, 47, -138]
[284, 47, -138]
[279, 47, -138]
[322, 56, -60]
[271, 54, -65]
[307, 77, -121]
[287, 77, -122]
[357, 139, -19]
[235, 133, -24]
[367, 250, -85]
[222, 245, -112]
[368, 179, -240]
[222, 163, -268]
[367, 165, -267]
[231, 149, -295]
[370, 156, -265]
[232, 141, -291]
[369, 160, -243]
[228, 146, -270]
[335, 321, 3]
[252, 319, -2]
[337, 458, 5]
[252, 458, 60]
[334, 582, 171]
[254, 582, 212]
[337, 601, 184]
[251, 599, 224]
[319, 624, 93]
[269, 628, 122]
