[496, 454, -90]
[506, 471, -89]
[507, 472, -89]
[508, 472, -89]
[508, 468, -109]
[512, 467, -109]
[515, 466, -109]
[529, 464, -66]
[537, 455, -154]
[502, 437, -76]
[507, 434, -102]
[571, 381, 4]
[544, 360, -190]
[457, 272, 40]
[429, 273, -163]
[364, 234, 10]
[332, 241, -89]
[351, 230, 7]
[305, 231, -110]
[342, 241, -12]
[310, 255, -100]
[347, 238, 0]
[323, 255, -86]
[572, 117, 57]
[548, 106, -57]
[512, 124, 178]
[443, 126, 62]
[469, 35, 343]
[449, 31, 244]
[473, 19, 361]
[466, 15, 263]
[418, 27, 377]
[397, 15, 287]
[494, 458, -90]
[505, 477, -86]
[506, 477, -86]
[507, 477, -86]
[508, 476, -109]
[512, 475, -109]
[515, 474, -109]
[527, 466, -47]
[537, 460, -151]
[497, 438, -72]
[504, 436, -101]
[566, 376, 33]
[541, 358, -190]
[457, 260, 69]
[419, 239, -162]
[375, 218, 24]
[338, 237, -70]
[365, 215, 21]
[319, 231, -90]
[358, 228, 1]
[329, 255, -80]
[362, 224, 14]
[339, 255, -67]
[572, 100, 63]
[556, 87, -63]
[515, 91, 218]
[446, 103, 70]
[472, 30, 400]
[461, 20, 271]
[477, 15, 419]
[483, 9, 293]
[419, 27, 435]
[400, 3, 316]
[496, 464, -71]
[509, 482, -65]
[510, 482, -65]
[510, 482, -65]
[512, 481, -90]
[515, 480, -90]
[519, 479, -90]
[534, 479, -26]
[550, 471, -134]
[498, 443, -52]
[505, 441, -83]
[567, 376, 55]
[540, 359, -182]
[469, 257, 92]
[420, 247, -147]
[397, 215, 51]
[351, 234, -36]
[386, 211, 51]
[334, 230, -50]
[379, 224, 34]
[343, 253, -41]
[384, 221, 43]
[353, 251, -32]
[575, 101, 69]
[559, 86, -69]
[516, 90, 221]
[450, 83, 70]
[479, 26, 400]
[474, 2, 263]
[487, 11, 419]
[499, -6, 284]
[421, 25, 435]
[409, -17, 311]
[513, 463, -54]
[528, 482, -49]
[529, 482, -49]
[530, 482, -49]
[530, 480, -74]
[533, 479, -74]
[537, 478, -74]
[558, 478, -13]
[556, 467, -121]
[512, 443, -35]
[517, 441, -66]
[572, 376, 66]
[541, 359, -172]
[475, 251, 100]
[420, 251, -140]
[403, 208, 62]
[366, 233, -27]
[394, 203, 63]
[349, 229, -40]
[386, 216, 47]
[359, 251, -30]
[391, 213, 53]
[369, 250, -23]
[581, 99, 72]
[561, 84, -72]
[514, 95, 212]
[440, 93, 58]
[474, 30, 385]
[473, 7, 240]
[482, 14, 403]
[493, -2, 261]
[415, 28, 421]
[409, -13, 287]
[510, 474, -38]
[525, 491, -31]
[526, 490, -31]
[527, 490, -31]
[527, 488, -61]
[531, 487, -61]
[534, 486, -61]
[553, 478, 4]
[554, 469, -125]
[511, 453, -20]
[514, 450, -59]
[578, 375, 88]
[538, 361, -180]
[474, 253, 118]
[420, 255, -143]
[397, 214, 71]
[354, 241, -2]
[388, 212, 73]
[341, 242, -14]
[379, 223, 54]
[352, 261, -2]
[383, 220, 61]
[360, 257, 4]
[581, 100, 79]
[560, 86, -79]
[484, 125, 227]
[408, 101, 40]
[431, 44, 394]
[395, 9, 222]
[439, 22, 412]
[413, -1, 242]
[362, 54, 434]
[317, 5, 264]
[541, 474, -47]
[557, 490, -40]
[557, 491, -40]
[558, 491, -40]
[560, 487, -66]
[573, 490, -66]
[574, 489, -66]
[572, 478, 0]
[576, 470, -114]
[535, 454, -28]
[542, 449, -61]
[581, 371, 83]
[546, 362, -174]
[472, 249, 112]
[415, 256, -138]
[393, 194, 76]
[350, 243, 3]
[382, 186, 79]
[336, 241, -6]
[374, 193, 60]
[352, 260, 5]
[379, 192, 66]
[358, 257, 8]
[581, 99, 78]
[564, 78, -78]
[468, 180, 224]
[385, 177, -2]
[433, 89, 356]
[415, 64, 173]
[444, 69, 370]
[430, 46, 194]
[373, 84, 403]
[349, 52, 234]
[531, 464, -39]
[546, 480, -36]
[547, 480, -36]
[548, 480, -36]
[548, 479, -62]
[556, 480, -62]
[559, 479, -62]
[567, 466, -4]
[570, 463, -121]
[530, 445, -23]
[535, 443, -57]
[589, 372, 76]
[546, 363, -176]
[501, 284, 129]
[426, 275, -124]
[481, 306, 107]
[423, 301, 58]
[486, 307, 107]
[416, 304, 58]
[484, 321, 100]
[429, 319, 61]
[481, 319, 102]
[436, 315, 63]
[586, 99, 80]
[566, 80, -80]
[502, 204, 247]
[405, 181, 22]
[446, 129, 406]
[441, 88, 221]
[456, 106, 422]
[463, 69, 244]
[376, 141, 453]
[375, 83, 279]
[519, 455, -41]
[529, 483, -37]
[530, 483, -37]
[531, 483, -37]
[531, 483, -62]
[534, 483, -62]
[547, 484, -62]
[567, 472, -3]
[563, 471, -118]
[529, 436, -24]
[532, 436, -57]
[593, 372, 77]
[549, 368, -165]
[507, 304, 161]
[424, 292, -128]
[510, 356, 178]
[444, 357, 40]
[522, 369, 187]
[441, 379, 40]
[520, 381, 186]
[460, 390, 44]
[514, 374, 177]
[464, 380, 45]
[590, 96, 78]
[562, 86, -78]
[518, 190, 243]
[409, 192, 35]
[456, 108, 398]
[444, 83, 227]
[464, 85, 414]
[470, 64, 250]
[387, 117, 446]
[380, 68, 298]
[512, 462, -43]
[524, 487, -38]
[526, 487, -38]
[527, 487, -38]
[526, 487, -65]
[529, 488, -65]
[538, 488, -65]
[562, 481, 2]
[562, 479, -121]
[527, 442, -24]
[530, 442, -60]
[592, 380, 89]
[567, 378, -167]
[498, 298, 148]
[430, 316, -132]
[493, 329, 122]
[429, 347, 34]
[503, 337, 126]
[420, 360, 30]
[501, 352, 119]
[435, 375, 37]
[497, 347, 118]
[443, 367, 41]
[592, 100, 79]
[565, 92, -79]
[511, 199, 245]
[413, 209, 39]
[440, 112, 400]
[432, 87, 252]
[447, 87, 416]
[454, 65, 277]
[371, 121, 442]
[364, 72, 318]
[509, 465, -41]
[522, 493, -32]
[524, 492, -32]
[525, 492, -32]
[524, 494, -62]
[526, 494, -62]
[538, 494, -62]
[560, 482, 24]
[562, 481, -111]
[526, 443, -16]
[530, 445, -55]
[591, 378, 124]
[564, 378, -168]
[496, 294, 142]
[430, 311, -142]
[480, 327, 65]
[411, 325, 27]
[483, 340, 58]
[401, 334, 21]
[479, 354, 51]
[412, 348, 24]
[477, 348, 57]
[420, 342, 31]
[592, 101, 88]
[569, 94, -88]
[494, 298, 195]
[414, 296, -131]
[434, 231, 291]
[420, 223, 108]
[441, 203, 299]
[439, 199, 138]
[376, 268, 318]
[361, 254, 197]
[514, 481, -37]
[522, 499, -27]
[526, 499, -27]
[528, 498, -27]
[525, 500, -59]
[527, 499, -59]
[538, 499, -59]
[559, 486, 34]
[562, 486, -112]
[524, 462, -10]
[528, 462, -53]
[590, 378, 131]
[569, 382, -177]
[497, 295, 139]
[456, 304, -148]
[504, 369, 52]
[455, 356, 55]
[512, 393, 45]
[449, 377, 56]
[510, 399, 45]
[468, 382, 54]
[507, 391, 47]
[476, 371, 60]
[593, 99, 93]
[574, 94, -93]
[500, 289, 194]
[426, 297, -123]
[467, 236, 291]
[456, 230, 118]
[480, 211, 300]
[485, 210, 149]
[412, 271, 326]
[402, 254, 217]
[494, 482, -54]
[502, 510, -35]
[511, 509, -35]
[505, 501, -34]
[512, 511, -71]
[513, 510, -71]
[517, 509, -71]
[534, 493, 24]
[547, 495, -115]
[505, 462, -17]
[512, 462, -65]
[579, 383, 124]
[568, 387, -194]
[507, 261, 130]
[492, 263, -174]
[487, 235, -2]
[451, 271, 9]
[486, 223, -14]
[437, 268, 8]
[483, 235, -26]
[444, 281, 5]
[484, 239, -14]
[454, 281, 13]
[590, 104, 95]
[582, 96, -95]
[502, 294, 199]
[451, 295, -131]
[483, 265, 296]
[479, 259, 118]
[497, 243, 303]
[506, 245, 148]
[430, 302, 317]
[427, 281, 205]
[490, 481, -46]
[505, 506, -31]
[509, 506, -31]
[506, 501, -31]
[510, 507, -63]
[507, 508, -63]
[512, 506, -64]
[527, 491, 31]
[542, 492, -106]
[500, 460, -15]
[508, 461, -58]
[570, 384, 131]
[567, 387, -188]
[494, 263, 137]
[479, 267, -171]
[466, 234, 27]
[438, 272, 29]
[458, 221, 20]
[421, 269, 28]
[462, 235, 6]
[438, 282, 29]
[465, 239, 17]
[451, 281, 34]
[588, 104, 92]
[581, 96, -92]
[497, 293, 190]
[447, 287, -134]
[477, 244, 268]
[471, 238, 108]
[489, 220, 275]
[498, 222, 138]
[423, 276, 296]
[417, 258, 206]
[490, 483, -48]
[512, 511, -32]
[514, 510, -32]
[508, 502, -32]
[514, 512, -65]
[512, 511, -65]
[514, 506, -65]
[529, 493, 26]
[547, 494, -108]
[501, 461, -19]
[510, 462, -59]
[568, 385, 135]
[567, 389, -180]
[473, 279, 159]
[473, 278, -166]
[439, 238, 74]
[421, 274, -3]
[437, 232, 77]
[410, 270, -11]
[440, 244, 56]
[423, 289, 0]
[437, 241, 62]
[428, 286, 4]
[584, 103, 91]
[581, 97, -91]
[486, 305, 176]
[457, 327, -91]
[425, 329, 265]
[419, 343, 133]
[422, 315, 271]
[419, 332, 159]
[398, 386, 267]
[392, 399, 188]
[483, 489, -97]
[496, 514, -79]
[496, 513, -79]
[495, 510, -79]
[502, 515, -114]
[505, 516, -114]
[510, 515, -114]
[523, 501, 24]
[545, 505, -137]
[492, 466, -56]
[503, 467, -101]
[556, 392, 146]
[566, 398, -209]
[423, 322, 163]
[415, 311, -206]
[383, 318, 66]
[370, 308, -48]
[386, 324, 68]
[363, 312, -63]
[391, 333, 46]
[375, 320, -53]
[386, 328, 52]
[378, 316, -41]
[576, 100, 110]
[580, 97, -110]
[472, 318, 196]
[462, 371, -84]
[383, 354, 269]
[374, 377, 125]
[372, 339, 288]
[364, 357, 147]
[361, 424, 305]
[345, 447, 151]
[470, 478, -73]
[481, 501, -55]
[483, 500, -55]
[483, 509, -55]
[485, 504, -97]
[490, 508, -97]
[495, 510, -96]
[517, 494, 33]
[532, 502, -131]
[483, 454, -30]
[489, 458, -81]
[550, 391, 148]
[566, 398, -206]
[409, 364, 182]
[396, 366, -214]
[338, 369, 115]
[332, 380, -89]
[333, 383, 120]
[322, 394, -108]
[338, 385, 99]
[333, 396, -93]
[336, 377, 103]
[336, 388, -81]
[569, 98, 108]
[580, 99, -108]
[465, 307, 190]
[463, 368, -99]
[358, 369, 289]
[351, 401, 70]
[338, 359, 300]
[334, 386, 88]
[347, 447, 285]
[333, 476, 80]
[464, 458, 6]
[473, 481, 14]
[475, 480, 14]
[477, 482, 14]
[476, 486, -17]
[481, 489, -17]
[485, 493, -17]
[511, 477, 75]
[521, 493, -72]
[480, 433, 33]
[483, 441, -9]
[540, 391, 153]
[567, 402, -133]
[393, 421, 183]
[381, 428, -194]
[338, 456, 138]
[327, 454, -113]
[337, 475, 142]
[320, 468, -133]
[347, 472, 127]
[330, 466, -122]
[344, 461, 129]
[331, 457, -108]
[561, 98, 106]
[579, 101, -106]
[457, 321, 140]
[477, 370, -92]
[301, 416, 208]
[290, 453, 6]
[262, 404, 213]
[251, 434, 14]
[303, 511, 173]
[277, 562, -28]
[446, 460, 16]
[453, 482, 23]
[455, 480, 23]
[458, 483, 23]
[455, 487, -9]
[459, 490, -9]
[463, 494, -9]
[494, 488, 79]
[500, 496, -75]
[464, 435, 41]
[465, 442, -3]
[534, 396, 155]
[563, 412, -140]
[396, 432, 189]
[374, 450, -203]
[312, 461, 136]
[304, 471, -128]
[300, 478, 135]
[291, 480, -148]
[310, 474, 117]
[298, 479, -139]
[311, 464, 125]
[302, 472, -124]
[555, 98, 108]
[579, 106, -108]
[440, 329, 142]
[475, 376, -90]
[235, 421, 209]
[238, 441, 18]
[190, 407, 214]
[196, 418, 26]
[222, 522, 170]
[217, 547, -22]
[456, 468, 21]
[465, 496, 28]
[467, 495, 28]
[470, 498, 28]
[467, 499, -4]
[472, 502, -4]
[477, 505, -4]
[503, 493, 78]
[511, 503, -70]
[471, 446, 45]
[474, 451, 1]
[540, 401, 155]
[558, 423, -139]
[398, 453, 178]
[366, 490, -157]
[342, 481, 120]
[308, 469, 9]
[339, 499, 119]
[301, 480, 2]
[346, 493, 104]
[312, 473, 14]
[344, 484, 110]
[315, 467, 17]
[558, 98, 107]
[577, 108, -107]
[450, 316, 159]
[435, 356, -53]
[315, 418, 231]
[309, 444, 53]
[293, 412, 233]
[294, 437, 78]
[287, 508, 239]
[276, 535, 78]
[458, 469, 10]
[469, 496, 19]
[470, 495, 19]
[471, 498, 19]
[472, 499, -14]
[478, 502, -14]
[482, 504, -14]
[508, 498, 71]
[515, 502, -80]
[473, 449, 34]
[476, 454, -9]
[544, 410, 149]
[559, 429, -144]
[409, 485, 171]
[372, 510, -142]
[385, 524, 110]
[425, 504, 67]
[390, 538, 115]
[436, 513, 71]
[407, 534, 95]
[448, 500, 67]
[402, 525, 100]
[444, 493, 71]
[560, 102, 93]
[577, 109, -93]
[483, 319, 165]
[453, 349, -55]
[434, 411, 252]
[434, 422, 56]
[434, 403, 259]
[440, 416, 79]
[413, 495, 259]
[418, 499, 82]
[453, 467, 49]
[458, 489, 62]
[460, 489, 62]
[463, 491, 62]
[459, 492, 26]
[462, 496, 26]
[465, 499, 26]
[496, 497, 116]
[497, 501, -48]
[470, 449, 72]
[471, 454, 24]
[541, 419, 191]
[549, 446, -134]
[414, 429, 209]
[379, 456, -118]
[403, 428, 121]
[410, 447, 151]
[405, 405, 115]
[408, 462, 166]
[417, 408, 109]
[418, 464, 168]
[414, 414, 113]
[420, 449, 159]
[555, 107, 100]
[577, 121, -100]
[485, 359, 159]
[448, 438, -85]
[417, 476, 246]
[414, 500, 60]
[409, 470, 250]
[414, 484, 77]
[407, 573, 219]
[405, 583, 68]
[458, 470, 27]
[465, 495, 36]
[467, 495, 36]
[469, 497, 36]
[466, 498, 2]
[470, 501, 2]
[473, 504, 2]
[500, 500, 88]
[503, 504, -66]
[473, 453, 50]
[475, 456, 5]
[539, 420, 167]
[562, 443, -125]
[423, 454, 192]
[444, 488, -125]
[403, 502, 133]
[445, 537, 62]
[403, 514, 130]
[442, 548, 64]
[415, 518, 119]
[451, 545, 69]
[412, 512, 125]
[452, 539, 69]
[555, 111, 89]
[580, 121, -89]
[492, 337, 137]
[496, 390, -82]
[426, 551, 194]
[422, 557, 31]
[407, 563, 196]
[406, 571, 41]
[444, 662, 140]
[445, 639, -6]
[459, 465, 45]
[467, 488, 52]
[468, 489, 52]
[470, 489, 52]
[469, 491, 21]
[474, 493, 21]
[478, 496, 21]
[505, 489, 102]
[513, 493, -41]
[474, 447, 67]
[475, 450, 25]
[538, 407, 159]
[570, 435, -77]
[439, 430, 203]
[457, 518, -128]
[435, 460, 180]
[458, 570, -20]
[435, 470, 182]
[457, 585, -18]
[450, 473, 176]
[467, 575, -15]
[447, 468, 175]
[466, 567, -15]
[539, 109, 74]
[581, 120, -75]
[514, 329, 128]
[554, 381, -104]
[435, 539, 165]
[431, 553, -109]
[407, 548, 165]
[405, 557, -111]
[462, 642, 116]
[448, 640, -173]
[465, 459, 40]
[475, 482, 50]
[476, 482, 50]
[477, 482, 50]
[480, 484, 17]
[485, 486, 17]
[490, 487, 17]
[512, 480, 106]
[527, 483, -49]
[477, 442, 64]
[482, 444, 20]
[539, 402, 159]
[570, 432, -96]
[439, 454, 201]
[453, 524, -89]
[438, 514, 152]
[479, 574, 130]
[440, 533, 151]
[484, 588, 147]
[455, 535, 148]
[494, 575, 143]
[453, 527, 147]
[492, 567, 136]
[541, 109, 77]
[580, 122, -77]
[515, 326, 124]
[548, 376, -102]
[439, 517, 153]
[446, 519, -37]
[413, 521, 154]
[424, 519, -31]
[455, 628, 116]
[452, 609, -75]
[453, 517, -76]
[464, 544, -70]
[464, 545, -70]
[463, 545, -70]
[472, 544, -98]
[480, 544, -98]
[486, 545, -99]
[493, 542, -1]
[524, 539, -133]
[459, 499, -46]
[472, 498, -84]
[509, 446, 88]
[570, 461, -173]
[432, 442, 194]
[466, 489, -140]
[443, 502, 228]
[467, 481, 72]
[449, 488, 229]
[462, 463, 71]
[456, 505, 230]
[468, 465, 75]
[455, 517, 225]
[471, 465, 79]
[535, 119, 82]
[577, 121, -82]
[486, 56, 183]
[523, -4, -22]
[489, -9, 357]
[523, -129, 153]
[500, -17, 376]
[556, -137, 175]
[461, -39, 391]
[451, -188, 162]
[472, 486, 68]
[485, 502, 77]
[484, 501, 77]
[484, 501, 77]
[491, 504, 52]
[497, 505, 52]
[502, 506, 52]
[510, 492, 127]
[534, 495, 8]
[488, 461, 88]
[494, 460, 54]
[512, 415, 146]
[570, 452, -31]
[430, 442, 194]
[496, 524, -93]
[435, 511, 180]
[478, 556, -38]
[440, 524, 179]
[476, 562, -42]
[449, 532, 176]
[483, 556, -40]
[447, 529, 175]
[483, 551, -35]
[524, 116, 63]
[576, 129, -63]
[502, 302, 110]
[559, 378, -80]
[469, 527, 138]
[515, 547, -78]
[447, 536, 138]
[451, 547, -79]
[464, 626, 79]
[443, 631, -149]
[498, 456, 79]
[504, 468, 91]
[502, 467, 91]
[499, 465, 91]
[515, 472, 73]
[521, 474, 73]
[527, 475, 73]
[515, 453, 148]
[552, 463, 68]
[499, 433, 101]
[512, 436, 77]
[504, 350, 165]
[578, 439, 34]
[418, 306, 201]
[508, 500, -54]
[431, 340, 216]
[480, 542, -57]
[438, 344, 231]
[480, 557, -62]
[447, 362, 228]
[485, 552, -48]
[443, 365, 216]
[481, 545, -52]
[517, 113, 41]
[583, 140, -41]
[500, 310, 64]
[566, 411, -63]
[456, 549, 64]
[488, 596, -148]
[436, 568, 65]
[460, 604, -156]
[492, 641, 33]
[502, 680, -213]
[493, 457, 50]
[501, 474, 61]
[499, 473, 61]
[498, 472, 61]
[511, 478, 37]
[517, 479, 37]
[523, 480, 37]
[515, 461, 120]
[550, 470, 9]
[497, 435, 73]
[509, 437, 41]
[494, 355, 158]
[576, 437, -29]
[405, 371, 185]
[495, 524, -60]
[435, 418, 198]
[494, 542, 69]
[444, 427, 200]
[496, 552, 81]
[459, 439, 191]
[499, 540, 79]
[456, 435, 200]
[495, 533, 71]
[511, 102, 53]
[583, 138, -54]
[524, 343, 99]
[570, 392, -47]
[449, 507, 48]
[468, 533, -138]
[419, 498, 44]
[452, 509, -144]
[470, 617, 34]
[477, 659, -188]
[506, 445, 97]
[507, 455, 117]
[504, 453, 117]
[501, 451, 117]
[520, 459, 103]
[526, 460, 103]
[532, 461, 103]
[513, 438, 192]
[553, 449, 124]
[504, 426, 121]
[520, 429, 101]
[484, 355, 184]
[582, 424, 74]
[405, 421, 180]
[532, 522, -15]
[446, 477, 194]
[542, 558, 43]
[455, 482, 200]
[545, 565, 50]
[467, 487, 209]
[549, 553, 53]
[466, 488, 198]
[543, 549, 46]
[503, 102, 40]
[586, 138, -40]
[514, 357, 40]
[560, 389, -34]
[452, 545, -79]
[483, 567, -166]
[427, 545, -89]
[466, 557, -177]
[494, 653, -118]
[489, 688, -230]
[511, 425, 198]
[511, 433, 226]
[506, 432, 226]
[502, 430, 226]
[526, 437, 214]
[533, 438, 214]
[540, 439, 213]
[511, 415, 311]
[562, 426, 252]
[506, 404, 225]
[526, 408, 207]
[482, 333, 296]
[600, 382, 179]
[406, 380, 297]
[569, 473, 81]
[455, 475, 340]
[582, 540, 124]
[466, 477, 359]
[582, 548, 138]
[475, 482, 366]
[588, 542, 141]
[474, 478, 344]
[582, 537, 127]
[500, 102, 43]
[588, 137, -43]
[513, 346, 29]
[559, 382, -70]
[459, 563, -145]
[506, 583, -254]
[439, 570, -164]
[491, 587, -271]
[503, 671, -214]
[526, 689, -341]
[514, 429, 203]
[512, 437, 231]
[507, 435, 231]
[502, 433, 231]
[529, 441, 219]
[536, 442, 219]
[543, 443, 219]
[509, 417, 318]
[564, 431, 260]
[508, 408, 230]
[528, 412, 213]
[474, 329, 291]
[597, 392, 180]
[408, 348, 260]
[567, 473, 40]
[452, 431, 255]
[567, 545, 111]
[461, 435, 264]
[565, 557, 104]
[471, 447, 271]
[570, 553, 102]
[470, 447, 258]
[565, 547, 122]
[494, 101, 39]
[588, 135, -39]
[493, 343, 30]
[559, 382, -50]
[455, 555, -119]
[503, 575, -209]
[436, 561, -133]
[489, 575, -223]
[496, 662, -171]
[515, 683, -283]
[512, 433, 145]
[514, 443, 164]
[511, 442, 164]
[507, 440, 164]
[527, 448, 147]
[533, 449, 147]
[539, 449, 147]
[515, 426, 231]
[561, 437, 148]
[507, 412, 168]
[524, 416, 144]
[478, 337, 240]
[584, 396, 90]
[420, 352, 290]
[542, 490, 15]
[452, 442, 350]
[549, 550, 71]
[460, 449, 374]
[551, 561, 74]
[470, 460, 374]
[552, 554, 77]
[468, 461, 352]
[548, 550, 77]
[496, 103, 43]
[584, 133, -43]
[501, 375, 51]
[577, 405, -47]
[459, 585, -10]
[507, 598, -148]
[440, 590, -16]
[489, 597, -154]
[492, 687, -46]
[526, 700, -201]
[509, 445, 97]
[516, 456, 108]
[514, 456, 108]
[507, 450, 108]
[526, 456, 92]
[531, 457, 92]
[536, 460, 92]
[517, 432, 167]
[559, 443, 88]
[511, 414, 119]
[523, 418, 96]
[483, 340, 194]
[583, 397, 65]
[420, 323, 261]
[532, 519, 13]
[450, 351, 293]
[535, 563, 9]
[457, 357, 310]
[539, 581, 3]
[467, 370, 301]
[539, 568, 13]
[465, 372, 290]
[535, 561, 12]
[498, 101, 45]
[582, 132, -45]
[504, 369, 49]
[591, 430, -45]
[454, 574, 3]
[497, 600, -115]
[432, 577, -7]
[482, 590, -116]
[480, 679, -4]
[508, 707, -143]
[506, 452, 98]
[515, 462, 109]
[515, 463, 109]
[511, 461, 109]
[524, 461, 92]
[529, 462, 92]
[535, 464, 92]
[521, 441, 168]
[556, 455, 76]
[510, 419, 120]
[522, 425, 96]
[489, 342, 194]
[580, 399, 51]
[422, 318, 251]
[531, 524, -2]
[448, 320, 264]
[534, 564, 49]
[456, 327, 275]
[532, 591, 43]
[467, 336, 251]
[533, 573, 51]
[464, 336, 253]
[530, 561, 51]
[498, 101, 46]
[582, 132, -47]
[544, 362, 58]
[608, 424, -38]
[466, 557, 35]
[514, 575, -87]
[446, 545, 34]
[502, 542, -86]
[474, 652, 40]
[501, 673, -95]
[505, 461, 71]
[517, 464, 81]
[517, 465, 81]
[510, 471, 81]
[526, 462, 63]
[530, 463, 63]
[535, 465, 63]
[522, 455, 140]
[556, 461, 54]
[510, 426, 94]
[521, 429, 70]
[491, 343, 177]
[580, 404, 31]
[425, 259, 249]
[532, 521, -44]
[448, 218, 262]
[530, 595, -39]
[455, 212, 267]
[533, 631, -51]
[467, 220, 241]
[534, 618, -39]
[463, 227, 243]
[529, 604, -36]
[500, 100, 47]
[583, 132, -47]
[535, 366, 57]
[605, 438, -40]
[464, 553, 55]
[512, 586, -85]
[444, 548, 57]
[499, 565, -85]
[474, 651, 48]
[509, 690, -106]
