[483, 123, -71]
[491, 112, -83]
[494, 112, -83]
[497, 113, -83]
[483, 112, -66]
[482, 113, -66]
[480, 114, -66]
[506, 121, -102]
[485, 122, -23]
[492, 134, -75]
[483, 134, -52]
[519, 186, -126]
[479, 183, 42]
[476, 244, -119]
[454, 239, 70]
[454, 175, -39]
[448, 176, 62]
[435, 158, -41]
[447, 158, 61]
[445, 158, -42]
[450, 154, 65]
[460, 159, -36]
[453, 161, 62]
[520, 348, -46]
[482, 348, 46]
[515, 470, -13]
[468, 454, 89]
[539, 555, 88]
[485, 533, 176]
[550, 569, 97]
[495, 540, 183]
[508, 587, 51]
[448, 584, 148]
[483, 124, -103]
[490, 113, -106]
[494, 113, -106]
[497, 113, -107]
[481, 114, -92]
[479, 114, -92]
[477, 115, -92]
[509, 121, -92]
[480, 122, -24]
[492, 135, -93]
[482, 135, -74]
[546, 181, -88]
[462, 183, 34]
[534, 250, -164]
[429, 239, -22]
[511, 172, -224]
[422, 172, -149]
[503, 149, -241]
[422, 155, -169]
[520, 148, -235]
[426, 151, -160]
[511, 150, -222]
[429, 158, -150]
[521, 351, -38]
[474, 349, 38]
[517, 473, -45]
[466, 458, 68]
[537, 558, 56]
[483, 534, 178]
[546, 572, 62]
[492, 565, 187]
[507, 594, -4]
[447, 586, 141]
[483, 127, -108]
[489, 114, -112]
[494, 114, -112]
[497, 114, -112]
[479, 115, -97]
[477, 115, -97]
[474, 115, -97]
[510, 121, -93]
[476, 122, -25]
[492, 136, -98]
[481, 137, -79]
[553, 180, -89]
[459, 183, 34]
[549, 250, -179]
[424, 244, -16]
[524, 172, -253]
[412, 173, -154]
[518, 144, -272]
[413, 155, -174]
[528, 147, -266]
[416, 151, -169]
[527, 151, -251]
[419, 158, -157]
[522, 354, -37]
[470, 352, 37]
[518, 476, -43]
[463, 460, 69]
[537, 559, 51]
[481, 535, 179]
[546, 574, 57]
[490, 553, 189]
[507, 596, -12]
[444, 585, 140]
[483, 131, -117]
[490, 117, -119]
[495, 117, -119]
[499, 117, -119]
[479, 118, -106]
[477, 118, -106]
[474, 118, -106]
[512, 122, -93]
[476, 123, -30]
[494, 139, -105]
[481, 140, -88]
[556, 179, -86]
[457, 183, 29]
[555, 252, -188]
[425, 247, -24]
[527, 173, -285]
[415, 176, -169]
[525, 145, -308]
[410, 156, -190]
[530, 148, -301]
[412, 152, -187]
[530, 151, -284]
[416, 161, -173]
[523, 356, -37]
[470, 354, 37]
[519, 477, -41]
[462, 460, 73]
[537, 559, 48]
[480, 536, 187]
[546, 574, 53]
[489, 550, 196]
[507, 596, -19]
[443, 584, 141]
[483, 132, -121]
[490, 118, -123]
[495, 117, -123]
[500, 117, -123]
[479, 118, -110]
[476, 118, -110]
[473, 118, -110]
[513, 122, -94]
[475, 123, -34]
[494, 139, -109]
[481, 140, -91]
[556, 177, -87]
[456, 183, 26]
[558, 253, -188]
[424, 251, -36]
[523, 178, -281]
[412, 183, -196]
[517, 148, -303]
[407, 157, -221]
[525, 148, -295]
[410, 153, -218]
[524, 156, -279]
[412, 161, -201]
[524, 357, -36]
[469, 355, 36]
[519, 477, -36]
[461, 460, 78]
[538, 559, 50]
[479, 537, 196]
[547, 574, 55]
[488, 549, 205]
[508, 596, -17]
[442, 583, 150]
[482, 131, -118]
[488, 117, -121]
[494, 117, -121]
[499, 116, -122]
[477, 118, -107]
[475, 118, -107]
[472, 118, -107]
[513, 120, -97]
[475, 122, -32]
[493, 139, -108]
[480, 140, -88]
[557, 177, -92]
[457, 182, 29]
[560, 254, -197]
[422, 251, -11]
[525, 178, -289]
[409, 183, -148]
[521, 152, -311]
[403, 158, -169]
[529, 149, -303]
[407, 153, -167]
[528, 156, -286]
[410, 161, -153]
[525, 357, -37]
[470, 355, 37]
[520, 477, -36]
[461, 460, 62]
[540, 559, 54]
[479, 538, 175]
[548, 574, 59]
[487, 548, 184]
[513, 596, -11]
[442, 583, 128]
[481, 131, -119]
[488, 117, -122]
[493, 117, -122]
[499, 116, -122]
[477, 118, -107]
[474, 118, -107]
[472, 118, -107]
[513, 119, -99]
[475, 122, -32]
[493, 139, -108]
[479, 140, -89]
[556, 176, -94]
[457, 181, 30]
[558, 253, -200]
[422, 251, -4]
[522, 178, -296]
[408, 183, -141]
[518, 154, -320]
[402, 158, -161]
[526, 149, -311]
[406, 153, -160]
[525, 156, -294]
[410, 161, -145]
[525, 358, -37]
[470, 355, 37]
[520, 477, -41]
[461, 460, 68]
[542, 561, 48]
[478, 539, 185]
[551, 576, 53]
[488, 570, 194]
[513, 598, -20]
[442, 585, 133]
[480, 131, -129]
[488, 117, -131]
[493, 116, -131]
[499, 115, -132]
[476, 118, -117]
[473, 118, -117]
[471, 118, -117]
[512, 118, -106]
[474, 121, -37]
[493, 139, -117]
[479, 140, -97]
[556, 175, -97]
[457, 181, 30]
[557, 253, -206]
[422, 251, 18]
[520, 177, -309]
[402, 185, -127]
[515, 155, -333]
[395, 163, -158]
[523, 149, -326]
[399, 155, -127]
[521, 156, -307]
[403, 162, -136]
[525, 358, -37]
[470, 356, 37]
[521, 477, -38]
[461, 460, 78]
[542, 562, 50]
[478, 539, 202]
[551, 577, 54]
[490, 573, 211]
[513, 599, -8]
[442, 586, 154]
[480, 131, -120]
[487, 117, -124]
[492, 116, -124]
[498, 115, -124]
[476, 118, -109]
[473, 117, -109]
[471, 117, -109]
[513, 118, -107]
[475, 120, -36]
[492, 139, -111]
[478, 140, -91]
[558, 176, -99]
[458, 181, 31]
[557, 253, -208]
[421, 251, 35]
[523, 176, -303]
[401, 186, -57]
[517, 155, -326]
[394, 164, -72]
[524, 149, -319]
[397, 156, -72]
[524, 155, -301]
[402, 164, -62]
[525, 359, -38]
[470, 357, 38]
[520, 477, -36]
[460, 460, 72]
[542, 563, 67]
[478, 538, 200]
[551, 578, 73]
[491, 573, 207]
[513, 599, 5]
[442, 586, 151]
[480, 130, -126]
[487, 115, -129]
[492, 114, -129]
[498, 113, -129]
[476, 116, -114]
[473, 116, -114]
[471, 115, -114]
[513, 117, -108]
[475, 119, -37]
[492, 139, -116]
[478, 139, -96]
[558, 176, -100]
[458, 181, 31]
[558, 254, -217]
[421, 251, 33]
[525, 176, -327]
[401, 186, -62]
[519, 156, -352]
[393, 165, -76]
[526, 149, -345]
[398, 157, -77]
[526, 155, -325]
[402, 165, -66]
[525, 360, -39]
[470, 358, 39]
[520, 479, -37]
[460, 461, 73]
[543, 568, 62]
[477, 538, 198]
[552, 583, 68]
[491, 577, 207]
[513, 605, -5]
[441, 589, 153]
[480, 130, -131]
[487, 115, -134]
[493, 114, -135]
[498, 113, -135]
[476, 116, -119]
[473, 116, -119]
[471, 115, -119]
[514, 117, -112]
[475, 119, -41]
[492, 139, -121]
[478, 139, -101]
[558, 176, -103]
[458, 181, 31]
[556, 254, -215]
[422, 252, 54]
[524, 176, -321]
[396, 188, -18]
[517, 156, -346]
[388, 167, -28]
[523, 149, -341]
[392, 160, -32]
[524, 155, -321]
[396, 167, -22]
[525, 361, -39]
[469, 359, 39]
[520, 480, -36]
[460, 463, 90]
[543, 570, 71]
[477, 538, 221]
[552, 584, 78]
[491, 578, 231]
[513, 607, 2]
[440, 590, 178]
[480, 130, -135]
[487, 115, -138]
[493, 114, -138]
[498, 113, -138]
[476, 116, -123]
[474, 115, -123]
[471, 115, -123]
[514, 117, -114]
[475, 119, -44]
[492, 139, -124]
[478, 139, -104]
[559, 176, -105]
[458, 181, 31]
[557, 255, -213]
[422, 252, 51]
[524, 176, -317]
[394, 190, -29]
[517, 156, -342]
[386, 170, -40]
[524, 149, -336]
[389, 162, -44]
[524, 155, -317]
[393, 169, -33]
[525, 362, -39]
[469, 360, 39]
[520, 481, -33]
[459, 463, 88]
[543, 569, 86]
[476, 539, 220]
[552, 583, 94]
[489, 578, 230]
[513, 607, 22]
[440, 592, 176]
[480, 131, -129]
[487, 115, -133]
[493, 114, -133]
[499, 113, -133]
[476, 116, -118]
[474, 115, -118]
[471, 115, -118]
[515, 117, -113]
[475, 119, -41]
[492, 139, -119]
[478, 140, -99]
[561, 176, -104]
[458, 181, 31]
[558, 256, -206]
[421, 253, 47]
[524, 177, -298]
[393, 191, -43]
[517, 157, -321]
[384, 173, -55]
[524, 150, -315]
[387, 164, -58]
[524, 156, -297]
[391, 171, -48]
[525, 362, -38]
[469, 360, 38]
[520, 482, -25]
[459, 465, 87]
[543, 569, 98]
[476, 539, 215]
[552, 583, 106]
[489, 580, 225]
[516, 607, 37]
[440, 595, 171]
[480, 131, -141]
[488, 115, -143]
[494, 114, -143]
[499, 113, -144]
[476, 116, -129]
[474, 115, -129]
[471, 115, -129]
[515, 117, -117]
[475, 119, -48]
[492, 140, -128]
[478, 140, -108]
[561, 176, -104]
[458, 182, 29]
[560, 258, -205]
[422, 257, 57]
[525, 180, -314]
[392, 198, -19]
[516, 160, -337]
[381, 178, -29]
[523, 153, -332]
[385, 169, -34]
[524, 159, -313]
[389, 176, -24]
[525, 364, -38]
[469, 362, 38]
[521, 485, -26]
[459, 468, 88]
[543, 573, 91]
[476, 540, 217]
[552, 586, 100]
[489, 584, 227]
[516, 613, 30]
[440, 600, 172]
[480, 131, -139]
[489, 115, -141]
[494, 114, -141]
[500, 113, -141]
[477, 116, -126]
[474, 116, -126]
[471, 115, -127]
[516, 117, -115]
[475, 119, -46]
[492, 140, -126]
[479, 141, -107]
[561, 176, -101]
[459, 183, 30]
[561, 259, -204]
[422, 259, 63]
[525, 181, -318]
[391, 200, -12]
[515, 161, -342]
[379, 181, -21]
[522, 154, -336]
[382, 173, -27]
[523, 160, -317]
[387, 179, -17]
[525, 364, -38]
[469, 363, 38]
[521, 485, -31]
[460, 469, 74]
[543, 572, 95]
[476, 541, 210]
[552, 585, 105]
[490, 586, 222]
[516, 611, 38]
[444, 603, 163]
[482, 131, -148]
[491, 115, -149]
[496, 113, -149]
[502, 113, -149]
[478, 116, -135]
[475, 115, -135]
[472, 115, -135]
[517, 117, -116]
[475, 118, -53]
[494, 140, -134]
[479, 141, -116]
[562, 178, -102]
[459, 184, 28]
[561, 261, -207]
[422, 261, 91]
[524, 181, -328]
[388, 201, 62]
[514, 162, -353]
[375, 183, 60]
[522, 155, -347]
[378, 175, 53]
[522, 161, -327]
[383, 181, 58]
[526, 365, -38]
[470, 365, 38]
[521, 486, -36]
[460, 471, 64]
[543, 572, 107]
[478, 567, 209]
[552, 585, 119]
[491, 586, 220]
[519, 611, 56]
[449, 608, 163]
[482, 131, -143]
[491, 115, -144]
[497, 113, -144]
[503, 112, -144]
[479, 116, -130]
[475, 115, -130]
[472, 115, -130]
[518, 117, -115]
[476, 118, -50]
[494, 140, -129]
[480, 141, -111]
[562, 179, -102]
[459, 185, 29]
[560, 262, -207]
[422, 262, 104]
[524, 181, -325]
[386, 201, 83]
[514, 162, -349]
[373, 183, 83]
[522, 155, -344]
[376, 176, 76]
[522, 162, -325]
[382, 181, 79]
[526, 366, -38]
[470, 366, 38]
[521, 488, -41]
[461, 473, 63]
[543, 572, 107]
[481, 573, 209]
[551, 585, 119]
[493, 587, 219]
[518, 612, 57]
[454, 611, 162]
[483, 130, -140]
[492, 113, -142]
[498, 112, -142]
[504, 111, -142]
[479, 115, -128]
[476, 114, -128]
[473, 114, -128]
[519, 117, -116]
[476, 118, -49]
[495, 140, -128]
[480, 141, -109]
[564, 181, -104]
[459, 186, 29]
[562, 263, -207]
[422, 262, 80]
[524, 183, -318]
[386, 201, 25]
[513, 165, -341]
[373, 184, 19]
[520, 158, -335]
[376, 177, 13]
[522, 164, -316]
[381, 182, 20]
[528, 367, -37]
[470, 368, 37]
[522, 490, -39]
[461, 474, 65]
[542, 574, 114]
[483, 578, 203]
[550, 585, 126]
[493, 592, 214]
[518, 614, 66]
[455, 613, 158]
[484, 130, -139]
[493, 113, -141]
[499, 112, -141]
[505, 111, -141]
[480, 114, -127]
[477, 114, -127]
[474, 114, -127]
[520, 117, -115]
[477, 118, -48]
[496, 140, -127]
[481, 140, -108]
[567, 182, -104]
[461, 187, 29]
[562, 264, -206]
[424, 261, 85]
[525, 185, -314]
[387, 207, 35]
[513, 169, -337]
[373, 191, 30]
[520, 161, -331]
[376, 182, 24]
[521, 167, -312]
[382, 187, 30]
[528, 368, -36]
[470, 368, 37]
[522, 490, -37]
[461, 474, 62]
[542, 574, 118]
[483, 575, 202]
[549, 585, 130]
[493, 590, 214]
[518, 614, 68]
[455, 613, 158]
[485, 130, -152]
[494, 113, -155]
[500, 112, -155]
[506, 111, -155]
[481, 115, -140]
[477, 114, -140]
[474, 114, -140]
[521, 117, -127]
[477, 118, -60]
[498, 140, -140]
[482, 141, -120]
[569, 185, -114]
[463, 189, 23]
[561, 265, -211]
[425, 262, 111]
[525, 185, -313]
[386, 209, 115]
[512, 168, -334]
[370, 194, 118]
[519, 161, -329]
[373, 186, 110]
[521, 167, -312]
[380, 191, 111]
[528, 370, -36]
[470, 369, 37]
[522, 490, -30]
[461, 474, 61]
[541, 573, 134]
[482, 574, 204]
[549, 585, 148]
[493, 589, 216]
[518, 615, 90]
[455, 613, 162]
[486, 129, -147]
[496, 112, -149]
[502, 111, -149]
[508, 110, -150]
[482, 113, -135]
[479, 113, -135]
[475, 113, -135]
[523, 116, -125]
[479, 117, -56]
[500, 139, -135]
[483, 140, -115]
[569, 186, -113]
[463, 188, 24]
[559, 264, -193]
[426, 262, 48]
[523, 191, -286]
[382, 211, -54]
[512, 176, -307]
[364, 198, -66]
[521, 169, -304]
[367, 191, -72]
[521, 174, -285]
[374, 195, -60]
[529, 371, -36]
[470, 369, 36]
[522, 491, -30]
[461, 476, 63]
[542, 573, 134]
[482, 577, 207]
[549, 584, 147]
[493, 591, 220]
[518, 615, 90]
[454, 615, 166]
[487, 128, -141]
[496, 111, -146]
[502, 110, -146]
[509, 110, -146]
[483, 112, -130]
[479, 112, -130]
[476, 112, -130]
[524, 115, -124]
[481, 117, -52]
[501, 138, -130]
[484, 139, -110]
[570, 186, -111]
[464, 188, 28]
[554, 264, -186]
[427, 262, 36]
[515, 196, -268]
[380, 212, -83]
[507, 178, -288]
[362, 199, -97]
[517, 171, -287]
[364, 192, -104]
[517, 177, -268]
[372, 196, -90]
[530, 371, -36]
[470, 369, 36]
[522, 493, -34]
[461, 478, 68]
[542, 575, 123]
[482, 580, 209]
[551, 586, 136]
[493, 594, 221]
[518, 619, 76]
[454, 618, 168]
[487, 127, -142]
[497, 110, -145]
[503, 110, -145]
[509, 109, -145]
[483, 112, -130]
[480, 112, -130]
[477, 112, -130]
[524, 114, -122]
[482, 116, -51]
[502, 138, -130]
[485, 139, -110]
[570, 187, -111]
[464, 188, 27]
[554, 266, -189]
[428, 262, 43]
[513, 199, -280]
[380, 212, -55]
[505, 180, -301]
[362, 201, -67]
[519, 170, -297]
[363, 194, -75]
[516, 179, -279]
[371, 198, -62]
[530, 372, -36]
[469, 369, 36]
[522, 494, -34]
[461, 479, 69]
[542, 577, 124]
[482, 580, 212]
[551, 587, 137]
[492, 594, 224]
[518, 621, 76]
[453, 617, 170]
[488, 125, -130]
[497, 109, -134]
[503, 108, -134]
[510, 108, -134]
[483, 111, -119]
[480, 111, -119]
[477, 111, -119]
[524, 113, -112]
[482, 116, -41]
[502, 136, -119]
[485, 138, -99]
[571, 186, -111]
[465, 185, 31]
[553, 267, -170]
[429, 257, 1]
[500, 204, -226]
[377, 213, -157]
[489, 188, -245]
[356, 204, -179]
[496, 179, -244]
[354, 199, -186]
[498, 184, -225]
[364, 203, -166]
[530, 371, -35]
[469, 369, 35]
[522, 494, -35]
[461, 479, 69]
[544, 576, 111]
[481, 579, 196]
[553, 587, 122]
[492, 595, 207]
[519, 620, 60]
[453, 616, 154]
[489, 125, -131]
[498, 109, -134]
[504, 108, -135]
[511, 107, -135]
[484, 110, -119]
[481, 110, -119]
[478, 111, -119]
[525, 113, -112]
[483, 115, -42]
[504, 136, -119]
[486, 138, -100]
[572, 186, -110]
[465, 185, 32]
[555, 268, -175]
[430, 258, -4]
[502, 204, -246]
[380, 220, -176]
[491, 190, -267]
[359, 212, -200]
[494, 181, -264]
[359, 206, -206]
[497, 186, -245]
[368, 208, -185]
[530, 371, -35]
[469, 369, 35]
[521, 494, -33]
[461, 480, 72]
[544, 577, 111]
[481, 581, 198]
[553, 588, 122]
[492, 597, 209]
[520, 619, 58]
[452, 617, 155]
[489, 125, -130]
[498, 109, -133]
[504, 108, -133]
[511, 107, -133]
[485, 110, -118]
[482, 110, -118]
[479, 111, -118]
[525, 113, -110]
[484, 115, -41]
[504, 136, -118]
[487, 138, -98]
[572, 185, -110]
[466, 184, 36]
[556, 265, -180]
[431, 257, 70]
[492, 208, -253]
[376, 227, 0]
[478, 200, -275]
[355, 221, -8]
[480, 190, -273]
[355, 215, -20]
[484, 193, -252]
[364, 217, -7]
[530, 373, -35]
[469, 369, 35]
[521, 495, -33]
[460, 481, 61]
[545, 577, 132]
[481, 582, 194]
[554, 588, 146]
[491, 597, 205]
[522, 619, 87]
[452, 619, 149]
[489, 125, -125]
[498, 109, -130]
[504, 108, -130]
[511, 108, -130]
[485, 110, -115]
[482, 111, -115]
[479, 111, -115]
[525, 112, -110]
[484, 115, -38]
[504, 136, -114]
[487, 138, -94]
[572, 184, -112]
[466, 184, 39]
[554, 263, -179]
[431, 257, 58]
[483, 211, -239]
[373, 230, -58]
[472, 206, -260]
[356, 226, -75]
[472, 197, -259]
[353, 217, -87]
[475, 200, -238]
[363, 221, -68]
[530, 373, -36]
[469, 369, 36]
[521, 496, -34]
[460, 481, 57]
[546, 577, 133]
[480, 582, 186]
[555, 587, 147]
[491, 598, 197]
[523, 619, 90]
[450, 621, 141]
[490, 123, -127]
[499, 107, -131]
[505, 106, -131]
[511, 106, -131]
[485, 109, -116]
[482, 109, -116]
[479, 110, -116]
[525, 111, -105]
[484, 114, -38]
[505, 133, -116]
[487, 136, -96]
[573, 183, -107]
[466, 183, 40]
[560, 263, -180]
[432, 257, 60]
[490, 216, -285]
[372, 236, -43]
[478, 209, -313]
[353, 232, -58]
[479, 196, -309]
[347, 223, -75]
[483, 201, -284]
[357, 225, -54]
[530, 373, -36]
[469, 369, 36]
[520, 497, -53]
[460, 483, 48]
[546, 576, 130]
[480, 585, 177]
[556, 586, 145]
[491, 600, 188]
[525, 620, 91]
[452, 626, 132]
[489, 122, -127]
[498, 107, -131]
[505, 106, -132]
[511, 105, -132]
[485, 109, -116]
[482, 109, -116]
[479, 109, -116]
[525, 110, -106]
[484, 114, -39]
[505, 133, -116]
[487, 135, -96]
[573, 182, -110]
[467, 182, 39]
[554, 264, -158]
[433, 257, 76]
[483, 225, -210]
[369, 247, -2]
[469, 222, -230]
[346, 243, -12]
[464, 215, -229]
[341, 234, -31]
[469, 216, -209]
[351, 236, -13]
[530, 374, -36]
[469, 370, 36]
[520, 498, -50]
[460, 482, 51]
[547, 576, 138]
[479, 586, 183]
[556, 584, 155]
[489, 600, 195]
[527, 621, 107]
[451, 628, 140]
[489, 121, -127]
[498, 106, -133]
[505, 105, -133]
[511, 104, -133]
[485, 108, -117]
[482, 109, -117]
[479, 109, -117]
[525, 110, -110]
[484, 113, -39]
[504, 132, -116]
[487, 134, -96]
[573, 182, -122]
[467, 181, 40]
[526, 266, -144]
[438, 255, 16]
[436, 239, -147]
[377, 245, -139]
[407, 240, -164]
[398, 235, -161]
[414, 222, -162]
[395, 225, -168]
[424, 223, -144]
[403, 228, -148]
[530, 374, -37]
[468, 370, 37]
[520, 501, -59]
[460, 483, 47]
[544, 593, 119]
[478, 595, 184]
[553, 602, 135]
[488, 609, 196]
[524, 640, 80]
[451, 636, 142]
[489, 122, -134]
[497, 106, -143]
[503, 105, -143]
[510, 104, -143]
[485, 108, -125]
[481, 108, -125]
[478, 109, -125]
[525, 109, -132]
[484, 113, -48]
[503, 132, -126]
[487, 134, -102]
[573, 182, -147]
[468, 180, 34]
[488, 261, -159]
[441, 252, 40]
[397, 231, -160]
[377, 254, -66]
[367, 231, -179]
[394, 253, -83]
[377, 213, -178]
[391, 241, -114]
[388, 215, -158]
[395, 241, -82]
[530, 375, -38]
[468, 370, 39]
[520, 502, -53]
[460, 483, 47]
[543, 595, 122]
[476, 593, 185]
[552, 603, 138]
[485, 608, 197]
[521, 643, 83]
[451, 635, 145]
[487, 122, -125]
[495, 106, -136]
[501, 105, -136]
[508, 104, -136]
[484, 108, -116]
[481, 109, -116]
[478, 109, -116]
[525, 110, -127]
[484, 113, -44]
[500, 132, -119]
[486, 134, -94]
[573, 182, -140]
[469, 179, 35]
[489, 259, -160]
[442, 252, 67]
[413, 227, -157]
[376, 256, -17]
[387, 223, -174]
[372, 256, -31]
[398, 209, -174]
[368, 246, -52]
[406, 213, -155]
[376, 248, -30]
[530, 375, -39]
[468, 370, 39]
[520, 503, -52]
[460, 482, 50]
[542, 593, 122]
[475, 593, 186]
[551, 602, 138]
[485, 607, 198]
[520, 641, 86]
[450, 634, 146]
[486, 122, -138]
[494, 106, -149]
[500, 105, -149]
[506, 104, -149]
[483, 108, -129]
[480, 108, -129]
[478, 109, -129]
[525, 109, -145]
[484, 113, -55]
[499, 132, -132]
[486, 134, -106]
[573, 182, -160]
[469, 179, 28]
[484, 260, -170]
[445, 255, 61]
[391, 234, -163]
[399, 261, -30]
[360, 236, -182]
[388, 267, -42]
[376, 230, -182]
[387, 255, -54]
[381, 217, -161]
[397, 253, -40]
[530, 376, -41]
[468, 370, 41]
[520, 504, -47]
[460, 482, 54]
[542, 595, 137]
[475, 595, 200]
[551, 604, 153]
[485, 610, 214]
[517, 644, 99]
[448, 637, 162]
[486, 121, -135]
[494, 106, -146]
[499, 105, -146]
[505, 104, -147]
[483, 108, -129]
[480, 108, -129]
[478, 108, -129]
[524, 109, -143]
[485, 113, -54]
[498, 132, -130]
[485, 134, -105]
[573, 182, -159]
[469, 181, 22]
[489, 261, -172]
[445, 256, 59]
[392, 235, -161]
[395, 265, -33]
[370, 246, -180]
[383, 273, -47]
[377, 234, -178]
[384, 257, -62]
[384, 231, -158]
[391, 258, -44]
[530, 377, -41]
[468, 370, 41]
[520, 504, -36]
[459, 482, 61]
[541, 594, 147]
[474, 593, 204]
[549, 603, 163]
[484, 609, 218]
[516, 642, 112]
[447, 635, 169]
[486, 122, -140]
[494, 106, -152]
[499, 105, -152]
[505, 104, -152]
[483, 108, -133]
[480, 108, -133]
[478, 108, -133]
[523, 109, -156]
[485, 113, -66]
[498, 132, -136]
[485, 134, -111]
[573, 183, -166]
[469, 182, 4]
[494, 263, -176]
[446, 256, 19]
[402, 234, -158]
[398, 264, -81]
[377, 248, -175]
[387, 270, -98]
[383, 233, -174]
[387, 256, -112]
[394, 231, -155]
[395, 256, -91]
[530, 377, -40]
[469, 370, 40]
[518, 502, -21]
[459, 482, 67]
[535, 594, 160]
[471, 593, 212]
[540, 602, 175]
[480, 606, 226]
[514, 638, 123]
[445, 635, 176]
[488, 120, -164]
[495, 105, -169]
[501, 104, -169]
[506, 103, -169]
[484, 107, -154]
[481, 107, -154]
[478, 107, -154]
[523, 109, -149]
[485, 112, -79]
[501, 131, -152]
[487, 132, -132]
[578, 184, -142]
[467, 184, -9]
[563, 291, -151]
[442, 258, 7]
[502, 313, -169]
[416, 272, -100]
[484, 325, -182]
[413, 282, -117]
[484, 310, -189]
[410, 267, -132]
[487, 304, -157]
[415, 265, -110]
[532, 378, -37]
[469, 370, 37]
[518, 500, -24]
[458, 482, 69]
[534, 587, 150]
[469, 589, 213]
[539, 597, 164]
[477, 601, 225]
[514, 631, 118]
[443, 632, 170]
[489, 119, -173]
[496, 104, -177]
[502, 103, -177]
[507, 103, -178]
[485, 106, -163]
[482, 107, -163]
[479, 107, -163]
[523, 108, -151]
[485, 112, -85]
[502, 130, -160]
[487, 132, -141]
[580, 185, -136]
[466, 186, -13]
[579, 293, -150]
[439, 261, 8]
[535, 331, -196]
[416, 276, -94]
[524, 346, -216]
[413, 285, -110]
[522, 333, -225]
[409, 271, -126]
[522, 326, -197]
[415, 268, -104]
[532, 378, -36]
[469, 370, 36]
[517, 499, -24]
[458, 481, 72]
[532, 585, 146]
[468, 585, 217]
[538, 595, 160]
[476, 598, 229]
[514, 627, 99]
[442, 628, 168]
[489, 118, -164]
[497, 103, -169]
[503, 102, -169]
[508, 102, -169]
[485, 105, -155]
[482, 105, -155]
[479, 106, -155]
[523, 108, -147]
[485, 112, -78]
[503, 129, -151]
[488, 131, -132]
[580, 185, -127]
[465, 186, -4]
[575, 287, -152]
[439, 263, 15]
[500, 292, -204]
[397, 271, -69]
[483, 300, -226]
[388, 279, -83]
[484, 286, -226]
[383, 265, -105]
[489, 283, -203]
[391, 264, -81]
[532, 378, -33]
[469, 370, 33]
[517, 495, -26]
[457, 481, 54]
[532, 577, 150]
[466, 582, 200]
[538, 587, 165]
[474, 595, 212]
[516, 621, 105]
[440, 624, 150]
[490, 117, -166]
[498, 102, -169]
[504, 101, -169]
[510, 101, -169]
[486, 104, -156]
[482, 104, -156]
[479, 105, -156]
[524, 107, -144]
[485, 111, -76]
[504, 129, -150]
[488, 130, -133]
[580, 185, -122]
[463, 186, 0]
[576, 286, -152]
[439, 264, 48]
[498, 285, -242]
[371, 269, -20]
[480, 298, -266]
[353, 274, -31]
[481, 280, -266]
[353, 262, -52]
[483, 274, -242]
[367, 261, -32]
[532, 378, -33]
[468, 371, 34]
[517, 496, -31]
[456, 482, 47]
[529, 577, 152]
[465, 583, 200]
[535, 587, 169]
[473, 596, 213]
[515, 621, 109]
[438, 626, 152]
[490, 115, -182]
[498, 101, -183]
[504, 100, -183]
[511, 99, -183]
[486, 103, -172]
[482, 103, -172]
[479, 104, -172]
[525, 106, -144]
[484, 110, -91]
[504, 128, -164]
[488, 129, -149]
[580, 184, -125]
[462, 186, -7]
[581, 284, -177]
[434, 265, 53]
[505, 287, -295]
[360, 271, -10]
[487, 294, -324]
[335, 272, -20]
[482, 280, -321]
[328, 262, -45]
[487, 275, -294]
[339, 262, -23]
[532, 378, -33]
[467, 371, 33]
[517, 497, -35]
[454, 482, 41]
[529, 578, 150]
[465, 583, 190]
[535, 588, 166]
[474, 596, 203]
[515, 621, 108]
[438, 627, 143]
[490, 114, -184]
[498, 99, -183]
[505, 99, -184]
[511, 98, -184]
[486, 102, -173]
[482, 102, -173]
[479, 103, -173]
[525, 105, -143]
[484, 109, -89]
[504, 126, -165]
[488, 128, -151]
[580, 182, -125]
[461, 186, -6]
[585, 279, -186]
[431, 268, 49]
[518, 294, -310]
[357, 279, -29]
[498, 305, -341]
[338, 277, -42]
[492, 289, -339]
[332, 268, -50]
[495, 285, -310]
[340, 270, -39]
[532, 375, -33]
[467, 369, 33]
[517, 494, -35]
[453, 480, 32]
[525, 552, 149]
[465, 581, 182]
[529, 548, 165]
[474, 594, 195]
[515, 619, 106]
[437, 625, 133]
[490, 113, -181]
[499, 99, -180]
[505, 98, -180]
[511, 98, -180]
[486, 101, -170]
[482, 101, -169]
[479, 102, -170]
[525, 104, -140]
[484, 109, -87]
[504, 125, -162]
[488, 127, -148]
[580, 182, -123]
[460, 186, -6]
[585, 276, -187]
[430, 269, 47]
[520, 295, -315]
[355, 282, -27]
[505, 306, -346]
[332, 278, -39]
[496, 289, -345]
[331, 270, -62]
[498, 286, -316]
[336, 273, -40]
[532, 375, -33]
[467, 369, 33]
[517, 493, -31]
[451, 480, 37]
[525, 555, 154]
[464, 580, 187]
[529, 552, 169]
[474, 594, 200]
[514, 619, 110]
[435, 624, 140]
[490, 113, -179]
[499, 99, -178]
[505, 98, -178]
[511, 97, -178]
[486, 101, -167]
[482, 101, -167]
[479, 102, -167]
[525, 104, -136]
[483, 109, -84]
[504, 125, -160]
[488, 127, -145]
[580, 182, -117]
[460, 186, -4]
[585, 275, -183]
[431, 271, 50]
[522, 300, -313]
[361, 286, -33]
[507, 312, -345]
[339, 285, -42]
[496, 297, -346]
[337, 277, -73]
[501, 291, -314]
[345, 279, -43]
[533, 375, -32]
[467, 369, 32]
[518, 493, -31]
[452, 480, 23]
[523, 548, 153]
[466, 557, 174]
[528, 562, 168]
[474, 594, 187]
[512, 620, 108]
[436, 626, 123]
[490, 112, -186]
[499, 98, -185]
[505, 97, -185]
[511, 96, -185]
[486, 99, -174]
[482, 100, -174]
[479, 101, -174]
[525, 103, -141]
[483, 107, -90]
[504, 124, -167]
[487, 126, -152]
[579, 181, -126]
[459, 186, -5]
[583, 276, -182]
[428, 272, 49]
[520, 310, -301]
[351, 290, -34]
[510, 328, -333]
[325, 292, -47]
[497, 313, -337]
[323, 283, -73]
[499, 306, -304]
[333, 282, -46]
[534, 375, -33]
[468, 369, 33]
[518, 495, -43]
[450, 480, 29]
[522, 548, 152]
[466, 574, 177]
[528, 575, 168]
[475, 596, 188]
[507, 625, 108]
[436, 629, 128]
[490, 112, -188]
[499, 97, -187]
[505, 97, -187]
[511, 96, -187]
[486, 99, -176]
[482, 99, -176]
[479, 100, -176]
[525, 103, -143]
[482, 106, -89]
[504, 124, -169]
[487, 125, -153]
[578, 181, -133]
[458, 186, -1]
[587, 273, -182]
[428, 273, 53]
[538, 317, -286]
[356, 299, -35]
[527, 337, -317]
[333, 310, -51]
[518, 338, -324]
[330, 301, -81]
[516, 319, -289]
[341, 299, -50]
[534, 375, -38]
[468, 369, 38]
[518, 497, -54]
[449, 480, 33]
[523, 584, 143]
[464, 582, 198]
[528, 595, 160]
[474, 600, 211]
[505, 637, 97]
[431, 630, 152]
[490, 111, -185]
[498, 97, -186]
[505, 96, -186]
[511, 96, -186]
[485, 99, -174]
[482, 99, -174]
[478, 100, -174]
[525, 103, -142]
[482, 106, -81]
[504, 123, -167]
[487, 125, -152]
[578, 180, -135]
[458, 186, 13]
[587, 270, -177]
[429, 273, 74]
[535, 320, -265]
[362, 304, -14]
[523, 341, -296]
[342, 316, -29]
[511, 334, -312]
[340, 312, -56]
[513, 324, -269]
[349, 307, -29]
[534, 375, -41]
[468, 369, 42]
[518, 497, -55]
[449, 480, 34]
[524, 585, 143]
[464, 582, 201]
[529, 596, 160]
[475, 599, 216]
[503, 636, 97]
[430, 628, 157]
[490, 111, -183]
[498, 97, -185]
[505, 96, -185]
[511, 96, -185]
[485, 99, -171]
[482, 99, -171]
[478, 99, -171]
[524, 103, -142]
[482, 105, -78]
[504, 123, -165]
[487, 124, -147]
[577, 180, -136]
[458, 186, 17]
[587, 269, -173]
[429, 273, 83]
[534, 321, -262]
[364, 304, 2]
[522, 343, -293]
[345, 316, -10]
[509, 333, -310]
[347, 310, -38]
[512, 326, -266]
[350, 308, -11]
[534, 375, -42]
[467, 369, 42]
[518, 497, -59]
[448, 480, 35]
[524, 591, 143]
[463, 585, 209]
[530, 601, 161]
[474, 600, 225]
[504, 639, 97]
[431, 629, 165]
[490, 111, -184]
[498, 97, -185]
[504, 97, -185]
[510, 96, -185]
[485, 99, -171]
[482, 99, -171]
[478, 99, -171]
[524, 103, -147]
[481, 105, -82]
[503, 123, -167]
[487, 124, -149]
[577, 180, -144]
[457, 186, 12]
[587, 270, -175]
[428, 272, 64]
[531, 328, -261]
[367, 311, -47]
[517, 352, -293]
[346, 325, -65]
[505, 343, -308]
[347, 319, -93]
[509, 335, -265]
[351, 316, -62]
[535, 375, -42]
[468, 369, 42]
[516, 497, -65]
[447, 478, 19]
[523, 590, 136]
[463, 586, 193]
[529, 600, 153]
[474, 600, 209]
[504, 639, 90]
[430, 629, 147]
[489, 111, -189]
[498, 97, -190]
[504, 97, -190]
[510, 96, -190]
[485, 99, -176]
[481, 99, -176]
[478, 99, -176]
[524, 103, -154]
[481, 105, -88]
[503, 123, -173]
[486, 124, -154]
[577, 180, -150]
[457, 186, 5]
[589, 273, -179]
[428, 273, 62]
[530, 336, -261]
[368, 317, -43]
[515, 360, -292]
[348, 332, -59]
[505, 361, -307]
[348, 326, -85]
[507, 343, -264]
[353, 322, -57]
[535, 376, -41]
[467, 370, 41]
[513, 497, -70]
[446, 478, 17]
[523, 589, 137]
[463, 587, 194]
[529, 599, 154]
[474, 600, 209]
[506, 639, 92]
[431, 632, 147]
[489, 111, -188]
[498, 97, -188]
[504, 96, -188]
[510, 96, -188]
[485, 98, -175]
[481, 98, -175]
[478, 99, -175]
[524, 103, -151]
[481, 105, -89]
[502, 123, -172]
[486, 124, -154]
[577, 181, -146]
[457, 186, 0]
[590, 274, -170]
[426, 274, 66]
[532, 342, -249]
[368, 322, -15]
[519, 368, -280]
[348, 338, -29]
[504, 361, -291]
[348, 332, -59]
[508, 351, -253]
[353, 328, -30]
[535, 377, -41]
[467, 371, 41]
[513, 497, -68]
[446, 479, 13]
[521, 588, 140]
[463, 587, 193]
[527, 595, 159]
[476, 600, 208]
[507, 637, 99]
[433, 633, 146]
[489, 110, -188]
[498, 96, -188]
[504, 96, -188]
[510, 95, -188]
[485, 97, -174]
[481, 97, -174]
[478, 98, -175]
[523, 102, -152]
[481, 104, -88]
[502, 123, -172]
[486, 124, -154]
[577, 181, -147]
[456, 187, 1]
[590, 277, -169]
[426, 277, 66]
[535, 353, -246]
[368, 328, -20]
[526, 379, -277]
[348, 343, -34]
[511, 372, -287]
[346, 336, -62]
[514, 362, -249]
[353, 333, -35]
[535, 381, -41]
[464, 374, 41]
[513, 505, -81]
[446, 483, 8]
[519, 599, 128]
[463, 594, 189]
[525, 607, 145]
[474, 607, 204]
[506, 649, 81]
[433, 638, 139]
[489, 110, -187]
[497, 96, -187]
[503, 95, -187]
[509, 95, -187]
[484, 97, -174]
[481, 97, -174]
[478, 97, -174]
[523, 102, -151]
[481, 103, -88]
[501, 122, -171]
[486, 123, -153]
[577, 181, -148]
[456, 187, 1]
[590, 279, -168]
[426, 277, 70]
[535, 356, -241]
[368, 330, -9]
[524, 382, -272]
[348, 344, -22]
[509, 374, -281]
[346, 338, -52]
[513, 365, -244]
[354, 335, -24]
[534, 382, -41]
[463, 375, 42]
[513, 507, -84]
[446, 484, 10]
[517, 602, 123]
[463, 598, 188]
[524, 610, 140]
[474, 611, 203]
[505, 651, 78]
[434, 641, 138]
[488, 109, -192]
[496, 95, -193]
[502, 95, -193]
[508, 94, -193]
[483, 96, -178]
[480, 96, -178]
[477, 96, -178]
[523, 101, -160]
[481, 103, -91]
[500, 122, -177]
[485, 123, -158]
[577, 181, -162]
[456, 187, 1]
[590, 281, -179]
[426, 278, 69]
[534, 364, -245]
[371, 331, -19]
[522, 390, -275]
[349, 345, -33]
[509, 381, -284]
[348, 339, -65]
[511, 373, -247]
[356, 337, -35]
[534, 383, -45]
[463, 376, 45]
[513, 506, -88]
[446, 484, 7]
[518, 602, 116]
[463, 598, 186]
[527, 611, 133]
[474, 612, 200]
[505, 651, 68]
[432, 641, 136]
[486, 109, -196]
[495, 95, -198]
[501, 94, -198]
[507, 94, -198]
[483, 96, -183]
[480, 96, -182]
[476, 96, -183]
[523, 101, -166]
[481, 102, -96]
[499, 122, -182]
[484, 123, -162]
[577, 181, -166]
[455, 187, -4]
[590, 283, -179]
[426, 278, 68]
[534, 371, -240]
[374, 337, -15]
[523, 396, -271]
[352, 350, -28]
[509, 388, -280]
[350, 345, -60]
[512, 379, -243]
[360, 343, -31]
[533, 385, -46]
[463, 377, 46]
[513, 508, -101]
[446, 488, 9]
[518, 609, 102]
[463, 602, 184]
[529, 618, 118]
[474, 617, 199]
[505, 660, 54]
[432, 644, 134]
[485, 109, -196]
[493, 95, -199]
[500, 94, -199]
[506, 93, -199]
[481, 96, -183]
[478, 96, -183]
[475, 96, -183]
[522, 100, -168]
[480, 102, -97]
[497, 122, -182]
[482, 123, -162]
[578, 181, -167]
[455, 187, -3]
[591, 285, -178]
[426, 279, 64]
[536, 374, -233]
[375, 341, -25]
[524, 402, -265]
[353, 354, -38]
[508, 395, -276]
[351, 349, -69]
[512, 384, -236]
[361, 347, -40]
[533, 387, -46]
[463, 380, 46]
[513, 515, -99]
[446, 497, 26]
[516, 631, 100]
[458, 613, 205]
[526, 641, 115]
[467, 629, 220]
[496, 682, 47]
[427, 654, 151]
[483, 109, -204]
[492, 94, -207]
[498, 94, -208]
[504, 93, -208]
[479, 95, -191]
[476, 96, -191]
[473, 96, -191]
[522, 100, -177]
[479, 102, -103]
[494, 122, -190]
[480, 123, -169]
[578, 182, -177]
[454, 187, -5]
[592, 287, -179]
[426, 280, 66]
[536, 381, -228]
[376, 345, -16]
[525, 409, -260]
[354, 358, -28]
[510, 400, -271]
[353, 355, -60]
[514, 390, -232]
[364, 354, -31]
[533, 391, -47]
[462, 382, 47]
[514, 519, -91]
[447, 500, 49]
[516, 628, 109]
[458, 610, 239]
[526, 637, 125]
[467, 627, 254]
[497, 680, 57]
[426, 652, 187]
[482, 109, -207]
[491, 94, -208]
[497, 94, -208]
[504, 93, -208]
[479, 95, -193]
[476, 96, -193]
[473, 96, -193]
[522, 100, -173]
[478, 102, -103]
[493, 122, -191]
[479, 123, -171]
[578, 182, -170]
[453, 188, -6]
[593, 288, -178]
[426, 282, 59]
[541, 379, -233]
[376, 348, -32]
[532, 408, -265]
[354, 360, -47]
[515, 400, -275]
[353, 356, -79]
[519, 390, -237]
[364, 355, -48]
[534, 393, -47]
[462, 385, 47]
[516, 521, -96]
[448, 501, 21]
[516, 631, 105]
[459, 614, 211]
[527, 640, 121]
[468, 630, 226]
[498, 684, 49]
[426, 659, 152]
[481, 109, -218]
[490, 94, -220]
[496, 93, -220]
[503, 93, -220]
[478, 95, -204]
[475, 95, -204]
[472, 96, -204]
[521, 99, -187]
[477, 102, -114]
[492, 122, -203]
[478, 123, -182]
[578, 182, -186]
[452, 188, -11]
[593, 289, -186]
[426, 284, 59]
[540, 388, -236]
[377, 352, -24]
[531, 417, -267]
[354, 366, -36]
[515, 410, -277]
[354, 363, -69]
[519, 400, -239]
[364, 362, -39]
[534, 396, -48]
[462, 386, 48]
[517, 521, -95]
[448, 502, 40]
[520, 636, 114]
[459, 617, 227]
[531, 646, 130]
[468, 634, 242]
[498, 688, 55]
[427, 660, 173]
[481, 109, -225]
[490, 94, -226]
[496, 93, -226]
[503, 92, -227]
[477, 95, -211]
[474, 95, -211]
[471, 96, -211]
[521, 99, -191]
[476, 102, -119]
[492, 122, -209]
[478, 124, -188]
[578, 182, -190]
[452, 189, -16]
[592, 291, -187]
[426, 288, 55]
[544, 397, -236]
[378, 358, -30]
[537, 431, -268]
[355, 373, -42]
[520, 426, -278]
[354, 371, -77]
[521, 412, -240]
[365, 369, -46]
[534, 400, -49]
[462, 388, 49]
[517, 522, -78]
[448, 505, 85]
[520, 646, 126]
[456, 625, 275]
[530, 658, 142]
[464, 643, 290]
[499, 696, 67]
[422, 665, 223]
[479, 109, -225]
[489, 93, -228]
[495, 92, -228]
[502, 91, -228]
[476, 95, -212]
[472, 95, -212]
[469, 96, -212]
[520, 97, -193]
[474, 101, -120]
[491, 122, -210]
[476, 124, -189]
[578, 182, -195]
[451, 190, -22]
[592, 297, -188]
[427, 289, 44]
[545, 409, -230]
[382, 362, -43]
[541, 445, -263]
[357, 378, -55]
[522, 439, -275]
[357, 378, -89]
[522, 425, -234]
[370, 375, -59]
[531, 403, -52]
[460, 390, 52]
[515, 526, -78]
[448, 511, 110]
[514, 659, 111]
[452, 638, 302]
[524, 672, 126]
[460, 658, 318]
[495, 709, 53]
[415, 675, 249]
[476, 109, -239]
[486, 92, -242]
[492, 91, -242]
[500, 91, -243]
[473, 94, -227]
[470, 95, -227]
[467, 95, -227]
[518, 96, -208]
[472, 101, -136]
[488, 122, -224]
[474, 124, -203]
[577, 183, -201]
[450, 189, -40]
[591, 299, -190]
[426, 288, 29]
[549, 415, -230]
[384, 364, -50]
[546, 449, -262]
[360, 382, -60]
[528, 444, -276]
[360, 382, -94]
[526, 430, -234]
[374, 379, -65]
[529, 402, -51]
[458, 389, 51]
[516, 529, -84]
[447, 513, 105]
[514, 665, 96]
[452, 638, 300]
[523, 679, 109]
[459, 658, 316]
[495, 714, 29]
[414, 675, 243]
[475, 109, -240]
[485, 92, -244]
[492, 91, -244]
[499, 90, -244]
[472, 94, -228]
[469, 95, -228]
[466, 95, -228]
[517, 96, -209]
[472, 101, -136]
[487, 122, -225]
[473, 124, -204]
[577, 183, -200]
[449, 189, -39]
[591, 301, -190]
[426, 289, 29]
[551, 417, -231]
[386, 365, -56]
[547, 451, -264]
[361, 384, -68]
[530, 446, -277]
[361, 384, -102]
[528, 432, -236]
[375, 380, -72]
[529, 404, -50]
[456, 390, 51]
[519, 532, -86]
[447, 515, 103]
[514, 671, 98]
[452, 641, 302]
[524, 686, 111]
[460, 662, 319]
[496, 721, 29]
[416, 680, 244]
[472, 109, -237]
[482, 92, -240]
[489, 91, -240]
[496, 90, -240]
[470, 94, -224]
[467, 94, -224]
[464, 95, -224]
[515, 96, -206]
[470, 100, -130]
[485, 122, -221]
[470, 124, -200]
[577, 184, -199]
[447, 190, -35]
[591, 304, -189]
[426, 291, 27]
[553, 421, -227]
[389, 369, -70]
[549, 454, -260]
[367, 389, -83]
[532, 449, -274]
[369, 388, -117]
[531, 435, -232]
[382, 383, -86]
[529, 406, -51]
[456, 392, 51]
[519, 532, -80]
[447, 519, 124]
[510, 674, 112]
[450, 649, 331]
[518, 688, 127]
[458, 669, 349]
[493, 724, 33]
[414, 688, 272]
[470, 108, -245]
[480, 91, -246]
[486, 90, -246]
[493, 89, -246]
[467, 93, -231]
[464, 94, -231]
[461, 94, -232]
[513, 95, -203]
[468, 100, -135]
[483, 121, -227]
[468, 124, -208]
[577, 184, -194]
[444, 191, -50]
[591, 305, -166]
[425, 295, 7]
[559, 425, -209]
[393, 380, -86]
[561, 459, -241]
[374, 403, -101]
[543, 458, -258]
[377, 402, -134]
[540, 443, -216]
[389, 396, -101]
[534, 409, -46]
[458, 397, 47]
[522, 533, -69]
[449, 525, 115]
[511, 684, 138]
[444, 673, 322]
[518, 700, 153]
[450, 695, 339]
[493, 735, 57]
[412, 715, 248]
[469, 107, -258]
[479, 89, -257]
[485, 88, -257]
[492, 88, -257]
[466, 92, -243]
[463, 92, -243]
[459, 93, -244]
[512, 93, -211]
[466, 99, -146]
[482, 120, -239]
[467, 123, -220]
[577, 185, -192]
[442, 192, -62]
[591, 310, -169]
[424, 302, 1]
[560, 433, -214]
[398, 389, -80]
[564, 465, -246]
[386, 415, -93]
[545, 465, -262]
[390, 413, -126]
[542, 451, -221]
[399, 407, -95]
[537, 411, -44]
[459, 401, 44]
[522, 537, -68]
[450, 536, 112]
[511, 693, 149]
[442, 685, 323]
[518, 710, 165]
[448, 708, 340]
[493, 746, 68]
[413, 731, 242]
[467, 106, -259]
[477, 88, -258]
[484, 87, -258]
[491, 87, -258]
[463, 91, -244]
[460, 91, -244]
[457, 92, -244]
[511, 92, -211]
[464, 98, -145]
[481, 120, -239]
[465, 123, -220]
[577, 186, -191]
[439, 194, -60]
[591, 315, -163]
[424, 307, 6]
[564, 438, -204]
[406, 393, -73]
[567, 473, -235]
[403, 422, -87]
[550, 473, -252]
[405, 418, -119]
[546, 458, -210]
[414, 408, -88]
[538, 416, -41]
[460, 405, 42]
[522, 584, -63]
[451, 544, 113]
[512, 709, 166]
[442, 693, 340]
[519, 726, 183]
[448, 715, 359]
[497, 764, 86]
[413, 741, 260]
[464, 106, -250]
[474, 88, -252]
[481, 87, -252]
[488, 86, -252]
[461, 91, -236]
[458, 91, -236]
[455, 92, -236]
[509, 92, -211]
[463, 98, -139]
[478, 120, -233]
[463, 123, -212]
[577, 186, -193]
[439, 194, -51]
[591, 315, -164]
[423, 305, 9]
[566, 434, -211]
[403, 390, -72]
[570, 468, -242]
[398, 414, -86]
[552, 468, -254]
[400, 414, -114]
[549, 453, -216]
[408, 406, -85]
[538, 417, -42]
[460, 406, 43]
[529, 565, -63]
[451, 543, 113]
[517, 708, 149]
[445, 699, 324]
[524, 726, 166]
[450, 722, 341]
[499, 760, 65]
[421, 746, 246]
[463, 106, -246]
[473, 88, -248]
[480, 87, -248]
[487, 86, -249]
[460, 90, -233]
[456, 91, -232]
[454, 92, -233]
[508, 92, -209]
[461, 98, -136]
[478, 120, -229]
[462, 123, -209]
[577, 186, -193]
[438, 195, -51]
[592, 314, -167]
[424, 307, 25]
[570, 434, -208]
[402, 394, -49]
[576, 469, -239]
[392, 418, -60]
[557, 470, -254]
[393, 419, -94]
[553, 456, -214]
[402, 411, -64]
[539, 419, -44]
[460, 408, 45]
[528, 587, -74]
[451, 546, 110]
[520, 712, 145]
[446, 706, 319]
[527, 730, 162]
[451, 730, 336]
[500, 763, 64]
[421, 753, 241]
[460, 105, -244]
[470, 87, -246]
[477, 86, -246]
[484, 85, -246]
[457, 89, -231]
[454, 90, -231]
[451, 90, -231]
[506, 91, -208]
[460, 96, -133]
[475, 120, -228]
[459, 122, -207]
[577, 186, -192]
[437, 194, -48]
[592, 317, -169]
[424, 308, 31]
[573, 440, -208]
[401, 394, -47]
[579, 474, -240]
[389, 419, -59]
[561, 477, -256]
[389, 419, -94]
[556, 463, -214]
[399, 412, -63]
[538, 421, -45]
[459, 409, 45]
[528, 593, -73]
[451, 546, 122]
[524, 717, 149]
[448, 711, 339]
[532, 737, 166]
[454, 736, 357]
[502, 770, 64]
[426, 759, 254]
[456, 105, -243]
[467, 86, -246]
[473, 85, -246]
[480, 84, -246]
[454, 88, -228]
[451, 89, -228]
[448, 90, -228]
[503, 89, -207]
[458, 95, -127]
[471, 119, -227]
[456, 122, -204]
[577, 187, -192]
[435, 194, -40]
[593, 318, -169]
[424, 311, 37]
[576, 444, -202]
[401, 399, -43]
[582, 478, -232]
[390, 424, -54]
[565, 483, -247]
[391, 425, -89]
[560, 469, -207]
[398, 418, -59]
[538, 423, -45]
[458, 412, 46]
[527, 598, -75]
[452, 549, 115]
[526, 723, 153]
[451, 718, 328]
[533, 743, 171]
[457, 742, 346]
[505, 775, 67]
[430, 767, 247]
[455, 104, -239]
[465, 85, -243]
[472, 84, -243]
[479, 83, -243]
[452, 88, -225]
[449, 88, -225]
[447, 89, -225]
[501, 88, -206]
[456, 94, -124]
[470, 118, -225]
[454, 122, -200]
[577, 187, -191]
[434, 195, -36]
[594, 319, -168]
[424, 312, 39]
[582, 445, -204]
[402, 402, -44]
[590, 481, -234]
[393, 428, -55]
[572, 487, -250]
[394, 428, -90]
[567, 472, -210]
[400, 420, -60]
[538, 425, -46]
[458, 416, 47]
[527, 599, -83]
[452, 553, 114]
[530, 726, 133]
[455, 720, 323]
[538, 746, 149]
[462, 744, 340]
[510, 778, 43]
[434, 767, 242]
[454, 103, -230]
[464, 84, -232]
[471, 83, -233]
[478, 82, -233]
[451, 87, -215]
[448, 88, -215]
[446, 88, -215]
[501, 87, -199]
[455, 94, -115]
[469, 118, -215]
[453, 121, -191]
[577, 187, -182]
[434, 195, -30]
[594, 320, -159]
[425, 314, 38]
[582, 448, -191]
[403, 403, -50]
[588, 484, -219]
[396, 429, -62]
[571, 490, -235]
[396, 428, -95]
[566, 475, -196]
[402, 421, -65]
[538, 427, -45]
[457, 418, 45]
[527, 604, -78]
[453, 557, 109]
[532, 733, 158]
[456, 728, 318]
[540, 755, 176]
[462, 752, 334]
[513, 786, 71]
[438, 780, 227]
[453, 103, -224]
[464, 84, -228]
[470, 83, -228]
[478, 82, -228]
[450, 87, -210]
[447, 87, -210]
[445, 88, -210]
[500, 86, -196]
[454, 94, -110]
[468, 118, -210]
[452, 121, -186]
[577, 188, -180]
[432, 196, -26]
[594, 323, -159]
[425, 316, 38]
[584, 451, -192]
[403, 406, -60]
[592, 487, -221]
[396, 431, -73]
[576, 493, -237]
[395, 430, -106]
[571, 479, -198]
[402, 424, -76]
[539, 430, -44]
[456, 421, 45]
[529, 610, -79]
[453, 567, 105]
[536, 740, 158]
[458, 734, 317]
[545, 762, 176]
[464, 757, 333]
[517, 792, 72]
[444, 786, 225]
[452, 103, -212]
[463, 84, -217]
[470, 83, -217]
[477, 82, -217]
[449, 86, -198]
[446, 87, -198]
[444, 88, -198]
[500, 86, -191]
[453, 94, -101]
[467, 118, -200]
[451, 121, -174]
[578, 188, -180]
[431, 197, -19]
[595, 329, -157]
[425, 318, 47]
[585, 460, -183]
[407, 413, -42]
[594, 495, -211]
[400, 438, -52]
[576, 502, -226]
[402, 440, -84]
[571, 487, -188]
[406, 431, -57]
[545, 438, -45]
[458, 426, 45]
[531, 619, -82]
[455, 606, 105]
[536, 752, 156]
[458, 744, 317]
[545, 773, 174]
[464, 768, 334]
[515, 804, 71]
[441, 798, 225]
[451, 103, -201]
[462, 84, -207]
[469, 83, -207]
[477, 82, -207]
[448, 87, -186]
[446, 87, -186]
[443, 88, -186]
[499, 86, -185]
[453, 94, -90]
[467, 118, -191]
[451, 121, -164]
[580, 191, -180]
[431, 200, -4]
[596, 334, -158]
[426, 322, 64]
[586, 467, -186]
[409, 420, -15]
[595, 500, -216]
[405, 446, -26]
[577, 504, -229]
[408, 449, -59]
[572, 491, -190]
[409, 438, -31]
[547, 447, -52]
[460, 435, 52]
[533, 622, -64]
[460, 615, 137]
[539, 759, 142]
[462, 752, 335]
[549, 782, 155]
[468, 777, 351]
[515, 807, 50]
[442, 800, 254]
[450, 104, -195]
[461, 84, -200]
[468, 83, -201]
[476, 82, -201]
[448, 87, -180]
[445, 87, -180]
[442, 88, -181]
[499, 87, -178]
[453, 94, -83]
[466, 119, -184]
[450, 122, -157]
[581, 192, -173]
[431, 200, 0]
[600, 336, -154]
[426, 323, 70]
[590, 468, -174]
[412, 421, -6]
[600, 500, -204]
[408, 448, -17]
[583, 504, -216]
[410, 449, -49]
[576, 492, -178]
[413, 440, -21]
[548, 449, -52]
[461, 439, 53]
[540, 625, -67]
[463, 620, 131]
[548, 763, 140]
[468, 757, 330]
[560, 786, 154]
[474, 782, 346]
[520, 812, 51]
[451, 807, 251]
[451, 104, -204]
[462, 84, -208]
[469, 83, -208]
[476, 82, -208]
[448, 87, -189]
[445, 87, -189]
[442, 88, -189]
[499, 87, -181]
[453, 94, -88]
[467, 119, -191]
[450, 122, -165]
[582, 192, -173]
[431, 201, 3]
[602, 335, -148]
[429, 323, 104]
[592, 469, -165]
[413, 418, 52]
[600, 501, -193]
[409, 444, 47]
[584, 505, -207]
[409, 444, 13]
[578, 493, -170]
[412, 436, 37]
[548, 453, -52]
[461, 442, 52]
[538, 630, -55]
[463, 625, 132]
[545, 768, 161]
[467, 764, 342]
[556, 790, 177]
[473, 788, 360]
[519, 818, 70]
[448, 814, 259]
[451, 104, -204]
[462, 84, -210]
[469, 83, -210]
[476, 82, -210]
[448, 87, -189]
[445, 87, -189]
[442, 88, -189]
[500, 87, -184]
[453, 94, -89]
[467, 119, -192]
[450, 122, -165]
[585, 194, -173]
[431, 201, 1]
[605, 337, -152]
[429, 323, 81]
[591, 469, -170]
[412, 417, 11]
[600, 502, -198]
[407, 442, 2]
[583, 505, -213]
[409, 444, -31]
[577, 492, -175]
[411, 434, -3]
[549, 459, -52]
[461, 445, 52]
[537, 638, -54]
[462, 631, 143]
[544, 776, 158]
[465, 771, 358]
[554, 800, 173]
[471, 796, 377]
[517, 827, 69]
[447, 822, 276]
[451, 104, -198]
[462, 84, -205]
[470, 83, -205]
[478, 82, -205]
[448, 87, -183]
[445, 87, -183]
[443, 88, -183]
[502, 87, -184]
[454, 94, -82]
[467, 119, -188]
[451, 122, -158]
[588, 194, -173]
[431, 201, 4]
[607, 339, -152]
[429, 322, 73]
[591, 471, -179]
[404, 415, -21]
[601, 503, -207]
[390, 442, -37]
[585, 507, -223]
[386, 442, -71]
[578, 494, -184]
[395, 432, -39]
[549, 463, -51]
[461, 446, 52]
[537, 643, -58]
[446, 631, 136]
[542, 783, 168]
[451, 771, 346]
[552, 809, 185]
[456, 795, 364]
[511, 831, 77]
[442, 825, 264]
[455, 104, -203]
[468, 84, -208]
[476, 82, -208]
[484, 81, -208]
[451, 87, -188]
[448, 87, -188]
[444, 88, -188]
[507, 87, -183]
[456, 94, -85]
[473, 119, -191]
[453, 122, -163]
[593, 195, -169]
[434, 201, 1]
[609, 341, -150]
[429, 324, 71]
[590, 476, -181]
[404, 416, -22]
[600, 507, -210]
[391, 442, -38]
[584, 510, -225]
[388, 441, -72]
[577, 497, -186]
[395, 433, -40]
[552, 468, -47]
[462, 450, 48]
[536, 646, -60]
[446, 634, 128]
[538, 787, 169]
[449, 777, 341]
[546, 811, 186]
[453, 801, 359]
[507, 837, 76]
[440, 832, 261]
[462, 104, -190]
[474, 83, -196]
[482, 82, -197]
[490, 81, -197]
[457, 86, -175]
[453, 87, -175]
[449, 87, -175]
[512, 87, -174]
[461, 94, -74]
[482, 119, -179]
[459, 122, -150]
[597, 197, -162]
[438, 202, 8]
[611, 343, -150]
[429, 324, 77]
[590, 473, -186]
[397, 413, -15]
[598, 506, -216]
[378, 437, -31]
[583, 507, -234]
[383, 440, -67]
[577, 494, -192]
[385, 427, -33]
[554, 471, -44]
[462, 453, 45]
[536, 649, -47]
[447, 638, 126]
[537, 791, 152]
[449, 783, 314]
[544, 815, 164]
[454, 807, 330]
[507, 839, 55]
[440, 837, 229]
[465, 103, -182]
[477, 83, -188]
[485, 82, -188]
[492, 81, -188]
[460, 86, -167]
[456, 86, -167]
[452, 87, -167]
[514, 87, -166]
[464, 94, -68]
[484, 119, -171]
[462, 122, -143]
[599, 199, -158]
[439, 203, 13]
[611, 344, -151]
[428, 325, 75]
[589, 473, -189]
[390, 411, -39]
[598, 507, -219]
[368, 432, -57]
[583, 507, -237]
[363, 429, -93]
[576, 494, -195]
[372, 421, -58]
[555, 473, -43]
[463, 456, 44]
[538, 650, -48]
[448, 640, 109]
[538, 795, 143]
[452, 785, 280]
[545, 820, 155]
[456, 809, 294]
[508, 841, 49]
[443, 838, 198]
[469, 105, -163]
[481, 84, -171]
[488, 82, -171]
[495, 82, -171]
[465, 86, -148]
[461, 86, -148]
[457, 87, -148]
[518, 88, -159]
[470, 94, -51]
[489, 120, -155]
[467, 123, -124]
[603, 199, -155]
[443, 203, 30]
[613, 343, -151]
[427, 324, 117]
[588, 472, -195]
[386, 410, 48]
[592, 506, -224]
[363, 431, 38]
[579, 506, -241]
[359, 427, 0]
[574, 493, -200]
[371, 421, 30]
[556, 472, -42]
[464, 456, 43]
[540, 648, -40]
[452, 637, 92]
[539, 794, 143]
[457, 783, 247]
[545, 818, 155]
[461, 805, 260]
[512, 839, 51]
[449, 835, 165]
[476, 106, -171]
[487, 84, -177]
[494, 83, -178]
[502, 82, -178]
[471, 87, -157]
[467, 87, -157]
[463, 88, -157]
[524, 89, -156]
[475, 95, -59]
[497, 121, -160]
[474, 124, -132]
[609, 199, -155]
[448, 204, 22]
[615, 344, -151]
[426, 325, 97]
[582, 472, -190]
[386, 410, 16]
[580, 506, -220]
[367, 433, 4]
[564, 506, -236]
[365, 436, -30]
[560, 492, -195]
[375, 422, 0]
[556, 474, -43]
[466, 457, 43]
[540, 650, -52]
[452, 638, 93]
[535, 797, 123]
[455, 784, 255]
[541, 820, 136]
[459, 807, 269]
[506, 845, 34]
[443, 836, 174]
[481, 106, -150]
[492, 84, -160]
[499, 83, -160]
[506, 82, -160]
[476, 87, -137]
[472, 87, -137]
[468, 88, -137]
[528, 89, -152]
[481, 96, -45]
[501, 122, -144]
[480, 124, -113]
[613, 201, -158]
[453, 204, 38]
[621, 344, -157]
[427, 319, 126]
[580, 472, -189]
[386, 397, 63]
[578, 506, -218]
[366, 412, 54]
[561, 501, -230]
[364, 410, 20]
[557, 488, -192]
[375, 405, 46]
[557, 474, -50]
[471, 456, 50]
[541, 649, -39]
[456, 631, 137]
[536, 792, 109]
[459, 771, 273]
[543, 815, 119]
[463, 793, 281]
[506, 838, 23]
[444, 813, 226]
[486, 107, -147]
[498, 85, -156]
[505, 83, -156]
[512, 83, -156]
[481, 87, -134]
[477, 88, -134]
[473, 88, -134]
[534, 89, -148]
[484, 96, -40]
[505, 123, -139]
[484, 126, -108]
[619, 202, -158]
[457, 203, 49]
[628, 344, -155]
[430, 317, 148]
[576, 463, -177]
[383, 389, 99]
[569, 495, -202]
[362, 403, 94]
[553, 484, -212]
[360, 401, 62]
[552, 472, -178]
[372, 397, 83]
[560, 474, -54]
[476, 456, 55]
[541, 648, -43]
[461, 628, 142]
[536, 789, 85]
[462, 767, 282]
[543, 812, 94]
[466, 789, 295]
[502, 835, 4]
[444, 807, 232]
[491, 107, -150]
[503, 84, -158]
[510, 83, -158]
[518, 82, -158]
[485, 87, -137]
[481, 88, -137]
[476, 88, -137]
[538, 89, -144]
[486, 96, -44]
[511, 123, -141]
[488, 126, -112]
[621, 202, -152]
[460, 203, 44]
[630, 344, -147]
[430, 317, 146]
[574, 460, -170]
[383, 388, 107]
[565, 493, -194]
[360, 403, 104]
[546, 481, -205]
[359, 401, 72]
[546, 468, -172]
[371, 397, 92]
[562, 474, -53]
[479, 456, 54]
[543, 647, -42]
[467, 627, 134]
[538, 787, 96]
[468, 766, 278]
[547, 810, 106]
[473, 788, 291]
[503, 834, 16]
[449, 806, 225]
[496, 108, -153]
[508, 85, -158]
[516, 84, -159]
[524, 83, -159]
[490, 88, -139]
[485, 89, -139]
[481, 89, -139]
[543, 90, -136]
[489, 97, -45]
[516, 124, -141]
[492, 126, -115]
[624, 201, -137]
[463, 201, 44]
[635, 339, -141]
[431, 312, 167]
[574, 437, -179]
[377, 373, 155]
[559, 471, -206]
[354, 389, 154]
[541, 452, -216]
[353, 389, 123]
[545, 440, -181]
[367, 384, 141]
[565, 471, -47]
[481, 454, 47]
[547, 642, -29]
[472, 622, 95]
[539, 785, 100]
[469, 766, 216]
[547, 806, 113]
[473, 788, 227]
[508, 832, 35]
[452, 806, 147]
[500, 108, -168]
[512, 85, -167]
[521, 84, -167]
[528, 83, -167]
[495, 88, -154]
[490, 89, -153]
[485, 89, -154]
[547, 90, -138]
[492, 97, -54]
[519, 124, -145]
[495, 126, -128]
[626, 201, -131]
[466, 200, 38]
[640, 333, -134]
[432, 307, 175]
[574, 422, -189]
[370, 353, 171]
[558, 458, -218]
[347, 361, 170]
[541, 437, -228]
[345, 357, 138]
[546, 425, -192]
[356, 355, 157]
[568, 469, -42]
[485, 453, 43]
[552, 637, -23]
[476, 617, 78]
[542, 782, 117]
[470, 765, 198]
[548, 802, 128]
[475, 787, 208]
[515, 829, 47]
[454, 806, 122]
[503, 109, -164]
[516, 86, -165]
[524, 85, -165]
[531, 84, -165]
[498, 90, -150]
[494, 90, -150]
[489, 91, -150]
[550, 91, -131]
[495, 98, -54]
[522, 125, -145]
[498, 127, -126]
[627, 200, -121]
[469, 199, 37]
[647, 326, -121]
[433, 305, 165]
[574, 403, -181]
[367, 342, 153]
[557, 437, -209]
[341, 351, 151]
[541, 415, -218]
[339, 345, 118]
[546, 403, -183]
[351, 343, 138]
[572, 467, -38]
[488, 453, 38]
[555, 634, -17]
[477, 617, 73]
[544, 775, 142]
[473, 765, 193]
[549, 793, 155]
[478, 787, 204]
[521, 826, 78]
[459, 807, 122]
[508, 111, -186]
[522, 88, -183]
[529, 87, -183]
[536, 87, -183]
[503, 91, -171]
[498, 92, -171]
[494, 92, -171]
[553, 93, -136]
[498, 99, -70]
[528, 126, -163]
[502, 129, -146]
[629, 200, -116]
[471, 199, 13]
[648, 327, -126]
[433, 306, 62]
[569, 386, -207]
[360, 331, -51]
[551, 409, -238]
[340, 339, -71]
[537, 396, -245]
[337, 326, -98]
[541, 378, -209]
[349, 326, -67]
[579, 464, -27]
[489, 453, 28]
[562, 633, 11]
[483, 618, 80]
[553, 775, 153]
[476, 769, 197]
[555, 794, 164]
[480, 791, 208]
[532, 826, 77]
[464, 815, 119]
[509, 111, -198]
[522, 88, -196]
[530, 87, -196]
[537, 87, -196]
[504, 91, -183]
[499, 92, -183]
[494, 92, -183]
[554, 93, -136]
[499, 99, -80]
[529, 126, -175]
[503, 129, -158]
[631, 200, -122]
[472, 198, 7]
[650, 325, -129]
[437, 307, 70]
[569, 380, -229]
[363, 333, -31]
[552, 403, -261]
[341, 339, -48]
[538, 383, -269]
[340, 328, -79]
[542, 375, -232]
[351, 327, -47]
[584, 461, -28]
[492, 453, 28]
[567, 632, 10]
[485, 618, 80]
[557, 774, 165]
[480, 769, 202]
[560, 792, 176]
[484, 791, 212]
[536, 826, 88]
[467, 817, 122]
[514, 112, -176]
[526, 90, -172]
[534, 89, -172]
[541, 88, -172]
[508, 93, -164]
[503, 94, -164]
[498, 94, -164]
[558, 94, -118]
[503, 101, -76]
[534, 127, -152]
[508, 129, -140]
[634, 200, -92]
[475, 198, 10]
[653, 320, -125]
[441, 300, 103]
[578, 361, -243]
[359, 315, 85]
[556, 382, -273]
[336, 318, 79]
[548, 361, -281]
[331, 308, 48]
[554, 353, -246]
[345, 307, 71]
[581, 458, -24]
[490, 450, 24]
[565, 621, -2]
[484, 607, 74]
[556, 763, 114]
[479, 755, 186]
[557, 781, 122]
[483, 776, 196]
[533, 813, 44]
[467, 801, 114]
[517, 111, -164]
[530, 89, -164]
[538, 88, -164]
[545, 88, -165]
[511, 93, -154]
[506, 93, -154]
[502, 94, -154]
[561, 94, -124]
[506, 101, -73]
[537, 127, -145]
[511, 129, -131]
[636, 200, -98]
[477, 198, 2]
[652, 325, -127]
[454, 284, 148]
[593, 359, -252]
[381, 295, 211]
[572, 376, -277]
[370, 307, 218]
[572, 351, -285]
[362, 292, 194]
[571, 345, -256]
[374, 290, 202]
[580, 458, -23]
[489, 450, 24]
[564, 610, -2]
[483, 589, 113]
[555, 751, 109]
[488, 717, 264]
[555, 771, 117]
[496, 735, 278]
[534, 801, 44]
[469, 767, 214]
[516, 111, -137]
[529, 90, -144]
[537, 89, -144]
[544, 88, -144]
[511, 93, -130]
[507, 93, -130]
[502, 94, -131]
[562, 95, -123]
[508, 101, -62]
[535, 127, -125]
[511, 129, -107]
[635, 198, -121]
[481, 193, 3]
[521, 307, -122]
[470, 274, 7]
[389, 275, -67]
[486, 273, -64]
[344, 281, -73]
[493, 281, -76]
[358, 254, -68]
[486, 264, -79]
[374, 254, -60]
[490, 264, -68]
[579, 457, -25]
[490, 451, 26]
[566, 613, 12]
[482, 594, 125]
[554, 754, 116]
[489, 730, 255]
[555, 774, 126]
[497, 750, 267]
[532, 804, 59]
[469, 779, 209]
[517, 112, -138]
[530, 90, -145]
[538, 89, -145]
[546, 89, -145]
[511, 93, -129]
[507, 93, -129]
[502, 94, -130]
[563, 95, -125]
[509, 101, -54]
[536, 128, -127]
[512, 129, -106]
[634, 196, -132]
[481, 190, 6]
[510, 285, -123]
[465, 270, 12]
[378, 251, -95]
[420, 275, -102]
[333, 257, -109]
[422, 291, -121]
[347, 233, -106]
[417, 276, -138]
[363, 231, -91]
[436, 273, -114]
[580, 453, -25]
[489, 451, 25]
[565, 615, 4]
[482, 596, 116]
[557, 756, 119]
[490, 737, 251]
[560, 776, 129]
[497, 754, 263]
[535, 805, 61]
[475, 789, 193]
[519, 112, -145]
[532, 91, -148]
[540, 90, -148]
[548, 89, -148]
[513, 93, -134]
[508, 94, -134]
[503, 94, -134]
[565, 96, -128]
[509, 102, -55]
[538, 128, -131]
[514, 130, -111]
[633, 195, -149]
[482, 190, 7]
[502, 282, -157]
[462, 269, -28]
[368, 251, -133]
[412, 277, -196]
[323, 258, -152]
[405, 288, -223]
[337, 234, -150]
[401, 272, -236]
[353, 233, -129]
[415, 271, -208]
[582, 451, -26]
[490, 452, 26]
[568, 618, 0]
[482, 607, 122]
[561, 759, 126]
[492, 752, 269]
[564, 780, 136]
[499, 772, 282]
[538, 809, 62]
[478, 805, 211]
[518, 115, -117]
[531, 93, -125]
[540, 93, -125]
[548, 93, -125]
[512, 95, -107]
[508, 95, -107]
[504, 95, -107]
[565, 98, -114]
[511, 102, -28]
[537, 130, -108]
[513, 131, -84]
[633, 194, -113]
[484, 191, 20]
[572, 288, -167]
[453, 272, 0]
[407, 239, -203]
[384, 254, -140]
[371, 237, -219]
[366, 275, -162]
[366, 215, -208]
[371, 262, -172]
[391, 216, -197]
[387, 261, -150]
[581, 451, -24]
[491, 449, 24]
[567, 618, -11]
[482, 610, 77]
[560, 760, 122]
[490, 761, 193]
[564, 781, 134]
[497, 780, 204]
[537, 809, 62]
[478, 816, 129]
[521, 117, -142]
[535, 95, -140]
[544, 95, -140]
[552, 95, -140]
[514, 96, -127]
[509, 96, -127]
[505, 96, -127]
[567, 101, -118]
[511, 102, -30]
[540, 132, -123]
[515, 133, -106]
[631, 206, -96]
[483, 198, 15]
[618, 312, -176]
[439, 282, -4]
[573, 224, -270]
[365, 242, -138]
[547, 208, -289]
[343, 235, -154]
[562, 197, -278]
[341, 220, -165]
[565, 203, -265]
[356, 226, -147]
[581, 463, -21]
[491, 464, 21]
[568, 633, 11]
[482, 628, 100]
[560, 773, 162]
[488, 774, 257]
[563, 793, 174]
[492, 793, 272]
[540, 824, 93]
[476, 831, 187]
[521, 120, -154]
[535, 97, -160]
[543, 97, -160]
[551, 97, -160]
[515, 98, -140]
[510, 98, -140]
[505, 98, -140]
[568, 104, -146]
[510, 104, -44]
[539, 135, -145]
[515, 135, -119]
[633, 209, -117]
[482, 208, 14]
[627, 327, -190]
[434, 298, 2]
[594, 221, -240]
[356, 235, -132]
[573, 200, -254]
[332, 221, -144]
[581, 187, -243]
[337, 205, -155]
[584, 196, -233]
[348, 210, -142]
[581, 475, -26]
[491, 473, 26]
[563, 647, 6]
[478, 639, 140]
[555, 793, 151]
[475, 788, 300]
[559, 816, 163]
[478, 811, 315]
[532, 842, 82]
[460, 841, 234]
[520, 121, -163]
[534, 99, -168]
[543, 99, -168]
[550, 99, -168]
[515, 99, -149]
[509, 98, -149]
[504, 98, -149]
[567, 106, -143]
[505, 104, -51]
[536, 135, -151]
[514, 135, -126]
[630, 207, -116]
[477, 207, 9]
[638, 326, -193]
[425, 301, -38]
[601, 211, -257]
[353, 223, -207]
[582, 185, -273]
[329, 202, -225]
[591, 172, -255]
[337, 187, -232]
[593, 182, -249]
[346, 195, -215]
[581, 473, -27]
[490, 471, 28]
[560, 643, 5]
[469, 635, 153]
[548, 788, 147]
[465, 783, 320]
[551, 810, 158]
[468, 805, 336]
[526, 838, 80]
[450, 835, 255]
[519, 122, -166]
[533, 100, -171]
[542, 100, -171]
[549, 100, -171]
[514, 100, -152]
[508, 99, -152]
[503, 99, -152]
[567, 106, -143]
[504, 105, -54]
[536, 135, -153]
[513, 135, -129]
[630, 206, -115]
[475, 206, 8]
[641, 326, -191]
[423, 302, -37]
[600, 210, -257]
[353, 220, -202]
[581, 184, -272]
[331, 199, -221]
[591, 171, -255]
[338, 186, -227]
[594, 181, -249]
[346, 193, -211]
[581, 471, -27]
[489, 469, 28]
[560, 641, 3]
[468, 633, 139]
[549, 787, 149]
[465, 781, 302]
[551, 809, 161]
[467, 803, 318]
[527, 839, 75]
[452, 833, 235]
[518, 126, -159]
[532, 104, -168]
[541, 103, -168]
[549, 103, -168]
[511, 103, -148]
[506, 102, -148]
[500, 101, -148]
[567, 107, -143]
[502, 105, -54]
[534, 137, -148]
[511, 137, -121]
[629, 201, -111]
[474, 206, 11]
[641, 326, -184]
[420, 305, -32]
[590, 204, -239]
[356, 219, -192]
[571, 175, -255]
[336, 196, -208]
[580, 163, -246]
[342, 182, -212]
[582, 174, -232]
[350, 190, -199]
[580, 471, -28]
[489, 469, 28]
[560, 641, -5]
[470, 632, 146]
[550, 787, 103]
[468, 780, 299]
[553, 809, 110]
[469, 803, 314]
[527, 838, 24]
[452, 831, 238]
[514, 127, -149]
[527, 104, -161]
[536, 103, -161]
[545, 103, -161]
[507, 105, -139]
[501, 103, -139]
[495, 103, -139]
[566, 107, -145]
[497, 107, -49]
[529, 138, -141]
[508, 139, -112]
[629, 197, -112]
[471, 205, 19]
[642, 326, -181]
[414, 304, -2]
[591, 192, -208]
[357, 215, -111]
[579, 163, -214]
[338, 190, -117]
[588, 153, -194]
[344, 176, -118]
[588, 163, -197]
[352, 186, -115]
[580, 471, -29]
[488, 471, 30]
[564, 642, -9]
[475, 636, 142]
[561, 795, 101]
[475, 791, 268]
[566, 819, 109]
[476, 814, 280]
[537, 847, 20]
[465, 843, 199]
[514, 124, -146]
[527, 102, -155]
[536, 101, -155]
[545, 102, -155]
[507, 102, -136]
[501, 100, -136]
[495, 100, -136]
[565, 106, -131]
[496, 104, -48]
[529, 136, -133]
[508, 136, -109]
[618, 190, -104]
[470, 201, 21]
[634, 322, -141]
[414, 303, -26]
[525, 212, -129]
[358, 213, -185]
[492, 188, -133]
[339, 193, -204]
[510, 171, -115]
[348, 179, -201]
[514, 180, -118]
[357, 187, -189]
[580, 462, -27]
[486, 468, 27]
[565, 639, -1]
[476, 636, 124]
[563, 794, 110]
[476, 788, 248]
[567, 816, 120]
[477, 811, 260]
[542, 844, 33]
[465, 841, 178]
[512, 124, -166]
[524, 102, -170]
[533, 101, -170]
[542, 101, -170]
[504, 101, -158]
[498, 100, -158]
[493, 99, -158]
[557, 106, -129]
[493, 103, -69]
[526, 135, -143]
[505, 135, -129]
[601, 189, -107]
[469, 201, 8]
[587, 314, -114]
[414, 298, -69]
[486, 230, -90]
[371, 210, -267]
[452, 222, -95]
[357, 191, -293]
[463, 199, -86]
[364, 179, -294]
[469, 203, -82]
[375, 187, -273]
[577, 461, -27]
[485, 467, 28]
[565, 628, 0]
[475, 630, 156]
[563, 777, 109]
[476, 780, 315]
[567, 798, 117]
[480, 802, 330]
[542, 833, 34]
[461, 830, 259]
[512, 128, -169]
[524, 106, -173]
[532, 105, -173]
[541, 106, -173]
[504, 105, -160]
[498, 103, -160]
[493, 102, -160]
[556, 108, -128]
[492, 104, -67]
[525, 138, -145]
[504, 138, -130]
[603, 193, -91]
[466, 202, 3]
[588, 315, -131]
[413, 299, -93]
[581, 216, -183]
[367, 207, -300]
[569, 189, -194]
[357, 193, -326]
[582, 174, -183]
[357, 174, -326]
[575, 184, -178]
[369, 185, -307]
[576, 466, -23]
[484, 473, 24]
[565, 631, 7]
[473, 633, 145]
[563, 782, 111]
[476, 785, 298]
[567, 802, 118]
[480, 807, 313]
[542, 839, 37]
[463, 840, 235]
[508, 127, -155]
[519, 105, -162]
[528, 105, -162]
[536, 105, -162]
[499, 105, -145]
[493, 103, -145]
[488, 102, -145]
[552, 108, -125]
[487, 105, -47]
[522, 138, -136]
[501, 138, -115]
[606, 192, -84]
[463, 202, 9]
[600, 314, -137]
[407, 304, -85]
[605, 189, -169]
[366, 205, -282]
[593, 145, -175]
[357, 181, -306]
[610, 153, -161]
[357, 169, -300]
[610, 160, -162]
[369, 179, -286]
[577, 466, -22]
[482, 473, 22]
[565, 636, 3]
[473, 638, 123]
[563, 789, 101]
[478, 794, 262]
[567, 809, 107]
[480, 816, 276]
[543, 846, 14]
[471, 851, 186]
[498, 127, -161]
[510, 105, -169]
[519, 105, -169]
[528, 105, -169]
[491, 104, -150]
[486, 102, -150]
[481, 101, -150]
[548, 107, -141]
[485, 105, -54]
[514, 138, -146]
[494, 138, -121]
[605, 194, -105]
[462, 202, 6]
[603, 333, -176]
[400, 302, -60]
[590, 196, -217]
[374, 202, -254]
[571, 164, -228]
[375, 175, -287]
[585, 153, -212]
[381, 168, -246]
[586, 165, -210]
[384, 179, -263]
[571, 467, -26]
[480, 472, 26]
[559, 635, 6]
[471, 638, 140]
[547, 782, 111]
[473, 786, 290]
[549, 801, 117]
[477, 806, 305]
[526, 842, 33]
[455, 841, 227]
[496, 125, -227]
[507, 102, -228]
[516, 101, -229]
[525, 102, -229]
[488, 101, -214]
[483, 100, -214]
[479, 99, -215]
[545, 106, -175]
[484, 103, -112]
[512, 137, -203]
[492, 137, -185]
[602, 195, -121]
[462, 202, -34]
[604, 349, -101]
[402, 302, -88]
[585, 397, -132]
[379, 206, -274]
[574, 418, -146]
[381, 183, -302]
[578, 402, -158]
[386, 171, -302]
[577, 393, -135]
[386, 181, -281]
[565, 466, -25]
[481, 470, 26]
[559, 628, 39]
[474, 629, 141]
[546, 768, 193]
[473, 771, 314]
[547, 784, 204]
[478, 789, 331]
[526, 827, 118]
[455, 825, 246]
[491, 117, -223]
[502, 93, -219]
[511, 92, -219]
[520, 92, -219]
[484, 94, -208]
[479, 94, -208]
[474, 94, -208]
[541, 98, -166]
[480, 99, -98]
[507, 131, -193]
[488, 132, -179]
[597, 188, -81]
[457, 202, -28]
[608, 334, -43]
[401, 302, -116]
[600, 371, -84]
[383, 209, -332]
[596, 391, -97]
[387, 184, -366]
[594, 376, -111]
[390, 174, -367]
[589, 368, -88]
[397, 184, -338]
[564, 460, -19]
[481, 466, 20]
[561, 620, 41]
[482, 622, 122]
[546, 762, 193]
[481, 767, 307]
[548, 780, 203]
[483, 786, 320]
[531, 820, 116]
[472, 820, 228]
[489, 116, -220]
[501, 92, -221]
[509, 91, -221]
[518, 91, -221]
[483, 93, -207]
[478, 93, -207]
[474, 92, -207]
[539, 96, -169]
[480, 98, -106]
[506, 130, -197]
[487, 131, -179]
[599, 190, -108]
[455, 202, -36]
[615, 336, -87]
[401, 301, -99]
[602, 419, -125]
[382, 208, -294]
[588, 435, -139]
[385, 188, -323]
[593, 430, -138]
[385, 173, -326]
[588, 419, -126]
[395, 184, -301]
[564, 460, -20]
[481, 466, 21]
[561, 621, 38]
[482, 622, 123]
[549, 764, 193]
[483, 767, 303]
[551, 783, 204]
[486, 787, 319]
[536, 822, 112]
[473, 820, 227]
[483, 115, -183]
[495, 91, -190]
[503, 90, -190]
[512, 89, -190]
[478, 92, -169]
[474, 92, -169]
[470, 91, -170]
[537, 95, -166]
[478, 97, -70]
[499, 130, -169]
[481, 131, -143]
[598, 191, -125]
[453, 202, 2]
[591, 342, -180]
[400, 299, -85]
[520, 286, -213]
[378, 208, -295]
[492, 267, -228]
[383, 189, -325]
[507, 244, -216]
[382, 173, -320]
[510, 251, -206]
[393, 185, -300]
[563, 464, -29]
[479, 468, 29]
[561, 632, 35]
[481, 637, 133]
[550, 779, 192]
[483, 789, 298]
[551, 798, 199]
[486, 811, 310]
[534, 836, 93]
[467, 841, 218]
[483, 115, -166]
[495, 90, -176]
[503, 89, -176]
[512, 88, -176]
[478, 92, -152]
[473, 91, -152]
[469, 91, -153]
[536, 94, -160]
[477, 97, -54]
[500, 130, -157]
[481, 131, -126]
[598, 192, -157]
[453, 202, 21]
[545, 340, -190]
[400, 296, -83]
[459, 232, -149]
[375, 209, -282]
[426, 207, -155]
[384, 192, -309]
[446, 186, -140]
[386, 173, -304]
[453, 196, -137]
[395, 186, -287]
[563, 466, -41]
[479, 471, 42]
[561, 640, 21]
[480, 643, 176]
[550, 789, 179]
[482, 797, 350]
[552, 809, 184]
[486, 821, 366]
[532, 847, 88]
[458, 847, 286]
