[443, 111, -270]
[455, 93, -253]
[461, 94, -253]
[468, 96, -253]
[433, 90, -257]
[424, 90, -257]
[417, 90, -257]
[478, 107, -139]
[404, 99, -156]
[455, 133, -226]
[425, 131, -231]
[528, 225, -78]
[342, 214, -92]
[553, 374, -29]
[313, 365, -53]
[565, 505, -128]
[306, 494, -159]
[577, 538, -156]
[304, 528, -184]
[562, 543, -185]
[316, 529, -219]
[555, 528, -142]
[321, 515, -174]
[494, 510, -12]
[371, 506, 13]
[488, 715, 18]
[374, 715, 56]
[482, 902, 216]
[374, 907, 217]
[484, 927, 230]
[374, 936, 230]
[462, 970, 107]
[378, 966, 94]
[443, 110, -290]
[455, 92, -273]
[461, 93, -273]
[468, 95, -273]
[433, 90, -276]
[424, 89, -276]
[417, 89, -277]
[478, 106, -155]
[403, 98, -169]
[455, 133, -244]
[425, 131, -248]
[528, 225, -87]
[342, 214, -96]
[553, 374, -36]
[313, 365, -54]
[565, 505, -134]
[306, 493, -162]
[577, 537, -163]
[303, 527, -188]
[562, 542, -191]
[316, 528, -224]
[555, 528, -147]
[321, 514, -178]
[495, 510, -13]
[371, 507, 13]
[488, 716, 14]
[374, 716, 53]
[482, 903, 214]
[374, 909, 207]
[484, 929, 227]
[374, 939, 219]
[462, 972, 104]
[378, 968, 79]
[443, 110, -281]
[455, 92, -265]
[461, 93, -265]
[468, 95, -265]
[433, 90, -268]
[424, 89, -268]
[417, 89, -268]
[478, 106, -149]
[403, 98, -164]
[455, 133, -237]
[425, 131, -241]
[528, 224, -83]
[342, 214, -92]
[553, 373, -35]
[313, 365, -53]
[565, 503, -134]
[306, 493, -158]
[577, 536, -163]
[303, 528, -184]
[563, 541, -192]
[315, 529, -220]
[556, 527, -148]
[319, 515, -173]
[495, 510, -13]
[371, 507, 14]
[488, 716, 14]
[374, 716, 49]
[482, 903, 212]
[374, 909, 202]
[484, 928, 226]
[373, 938, 213]
[462, 972, 102]
[378, 968, 75]
[443, 110, -276]
[455, 92, -260]
[461, 93, -260]
[468, 94, -261]
[433, 90, -264]
[424, 89, -264]
[417, 89, -264]
[478, 105, -146]
[403, 98, -160]
[455, 133, -233]
[425, 131, -236]
[528, 224, -81]
[342, 213, -89]
[553, 373, -35]
[313, 365, -49]
[565, 503, -136]
[305, 493, -153]
[577, 535, -165]
[302, 528, -180]
[563, 540, -195]
[314, 529, -216]
[556, 526, -150]
[319, 515, -169]
[495, 510, -13]
[371, 507, 14]
[488, 716, 13]
[373, 716, 49]
[482, 903, 215]
[373, 909, 197]
[483, 928, 228]
[372, 938, 207]
[462, 972, 103]
[378, 968, 62]
[443, 110, -288]
[455, 92, -272]
[461, 93, -272]
[468, 94, -272]
[433, 90, -275]
[424, 89, -275]
[417, 89, -275]
[478, 105, -158]
[403, 98, -170]
[455, 133, -244]
[425, 131, -248]
[528, 224, -91]
[342, 213, -94]
[553, 373, -42]
[313, 365, -50]
[565, 503, -138]
[302, 492, -153]
[578, 536, -167]
[298, 526, -179]
[563, 541, -197]
[310, 528, -216]
[556, 527, -152]
[314, 514, -169]
[495, 510, -13]
[371, 507, 13]
[488, 717, 0]
[372, 717, 24]
[481, 904, 195]
[372, 910, 157]
[482, 929, 208]
[372, 938, 164]
[462, 972, 82]
[378, 970, 18]
[443, 110, -266]
[455, 92, -250]
[461, 93, -250]
[468, 94, -250]
[433, 90, -253]
[424, 89, -253]
[417, 89, -254]
[477, 105, -136]
[403, 98, -150]
[455, 133, -221]
[425, 131, -225]
[528, 223, -67]
[342, 213, -86]
[553, 371, -19]
[313, 364, -51]
[565, 501, -120]
[301, 491, -156]
[578, 532, -148]
[296, 526, -181]
[564, 536, -180]
[309, 529, -218]
[557, 523, -135]
[313, 515, -172]
[495, 510, -12]
[371, 506, 12]
[486, 716, 3]
[371, 716, 44]
[481, 900, 214]
[372, 904, 216]
[482, 925, 229]
[372, 933, 228]
[462, 968, 107]
[379, 965, 90]
[443, 110, -260]
[455, 92, -244]
[460, 93, -244]
[467, 95, -244]
[433, 90, -247]
[424, 89, -247]
[417, 89, -247]
[477, 105, -130]
[403, 98, -144]
[455, 133, -216]
[425, 131, -220]
[528, 223, -64]
[342, 213, -77]
[553, 365, -23]
[313, 362, -49]
[566, 489, -139]
[301, 485, -156]
[578, 513, -173]
[296, 516, -183]
[566, 515, -207]
[309, 518, -219]
[559, 507, -156]
[312, 508, -172]
[495, 510, -9]
[371, 506, 10]
[486, 715, 2]
[371, 714, 25]
[480, 897, 212]
[372, 902, 176]
[481, 921, 227]
[371, 929, 186]
[462, 963, 106]
[379, 962, 47]
[443, 110, -262]
[455, 92, -245]
[460, 93, -246]
[467, 95, -246]
[433, 90, -248]
[424, 89, -248]
[417, 89, -248]
[477, 105, -131]
[404, 98, -144]
[455, 133, -217]
[425, 131, -220]
[528, 222, -61]
[343, 212, -68]
[553, 358, -21]
[312, 355, -36]
[568, 475, -155]
[301, 474, -155]
[580, 501, -193]
[296, 500, -184]
[570, 501, -229]
[305, 501, -219]
[563, 492, -173]
[310, 493, -172]
[493, 503, -9]
[371, 499, 10]
[484, 709, -20]
[371, 706, 15]
[476, 890, 185]
[370, 894, 164]
[477, 914, 199]
[370, 921, 174]
[460, 954, 72]
[377, 952, 27]
[442, 110, -262]
[455, 92, -245]
[460, 93, -246]
[467, 95, -246]
[433, 90, -248]
[424, 89, -248]
[417, 89, -249]
[477, 105, -131]
[404, 98, -144]
[455, 133, -217]
[425, 131, -220]
[527, 222, -53]
[344, 211, -70]
[553, 357, -11]
[312, 351, -40]
[569, 469, -152]
[299, 465, -156]
[581, 490, -188]
[289, 492, -186]
[574, 492, -223]
[300, 493, -221]
[565, 485, -170]
[307, 485, -172]
[491, 500, -2]
[371, 493, 2]
[478, 707, -13]
[368, 701, -2]
[469, 886, 190]
[365, 889, 139]
[468, 909, 204]
[364, 915, 147]
[455, 948, 79]
[373, 948, 0]
[442, 111, -270]
[454, 92, -254]
[460, 93, -254]
[466, 95, -254]
[432, 90, -256]
[424, 89, -256]
[416, 89, -256]
[476, 105, -135]
[403, 99, -147]
[455, 133, -224]
[425, 131, -227]
[527, 221, -54]
[344, 211, -67]
[553, 353, -20]
[311, 346, -38]
[570, 457, -178]
[292, 455, -160]
[583, 481, -217]
[282, 488, -193]
[577, 478, -255]
[291, 481, -232]
[568, 471, -197]
[300, 475, -179]
[491, 500, -1]
[370, 494, 1]
[477, 705, -13]
[368, 698, 0]
[469, 881, 190]
[365, 886, 150]
[467, 904, 203]
[364, 911, 159]
[455, 943, 74]
[373, 944, 10]
[442, 111, -278]
[454, 92, -262]
[460, 93, -262]
[466, 95, -262]
[432, 90, -263]
[424, 90, -263]
[416, 90, -264]
[476, 106, -142]
[403, 100, -150]
[455, 133, -231]
[425, 131, -233]
[527, 221, -67]
[344, 211, -65]
[553, 350, -35]
[310, 345, -39]
[570, 448, -180]
[288, 440, -189]
[583, 475, -216]
[277, 476, -222]
[578, 468, -253]
[287, 465, -257]
[568, 459, -197]
[296, 457, -207]
[491, 501, -2]
[370, 496, 2]
[477, 706, -12]
[368, 699, 14]
[470, 882, 196]
[367, 887, 204]
[468, 905, 211]
[366, 913, 216]
[458, 945, 74]
[375, 945, 65]
[442, 111, -277]
[454, 93, -261]
[460, 94, -261]
[466, 95, -261]
[432, 90, -262]
[424, 90, -262]
[416, 90, -262]
[476, 106, -142]
[403, 100, -146]
[455, 133, -230]
[425, 131, -233]
[527, 221, -67]
[344, 211, -54]
[554, 351, -41]
[310, 346, -51]
[573, 443, -193]
[277, 422, -247]
[585, 470, -232]
[260, 456, -286]
[580, 460, -269]
[267, 443, -323]
[570, 451, -211]
[280, 438, -267]
[491, 503, -2]
[370, 497, 3]
[477, 709, -15]
[368, 701, 16]
[470, 883, 196]
[367, 887, 199]
[468, 907, 211]
[366, 914, 210]
[458, 946, 77]
[375, 948, 58]
[442, 111, -270]
[454, 93, -254]
[460, 94, -254]
[466, 95, -254]
[432, 91, -254]
[424, 90, -254]
[416, 90, -255]
[476, 107, -135]
[403, 101, -137]
[455, 133, -224]
[425, 131, -225]
[527, 223, -67]
[344, 211, -48]
[559, 352, -44]
[309, 347, -91]
[574, 436, -186]
[273, 402, -334]
[584, 466, -222]
[254, 431, -379]
[580, 447, -257]
[265, 417, -410]
[569, 432, -202]
[274, 406, -354]
[491, 504, -2]
[368, 499, 3]
[477, 709, -14]
[368, 703, 30]
[471, 883, 177]
[367, 888, 200]
[470, 907, 189]
[366, 914, 210]
[459, 947, 57]
[375, 948, 62]
[442, 112, -291]
[454, 94, -276]
[460, 95, -276]
[466, 96, -276]
[432, 91, -275]
[424, 91, -275]
[416, 91, -275]
[476, 108, -150]
[404, 102, -145]
[455, 134, -243]
[425, 132, -243]
[527, 223, -77]
[345, 212, -49]
[566, 352, -111]
[304, 350, -133]
[581, 396, -318]
[276, 360, -437]
[587, 417, -363]
[259, 367, -487]
[584, 396, -385]
[270, 345, -507]
[566, 387, -331]
[277, 343, -452]
[491, 505, -5]
[368, 502, 6]
[480, 709, -27]
[366, 704, 37]
[474, 885, 165]
[366, 889, 204]
[474, 908, 176]
[366, 915, 214]
[459, 948, 40]
[375, 948, 65]
[442, 112, -298]
[454, 94, -282]
[460, 96, -282]
[466, 97, -282]
[432, 91, -282]
[424, 91, -282]
[416, 91, -282]
[475, 108, -154]
[404, 102, -150]
[455, 134, -248]
[425, 132, -248]
[525, 223, -77]
[345, 212, -52]
[570, 353, -112]
[297, 350, -190]
[589, 363, -306]
[277, 296, -506]
[592, 370, -341]
[262, 284, -554]
[592, 350, -353]
[273, 254, -562]
[582, 348, -314]
[281, 261, -516]
[491, 506, -6]
[368, 504, 6]
[485, 710, -24]
[366, 707, 68]
[483, 891, 150]
[368, 892, 246]
[485, 915, 160]
[367, 917, 258]
[465, 954, 23]
[378, 954, 113]
[443, 113, -276]
[454, 95, -257]
[460, 96, -257]
[466, 98, -256]
[433, 91, -258]
[424, 91, -258]
[417, 91, -259]
[475, 109, -120]
[404, 102, -128]
[455, 134, -224]
[426, 132, -226]
[524, 222, -20]
[345, 211, -54]
[572, 348, -62]
[291, 349, -208]
[621, 329, -251]
[336, 291, -481]
[633, 326, -297]
[354, 283, -523]
[638, 309, -297]
[359, 256, -520]
[626, 313, -271]
[357, 262, -484]
[491, 506, -2]
[368, 506, 3]
[487, 710, -32]
[366, 708, 59]
[489, 892, 124]
[371, 894, 222]
[491, 916, 133]
[370, 917, 233]
[476, 956, -1]
[385, 958, 85]
[443, 113, -284]
[454, 95, -267]
[460, 97, -267]
[466, 99, -267]
[433, 92, -266]
[424, 91, -265]
[417, 91, -266]
[475, 110, -135]
[404, 102, -132]
[455, 135, -233]
[426, 132, -231]
[524, 222, -40]
[345, 209, -40]
[571, 339, -159]
[287, 333, -175]
[587, 293, -367]
[323, 288, -373]
[576, 282, -403]
[330, 280, -384]
[577, 264, -397]
[336, 260, -360]
[574, 270, -369]
[339, 265, -352]
[491, 506, -11]
[367, 507, 12]
[487, 710, -29]
[366, 709, 69]
[488, 892, 147]
[374, 894, 247]
[489, 916, 158]
[375, 917, 260]
[476, 956, 24]
[385, 958, 111]
[443, 114, -251]
[454, 96, -236]
[460, 98, -236]
[466, 100, -236]
[433, 92, -234]
[425, 91, -234]
[417, 91, -234]
[475, 111, -115]
[404, 102, -109]
[455, 136, -205]
[426, 133, -203]
[523, 221, -42]
[345, 208, -13]
[571, 329, -146]
[283, 306, -31]
[586, 285, -372]
[316, 284, -140]
[578, 278, -412]
[322, 285, -157]
[575, 261, -414]
[328, 266, -156]
[571, 264, -378]
[337, 268, -140]
[491, 506, -13]
[367, 506, 14]
[487, 709, -26]
[367, 708, 60]
[487, 889, 155]
[376, 893, 231]
[488, 912, 166]
[377, 915, 243]
[475, 954, 33]
[386, 956, 96]
[443, 115, -222]
[454, 97, -208]
[460, 99, -208]
[466, 101, -208]
[433, 93, -207]
[425, 92, -207]
[417, 92, -207]
[476, 112, -96]
[404, 102, -92]
[455, 137, -180]
[426, 134, -179]
[523, 221, -33]
[346, 208, -20]
[566, 331, -141]
[284, 309, -148]
[573, 270, -356]
[311, 277, -404]
[579, 243, -391]
[318, 265, -442]
[584, 226, -389]
[316, 248, -436]
[577, 235, -360]
[336, 253, -407]
[491, 506, -8]
[368, 506, 9]
[487, 707, -20]
[368, 706, 55]
[487, 889, 135]
[377, 892, 186]
[488, 911, 143]
[377, 914, 195]
[474, 954, 16]
[387, 955, 58]
[443, 115, -240]
[454, 97, -226]
[460, 99, -226]
[466, 101, -226]
[433, 93, -225]
[425, 92, -225]
[417, 92, -225]
[476, 112, -108]
[404, 103, -104]
[455, 138, -196]
[426, 135, -196]
[522, 221, -29]
[347, 209, -27]
[566, 334, -120]
[286, 322, -176]
[638, 250, -319]
[297, 264, -441]
[653, 227, -351]
[281, 246, -478]
[655, 214, -359]
[283, 229, -475]
[643, 224, -325]
[300, 240, -446]
[491, 506, -6]
[369, 506, 7]
[487, 707, -26]
[370, 706, 53]
[486, 890, 108]
[377, 892, 180]
[488, 912, 114]
[376, 914, 189]
[473, 955, -14]
[387, 955, 51]
[443, 115, -200]
[454, 98, -185]
[460, 99, -185]
[466, 101, -185]
[433, 93, -183]
[425, 92, -183]
[417, 92, -183]
[475, 112, -80]
[404, 103, -72]
[455, 138, -162]
[426, 135, -160]
[522, 222, -28]
[347, 209, -14]
[565, 342, -146]
[286, 328, -164]
[589, 242, -350]
[289, 255, -437]
[614, 222, -384]
[272, 235, -477]
[619, 206, -376]
[277, 220, -473]
[612, 216, -351]
[289, 229, -442]
[491, 507, -6]
[369, 507, 7]
[487, 707, -26]
[370, 707, 45]
[484, 893, 95]
[377, 893, 150]
[487, 914, 101]
[376, 915, 157]
[465, 957, -17]
[386, 955, 29]
[443, 116, -191]
[454, 98, -175]
[460, 100, -175]
[466, 101, -175]
[433, 93, -173]
[425, 93, -173]
[417, 93, -173]
[474, 113, -70]
[404, 104, -59]
[454, 138, -153]
[426, 135, -150]
[522, 222, -27]
[347, 211, -2]
[565, 350, -163]
[286, 337, -150]
[572, 233, -370]
[285, 249, -416]
[575, 202, -406]
[272, 229, -458]
[575, 187, -395]
[277, 218, -453]
[564, 206, -370]
[287, 226, -422]
[491, 508, -6]
[370, 507, 6]
[487, 708, -24]
[370, 707, 25]
[483, 896, 95]
[375, 896, 111]
[486, 917, 100]
[373, 919, 115]
[462, 959, -19]
[385, 958, -14]
[442, 116, -192]
[454, 98, -175]
[459, 100, -175]
[465, 101, -175]
[433, 94, -173]
[424, 93, -172]
[417, 93, -173]
[473, 113, -67]
[404, 105, -55]
[454, 138, -153]
[426, 135, -150]
[524, 223, -28]
[347, 213, 4]
[565, 361, -177]
[287, 339, -147]
[563, 233, -382]
[285, 243, -404]
[562, 204, -418]
[275, 222, -444]
[559, 190, -403]
[280, 211, -438]
[554, 206, -380]
[287, 221, -409]
[491, 509, -6]
[370, 508, 7]
[487, 710, -22]
[369, 709, 26]
[482, 897, 104]
[373, 898, 126]
[485, 918, 110]
[371, 920, 131]
[460, 959, -15]
[382, 958, -4]
[442, 116, -207]
[453, 98, -190]
[459, 100, -190]
[464, 101, -190]
[433, 94, -188]
[424, 93, -188]
[417, 93, -188]
[473, 112, -76]
[404, 105, -67]
[454, 138, -166]
[426, 135, -163]
[524, 224, -27]
[347, 213, -2]
[564, 366, -157]
[287, 342, -149]
[562, 236, -354]
[290, 244, -408]
[560, 208, -389]
[283, 221, -450]
[558, 195, -382]
[282, 209, -442]
[553, 210, -355]
[288, 221, -413]
[491, 510, -6]
[371, 508, 7]
[486, 712, -21]
[367, 711, 19]
[481, 898, 112]
[373, 899, 131]
[485, 919, 119]
[371, 921, 138]
[460, 960, -5]
[382, 959, -3]
[442, 115, -230]
[453, 97, -208]
[459, 99, -208]
[464, 101, -208]
[432, 94, -205]
[424, 93, -205]
[417, 93, -205]
[473, 112, -76]
[404, 105, -76]
[454, 138, -185]
[426, 135, -181]
[527, 225, -44]
[346, 215, -5]
[563, 368, -202]
[288, 344, -148]
[559, 232, -417]
[293, 244, -396]
[555, 203, -456]
[288, 221, -436]
[553, 191, -444]
[282, 213, -434]
[550, 206, -417]
[295, 222, -403]
[491, 512, -7]
[370, 509, 8]
[486, 721, -21]
[362, 717, 23]
[481, 906, 143]
[368, 906, 143]
[485, 930, 153]
[366, 931, 149]
[460, 969, 13]
[378, 967, 10]
[441, 114, -239]
[453, 96, -218]
[459, 98, -218]
[464, 99, -218]
[432, 93, -215]
[424, 93, -215]
[416, 93, -215]
[473, 111, -83]
[404, 105, -76]
[454, 137, -193]
[425, 134, -191]
[528, 225, -49]
[344, 216, -9]
[561, 369, -200]
[288, 347, -149]
[556, 235, -418]
[291, 242, -401]
[552, 207, -457]
[285, 218, -441]
[551, 194, -447]
[281, 210, -437]
[548, 209, -419]
[294, 219, -407]
[491, 514, -7]
[369, 511, 8]
[485, 724, -20]
[358, 720, 30]
[481, 910, 149]
[365, 910, 181]
[485, 935, 160]
[363, 935, 190]
[460, 973, 19]
[376, 971, 39]
[441, 113, -245]
[453, 95, -224]
[459, 97, -224]
[464, 98, -224]
[432, 92, -221]
[423, 92, -222]
[416, 92, -222]
[473, 110, -87]
[403, 104, -78]
[453, 136, -199]
[425, 133, -197]
[529, 225, -50]
[343, 216, -9]
[560, 370, -205]
[288, 346, -158]
[557, 244, -439]
[289, 242, -410]
[554, 216, -479]
[281, 221, -449]
[555, 205, -470]
[277, 208, -442]
[550, 217, -441]
[293, 221, -415]
[490, 515, -7]
[368, 512, 8]
[485, 726, -23]
[355, 722, 44]
[481, 913, 147]
[360, 913, 215]
[485, 939, 157]
[359, 939, 226]
[460, 977, 18]
[373, 975, 71]
[441, 112, -247]
[453, 94, -227]
[458, 96, -227]
[464, 97, -227]
[431, 91, -224]
[423, 91, -224]
[416, 91, -225]
[472, 109, -96]
[403, 103, -80]
[453, 135, -202]
[425, 133, -199]
[530, 225, -55]
[342, 216, -10]
[559, 374, -211]
[288, 344, -162]
[552, 247, -437]
[288, 240, -421]
[550, 217, -475]
[281, 218, -461]
[552, 206, -464]
[278, 205, -453]
[547, 219, -437]
[288, 218, -426]
[490, 516, -8]
[367, 513, 9]
[483, 729, -25]
[352, 724, 53]
[481, 917, 148]
[358, 915, 229]
[485, 943, 158]
[356, 942, 241]
[460, 981, 17]
[371, 977, 87]
[440, 112, -244]
[452, 94, -225]
[458, 95, -225]
[464, 97, -225]
[431, 91, -221]
[422, 91, -221]
[415, 91, -221]
[472, 109, -96]
[403, 102, -82]
[453, 135, -200]
[424, 132, -196]
[530, 225, -54]
[342, 216, -11]
[558, 373, -201]
[290, 344, -166]
[551, 250, -420]
[291, 242, -435]
[547, 223, -456]
[288, 221, -475]
[547, 211, -446]
[286, 208, -466]
[543, 223, -420]
[291, 221, -439]
[490, 516, -9]
[366, 513, 10]
[483, 728, -29]
[353, 724, 54]
[481, 915, 131]
[359, 914, 214]
[484, 941, 140]
[357, 941, 225]
[459, 979, -1]
[371, 976, 76]
[440, 112, -282]
[452, 93, -261]
[458, 95, -261]
[464, 97, -261]
[430, 91, -258]
[422, 90, -258]
[415, 91, -258]
[472, 109, -129]
[402, 101, -113]
[453, 135, -234]
[424, 132, -230]
[529, 225, -72]
[341, 215, -18]
[558, 357, -216]
[291, 348, -98]
[593, 251, -467]
[296, 246, -294]
[636, 226, -509]
[304, 258, -320]
[636, 212, -511]
[292, 213, -320]
[625, 225, -473]
[305, 221, -298]
[489, 515, -17]
[366, 512, 18]
[483, 727, -36]
[354, 723, 65]
[481, 915, 150]
[359, 911, 249]
[484, 939, 161]
[357, 937, 261]
[459, 978, 9]
[372, 976, 104]
[440, 112, -298]
[452, 93, -278]
[458, 95, -278]
[464, 97, -278]
[430, 91, -277]
[422, 90, -277]
[414, 91, -277]
[472, 108, -139]
[401, 101, -134]
[453, 135, -247]
[424, 132, -245]
[527, 222, -66]
[341, 212, -31]
[559, 313, -168]
[290, 341, -65]
[672, 251, -408]
[291, 246, -204]
[720, 245, -444]
[286, 247, -220]
[720, 236, -507]
[286, 216, -225]
[681, 226, -431]
[297, 237, -208]
[489, 514, -16]
[366, 511, 17]
[483, 725, -39]
[356, 723, 63]
[481, 912, 152]
[362, 911, 252]
[484, 936, 164]
[361, 936, 266]
[459, 978, 21]
[375, 975, 111]
[440, 111, -368]
[452, 93, -351]
[458, 94, -351]
[463, 96, -351]
[429, 90, -352]
[421, 90, -352]
[414, 90, -352]
[472, 108, -222]
[401, 101, -225]
[453, 135, -318]
[423, 132, -319]
[527, 223, -138]
[340, 212, -112]
[553, 348, -168]
[297, 354, -69]
[648, 394, -383]
[292, 476, -198]
[712, 409, -428]
[297, 531, -224]
[688, 392, -470]
[302, 521, -258]
[652, 386, -404]
[305, 491, -213]
[489, 513, -16]
[365, 511, 17]
[483, 729, -41]
[358, 728, 35]
[481, 916, 184]
[363, 921, 239]
[484, 940, 198]
[362, 947, 249]
[460, 985, 55]
[375, 988, 88]
[439, 110, -349]
[451, 92, -333]
[458, 93, -333]
[463, 95, -333]
[428, 89, -332]
[420, 89, -332]
[412, 89, -332]
[472, 106, -204]
[400, 100, -198]
[453, 134, -299]
[422, 132, -297]
[527, 224, -124]
[338, 212, -80]
[549, 358, -177]
[297, 353, -55]
[573, 371, -397]
[327, 409, -207]
[573, 377, -446]
[340, 439, -234]
[572, 354, -465]
[346, 417, -252]
[564, 352, -412]
[344, 404, -217]
[489, 513, -16]
[364, 511, 17]
[484, 729, -29]
[358, 729, 55]
[482, 915, 197]
[363, 921, 252]
[485, 939, 212]
[364, 947, 265]
[462, 985, 65]
[375, 990, 103]
[439, 110, -336]
[451, 91, -319]
[457, 93, -319]
[463, 94, -319]
[428, 89, -317]
[420, 89, -317]
[412, 89, -317]
[472, 106, -173]
[400, 100, -165]
[453, 134, -282]
[422, 132, -280]
[527, 223, -74]
[338, 209, -56]
[555, 342, -134]
[294, 334, -96]
[567, 338, -346]
[330, 321, -313]
[593, 342, -385]
[360, 367, -347]
[591, 322, -400]
[367, 333, -342]
[585, 322, -356]
[365, 326, -314]
[488, 513, -16]
[363, 511, 16]
[485, 728, -35]
[358, 728, 57]
[482, 913, 180]
[366, 920, 254]
[485, 936, 193]
[367, 945, 267]
[463, 985, 50]
[375, 989, 109]
[439, 109, -287]
[451, 91, -269]
[457, 92, -269]
[463, 94, -269]
[429, 88, -268]
[420, 88, -268]
[413, 89, -268]
[472, 105, -131]
[400, 99, -124]
[453, 133, -234]
[422, 131, -232]
[525, 220, -56]
[338, 207, -27]
[556, 333, -138]
[292, 329, -120]
[556, 329, -356]
[328, 306, -380]
[553, 332, -396]
[355, 333, -420]
[551, 311, -404]
[360, 299, -419]
[548, 311, -363]
[360, 297, -384]
[488, 511, -15]
[363, 511, 16]
[485, 724, -43]
[360, 725, 65]
[482, 910, 149]
[369, 915, 258]
[486, 933, 160]
[370, 938, 272]
[463, 979, 15]
[376, 981, 117]
[439, 109, -286]
[451, 90, -269]
[457, 92, -269]
[463, 93, -269]
[429, 88, -268]
[420, 88, -268]
[413, 88, -268]
[471, 104, -132]
[400, 99, -124]
[453, 132, -234]
[422, 131, -231]
[525, 218, -60]
[338, 207, -27]
[560, 336, -148]
[290, 330, -159]
[557, 328, -365]
[315, 299, -469]
[550, 326, -405]
[336, 299, -516]
[552, 305, -412]
[327, 269, -517]
[548, 306, -373]
[332, 278, -476]
[488, 511, -15]
[362, 510, 16]
[484, 723, -41]
[360, 725, 62]
[482, 909, 146]
[369, 914, 249]
[486, 932, 156]
[370, 938, 261]
[462, 977, 12]
[376, 981, 105]
[439, 107, -277]
[451, 89, -258]
[457, 91, -258]
[463, 92, -258]
[429, 87, -257]
[420, 87, -257]
[413, 87, -257]
[471, 103, -117]
[400, 98, -114]
[453, 131, -224]
[422, 129, -223]
[524, 218, -37]
[338, 207, -24]
[561, 338, -78]
[291, 331, -165]
[595, 347, -289]
[325, 299, -488]
[605, 352, -328]
[340, 300, -539]
[611, 331, -351]
[339, 273, -545]
[601, 330, -302]
[341, 279, -497]
[488, 510, -13]
[362, 509, 14]
[484, 720, -52]
[360, 723, 45]
[482, 909, 131]
[369, 914, 226]
[485, 932, 141]
[370, 937, 237]
[462, 975, -2]
[376, 980, 78]
[439, 106, -285]
[451, 88, -268]
[457, 90, -268]
[463, 91, -268]
[429, 86, -264]
[420, 86, -264]
[413, 86, -265]
[471, 102, -131]
[400, 97, -115]
[453, 130, -234]
[422, 128, -230]
[524, 218, -63]
[338, 207, -14]
[561, 346, -98]
[289, 334, -107]
[573, 383, -368]
[286, 305, -418]
[574, 391, -421]
[284, 308, -461]
[609, 360, -449]
[286, 283, -473]
[559, 360, -386]
[293, 283, -427]
[488, 510, -14]
[362, 509, 15]
[484, 719, -52]
[360, 722, 57]
[482, 908, 133]
[369, 914, 253]
[485, 932, 143]
[370, 937, 265]
[462, 974, -7]
[376, 979, 103]
[439, 105, -307]
[451, 88, -291]
[457, 89, -292]
[462, 91, -292]
[429, 85, -288]
[420, 85, -288]
[413, 85, -288]
[471, 102, -160]
[400, 96, -144]
[453, 129, -258]
[422, 127, -253]
[524, 218, -93]
[338, 207, -15]
[561, 354, -135]
[288, 338, -76]
[573, 392, -392]
[260, 339, -357]
[566, 405, -445]
[246, 348, -403]
[570, 385, -472]
[248, 326, -442]
[552, 379, -408]
[257, 321, -377]
[488, 509, -14]
[362, 508, 15]
[483, 718, -38]
[360, 719, 64]
[480, 908, 156]
[366, 913, 262]
[482, 932, 167]
[366, 936, 274]
[462, 972, 13]
[375, 977, 111]
[439, 105, -302]
[451, 88, -286]
[457, 89, -286]
[462, 90, -286]
[428, 85, -284]
[420, 85, -284]
[413, 85, -284]
[471, 101, -156]
[400, 96, -146]
[452, 128, -253]
[422, 127, -250]
[524, 218, -88]
[339, 206, -30]
[558, 357, -97]
[289, 343, -83]
[572, 416, -286]
[264, 371, -407]
[568, 440, -333]
[248, 382, -461]
[572, 424, -370]
[253, 363, -494]
[556, 409, -304]
[262, 355, -429]
[487, 508, -13]
[362, 508, 14]
[482, 718, -38]
[360, 717, 47]
[477, 905, 169]
[364, 912, 251]
[478, 929, 181]
[364, 936, 264]
[461, 970, 30]
[374, 976, 92]
[439, 105, -302]
[451, 87, -285]
[457, 89, -285]
[462, 90, -285]
[428, 85, -285]
[420, 85, -285]
[413, 85, -285]
[471, 101, -156]
[400, 96, -158]
[452, 128, -253]
[422, 127, -253]
[524, 218, -84]
[339, 206, -61]
[556, 357, -60]
[293, 347, -95]
[570, 436, -216]
[265, 407, -355]
[569, 465, -257]
[254, 435, -403]
[569, 449, -294]
[262, 423, -451]
[558, 435, -234]
[271, 413, -378]
[487, 507, -7]
[362, 506, 8]
[482, 717, -23]
[364, 717, 43]
[478, 902, 177]
[365, 912, 233]
[477, 926, 189]
[365, 936, 245]
[463, 966, 42]
[375, 975, 78]
[438, 104, -298]
[450, 87, -281]
[457, 88, -282]
[462, 90, -282]
[428, 84, -284]
[420, 84, -284]
[412, 84, -284]
[470, 101, -154]
[399, 95, -158]
[452, 128, -251]
[421, 126, -250]
[523, 218, -82]
[339, 206, -69]
[552, 357, -43]
[296, 347, -77]
[569, 448, -189]
[268, 427, -255]
[569, 475, -226]
[259, 464, -293]
[571, 469, -263]
[267, 448, -332]
[559, 458, -207]
[274, 444, -275]
[487, 506, -4]
[363, 505, 4]
[481, 717, -18]
[368, 716, 29]
[477, 901, 179]
[365, 911, 203]
[476, 926, 191]
[365, 936, 213]
[463, 965, 49]
[375, 975, 52]
[438, 104, -296]
[450, 87, -279]
[456, 88, -279]
[462, 89, -279]
[427, 84, -283]
[419, 84, -283]
[412, 83, -283]
[470, 100, -153]
[399, 93, -156]
[451, 127, -250]
[421, 125, -249]
[522, 216, -82]
[338, 206, -67]
[548, 354, -54]
[297, 350, -70]
[568, 446, -211]
[279, 446, -239]
[569, 473, -252]
[271, 484, -278]
[570, 467, -288]
[286, 477, -313]
[560, 456, -229]
[289, 452, -258]
[487, 506, -5]
[363, 504, 5]
[481, 716, -15]
[369, 716, 34]
[477, 899, 190]
[369, 910, 209]
[476, 924, 203]
[368, 936, 218]
[466, 963, 62]
[377, 973, 53]
[437, 103, -290]
[449, 86, -273]
[456, 87, -273]
[461, 88, -273]
[427, 83, -277]
[419, 83, -277]
[411, 83, -277]
[470, 99, -152]
[399, 93, -154]
[451, 126, -244]
[420, 125, -246]
[522, 214, -80]
[338, 206, -64]
[544, 350, -52]
[298, 349, -37]
[560, 447, -214]
[281, 450, -173]
[567, 474, -255]
[272, 482, -208]
[565, 469, -291]
[289, 475, -245]
[555, 459, -232]
[292, 463, -191]
[487, 504, -5]
[364, 501, 5]
[482, 710, -4]
[369, 710, 31]
[477, 892, 204]
[369, 902, 205]
[476, 916, 217]
[369, 929, 215]
[466, 956, 79]
[379, 963, 58]
[436, 101, -276]
[449, 84, -260]
[456, 86, -260]
[461, 87, -260]
[426, 82, -263]
[418, 81, -263]
[410, 81, -263]
[469, 98, -140]
[398, 91, -151]
[450, 125, -230]
[419, 124, -233]
[522, 214, -64]
[338, 205, -66]
[543, 349, -24]
[299, 348, -41]
[560, 452, -165]
[283, 453, -164]
[568, 481, -202]
[274, 488, -197]
[566, 474, -239]
[289, 482, -233]
[556, 464, -184]
[292, 472, -181]
[486, 503, -3]
[363, 498, 4]
[478, 708, -2]
[369, 706, 33]
[474, 888, 202]
[368, 898, 209]
[472, 912, 215]
[367, 925, 221]
[462, 953, 80]
[376, 958, 64]
[436, 99, -272]
[448, 83, -255]
[455, 84, -255]
[460, 85, -255]
[426, 81, -259]
[418, 80, -259]
[410, 80, -259]
[468, 96, -135]
[398, 90, -150]
[450, 124, -226]
[419, 122, -230]
[521, 211, -52]
[337, 204, -72]
[544, 346, -9]
[299, 344, -42]
[559, 455, -158]
[287, 451, -159]
[568, 482, -197]
[281, 481, -192]
[564, 480, -233]
[292, 478, -229]
[555, 469, -177]
[296, 469, -175]
[486, 494, 0]
[364, 489, 0]
[475, 703, -7]
[368, 701, -20]
[470, 885, 199]
[364, 896, 114]
[468, 909, 214]
[363, 923, 120]
[459, 948, 67]
[372, 955, -37]
[435, 100, -271]
[447, 83, -255]
[455, 84, -255]
[459, 85, -255]
[425, 81, -257]
[417, 81, -257]
[410, 80, -257]
[468, 96, -136]
[398, 90, -150]
[449, 124, -226]
[418, 122, -229]
[521, 212, -53]
[337, 204, -70]
[544, 349, -35]
[299, 345, -38]
[559, 464, -188]
[287, 464, -157]
[568, 487, -227]
[280, 492, -190]
[565, 486, -261]
[291, 491, -227]
[556, 476, -206]
[296, 483, -175]
[486, 495, 0]
[364, 491, 0]
[473, 704, -9]
[362, 701, -5]
[465, 886, 194]
[358, 894, 139]
[464, 910, 207]
[357, 920, 147]
[453, 949, 71]
[367, 953, -4]
[435, 100, -279]
[447, 83, -262]
[454, 84, -263]
[459, 85, -263]
[425, 81, -265]
[417, 81, -265]
[409, 81, -266]
[467, 96, -143]
[397, 90, -155]
[448, 124, -234]
[417, 122, -237]
[520, 212, -63]
[336, 204, -74]
[544, 349, -41]
[300, 347, -44]
[558, 463, -198]
[287, 469, -174]
[566, 489, -240]
[281, 495, -210]
[563, 487, -275]
[291, 495, -248]
[555, 477, -216]
[296, 487, -192]
[485, 497, 0]
[363, 491, 0]
[472, 706, -12]
[361, 702, 3]
[465, 887, 212]
[358, 895, 165]
[464, 911, 228]
[358, 921, 174]
[454, 949, 94]
[367, 954, 20]
[434, 100, -286]
[446, 83, -270]
[454, 84, -270]
[458, 85, -270]
[424, 81, -272]
[416, 81, -272]
[409, 81, -272]
[467, 97, -150]
[397, 91, -158]
[448, 124, -241]
[417, 122, -243]
[520, 212, -78]
[335, 204, -75]
[544, 350, -42]
[300, 349, -38]
[557, 466, -208]
[287, 472, -162]
[564, 495, -249]
[282, 501, -196]
[560, 491, -283]
[292, 502, -235]
[553, 480, -226]
[296, 493, -180]
[483, 498, -3]
[361, 491, 3]
[472, 706, -23]
[361, 702, 9]
[466, 887, 203]
[359, 895, 172]
[465, 911, 217]
[358, 921, 180]
[454, 950, 81]
[368, 955, 25]
[434, 100, -281]
[446, 83, -265]
[453, 84, -265]
[458, 85, -265]
[424, 81, -268]
[416, 81, -268]
[408, 81, -268]
[466, 96, -150]
[397, 90, -157]
[447, 124, -237]
[417, 122, -240]
[520, 212, -76]
[335, 204, -83]
[543, 350, -33]
[300, 352, -44]
[555, 469, -165]
[286, 483, -159]
[563, 495, -199]
[276, 515, -191]
[559, 493, -234]
[290, 518, -227]
[552, 483, -182]
[295, 507, -176]
[482, 498, -3]
[361, 492, 3]
[472, 706, 1]
[362, 703, 9]
[466, 888, 206]
[359, 895, 152]
[465, 911, 219]
[358, 922, 160]
[454, 950, 93]
[368, 955, 12]
[434, 99, -311]
[446, 83, -294]
[453, 84, -294]
[458, 85, -295]
[424, 80, -298]
[416, 80, -298]
[408, 80, -299]
[466, 95, -170]
[396, 90, -186]
[447, 123, -264]
[417, 122, -268]
[519, 212, -84]
[334, 205, -110]
[543, 354, -37]
[300, 355, -73]
[555, 477, -169]
[286, 489, -181]
[563, 502, -204]
[276, 522, -216]
[559, 503, -239]
[291, 525, -247]
[551, 492, -187]
[296, 512, -197]
[481, 499, -3]
[360, 493, 4]
[470, 708, -3]
[360, 704, 17]
[464, 890, 203]
[357, 897, 187]
[463, 914, 217]
[356, 925, 198]
[453, 954, 85]
[366, 958, 42]
[434, 98, -312]
[446, 82, -295]
[453, 83, -295]
[458, 84, -295]
[424, 80, -299]
[416, 79, -299]
[408, 79, -299]
[465, 94, -172]
[396, 89, -189]
[447, 122, -264]
[417, 121, -269]
[519, 212, -88]
[333, 206, -115]
[543, 360, -34]
[300, 358, -82]
[555, 492, -140]
[287, 493, -190]
[563, 520, -169]
[277, 526, -224]
[559, 527, -202]
[292, 529, -257]
[551, 514, -155]
[297, 516, -207]
[480, 501, -3]
[360, 496, 4]
[470, 711, 1]
[358, 708, 31]
[465, 891, 230]
[356, 900, 215]
[463, 916, 247]
[356, 928, 228]
[452, 960, 117]
[365, 961, 77]
[434, 98, -345]
[446, 81, -329]
[453, 82, -329]
[458, 83, -329]
[424, 79, -333]
[416, 79, -333]
[408, 79, -333]
[465, 93, -202]
[396, 89, -218]
[447, 122, -296]
[417, 121, -301]
[519, 212, -111]
[333, 207, -134]
[543, 364, -40]
[300, 359, -96]
[555, 493, -154]
[288, 493, -203]
[563, 523, -185]
[281, 526, -232]
[559, 530, -217]
[297, 529, -270]
[551, 516, -169]
[300, 516, -219]
[481, 501, -7]
[360, 496, 7]
[473, 713, -1]
[358, 711, 40]
[469, 895, 221]
[358, 905, 233]
[468, 920, 237]
[357, 934, 247]
[455, 966, 102]
[366, 966, 91]
[434, 97, -343]
[446, 81, -326]
[453, 82, -326]
[458, 82, -326]
[424, 79, -329]
[416, 78, -329]
[408, 78, -329]
[465, 93, -200]
[396, 88, -211]
[447, 121, -294]
[417, 121, -297]
[519, 212, -115]
[332, 207, -125]
[543, 366, -51]
[300, 360, -87]
[555, 498, -164]
[290, 490, -201]
[564, 529, -196]
[284, 523, -230]
[559, 535, -227]
[300, 525, -269]
[551, 520, -178]
[303, 513, -218]
[481, 502, -10]
[361, 496, 11]
[473, 714, 2]
[358, 712, 49]
[469, 897, 242]
[357, 905, 245]
[468, 922, 259]
[356, 935, 259]
[454, 968, 120]
[365, 966, 102]
