[448, 121, -278]
[465, 102, -278]
[474, 102, -278]
[484, 103, -278]
[445, 103, -256]
[440, 103, -256]
[435, 103, -256]
[510, 116, -216]
[445, 114, -119]
[465, 143, -255]
[441, 143, -226]
[579, 243, -218]
[414, 240, 17]
[593, 412, -223]
[401, 396, 112]
[563, 559, -278]
[359, 505, 2]
[567, 610, -320]
[353, 537, -11]
[547, 608, -334]
[350, 531, -55]
[543, 585, -285]
[354, 522, -18]
[518, 537, -79]
[407, 526, 80]
[507, 762, -72]
[401, 742, 179]
[493, 945, 140]
[387, 933, 387]
[501, 973, 152]
[390, 966, 403]
[455, 1002, 9]
[355, 984, 271]
[448, 120, -280]
[465, 102, -280]
[474, 102, -280]
[484, 102, -280]
[445, 102, -259]
[440, 103, -259]
[435, 103, -259]
[510, 116, -221]
[445, 114, -123]
[465, 142, -257]
[441, 142, -229]
[578, 242, -229]
[415, 239, 15]
[593, 406, -245]
[402, 393, 107]
[563, 558, -302]
[360, 504, -6]
[567, 607, -344]
[351, 534, -19]
[549, 605, -358]
[348, 529, -64]
[544, 584, -308]
[355, 520, -27]
[518, 537, -81]
[407, 524, 81]
[507, 758, -65]
[401, 737, 178]
[493, 940, 153]
[387, 926, 376]
[501, 968, 167]
[391, 958, 391]
[456, 996, 31]
[355, 976, 265]
[448, 120, -273]
[465, 102, -273]
[474, 102, -273]
[484, 102, -273]
[446, 103, -251]
[440, 103, -251]
[435, 103, -252]
[510, 116, -215]
[446, 114, -115]
[466, 142, -250]
[442, 142, -221]
[578, 242, -226]
[415, 239, 27]
[595, 402, -243]
[401, 393, 120]
[563, 547, -316]
[356, 504, 1]
[568, 603, -358]
[329, 530, -13]
[549, 597, -374]
[328, 524, -60]
[543, 568, -322]
[333, 519, -21]
[519, 536, -81]
[407, 524, 82]
[504, 755, -63]
[398, 735, 171]
[489, 935, 168]
[383, 921, 369]
[497, 962, 184]
[387, 951, 384]
[454, 990, 49]
[354, 972, 259]
[449, 120, -243]
[465, 102, -243]
[474, 102, -243]
[483, 102, -243]
[446, 103, -221]
[441, 103, -221]
[436, 103, -221]
[510, 116, -192]
[447, 114, -86]
[466, 142, -222]
[442, 142, -192]
[578, 241, -208]
[416, 239, 50]
[595, 400, -243]
[401, 393, 147]
[553, 536, -315]
[349, 498, 28]
[552, 574, -357]
[317, 517, 14]
[526, 562, -373]
[317, 512, -31]
[525, 544, -322]
[325, 514, 5]
[519, 535, -81]
[408, 523, 81]
[502, 755, -82]
[394, 735, 134]
[484, 936, 149]
[380, 922, 309]
[492, 962, 164]
[384, 951, 321]
[449, 991, 34]
[350, 975, 190]
[449, 120, -232]
[466, 102, -232]
[474, 102, -232]
[483, 102, -232]
[446, 103, -209]
[442, 103, -209]
[437, 103, -209]
[510, 116, -181]
[448, 114, -74]
[467, 142, -211]
[443, 142, -180]
[578, 240, -198]
[418, 238, 59]
[599, 396, -241]
[401, 388, 159]
[546, 531, -325]
[349, 487, 49]
[542, 565, -368]
[320, 507, 35]
[517, 555, -383]
[316, 505, -9]
[517, 540, -331]
[325, 502, 27]
[518, 533, -81]
[408, 520, 81]
[497, 743, -63]
[394, 719, 176]
[481, 918, 150]
[380, 900, 371]
[489, 945, 165]
[384, 930, 386]
[449, 969, 38]
[352, 949, 271]
[451, 120, -242]
[467, 102, -241]
[476, 102, -241]
[485, 102, -241]
[448, 103, -219]
[444, 103, -219]
[439, 103, -219]
[512, 116, -185]
[450, 114, -82]
[468, 142, -219]
[446, 142, -189]
[579, 239, -198]
[418, 237, 56]
[605, 391, -241]
[401, 382, 158]
[537, 521, -326]
[347, 479, 42]
[531, 552, -372]
[322, 500, 27]
[509, 542, -383]
[318, 500, -17]
[510, 528, -331]
[327, 494, 20]
[518, 532, -82]
[409, 518, 82]
[498, 744, -48]
[399, 720, 183]
[483, 921, 164]
[388, 904, 375]
[492, 946, 178]
[392, 934, 389]
[451, 974, 51]
[360, 953, 271]
[453, 121, -246]
[469, 103, -244]
[478, 102, -245]
[487, 103, -245]
[451, 104, -224]
[446, 104, -224]
[441, 104, -224]
[513, 116, -183]
[451, 115, -86]
[470, 143, -221]
[448, 143, -193]
[580, 239, -184]
[420, 237, 50]
[607, 391, -219]
[400, 379, 149]
[527, 508, -324]
[347, 473, 35]
[508, 535, -368]
[323, 492, 24]
[492, 520, -381]
[319, 494, -22]
[496, 509, -329]
[328, 487, 13]
[520, 530, -78]
[413, 514, 79]
[501, 744, -51]
[402, 722, 150]
[485, 922, 162]
[393, 906, 330]
[494, 948, 177]
[399, 937, 344]
[454, 976, 48]
[366, 954, 217]
[455, 122, -237]
[471, 103, -237]
[479, 103, -237]
[489, 103, -237]
[453, 104, -214]
[448, 105, -214]
[443, 105, -214]
[514, 116, -183]
[452, 115, -78]
[472, 143, -216]
[450, 143, -185]
[584, 239, -187]
[423, 238, 55]
[611, 387, -235]
[399, 380, 151]
[534, 486, -362]
[338, 462, 30]
[518, 513, -409]
[312, 482, 17]
[494, 499, -419]
[308, 480, -29]
[499, 489, -367]
[322, 473, 8]
[531, 527, -78]
[424, 514, 78]
[524, 744, -61]
[425, 723, 127]
[516, 923, 147]
[421, 913, 284]
[525, 950, 160]
[426, 943, 295]
[485, 977, 31]
[396, 961, 167]
[456, 122, -221]
[471, 103, -224]
[479, 103, -225]
[489, 103, -225]
[453, 105, -199]
[448, 105, -199]
[444, 105, -199]
[514, 116, -186]
[453, 116, -71]
[473, 143, -205]
[451, 143, -171]
[585, 239, -196]
[426, 239, 66]
[614, 387, -253]
[400, 381, 164]
[529, 478, -346]
[336, 454, 56]
[503, 505, -390]
[309, 472, 47]
[485, 491, -410]
[304, 460, 5]
[487, 482, -351]
[311, 460, 35]
[531, 527, -81]
[430, 514, 81]
[524, 744, -104]
[427, 728, 120]
[516, 925, 85]
[423, 922, 256]
[526, 950, 97]
[430, 954, 265]
[484, 980, -20]
[393, 967, 149]
[458, 122, -201]
[472, 104, -207]
[481, 103, -207]
[490, 103, -207]
[454, 105, -182]
[449, 105, -182]
[444, 106, -182]
[515, 116, -178]
[454, 116, -60]
[475, 143, -188]
[451, 144, -154]
[586, 238, -197]
[428, 243, 72]
[614, 389, -255]
[400, 385, 159]
[507, 469, -341]
[319, 446, 48]
[470, 498, -380]
[285, 464, 35]
[463, 477, -373]
[279, 449, -11]
[471, 466, -340]
[288, 445, 34]
[530, 526, -82]
[433, 514, 83]
[525, 744, -102]
[427, 736, 132]
[515, 925, 86]
[425, 930, 280]
[526, 951, 99]
[432, 963, 289]
[481, 984, -15]
[389, 975, 177]
[460, 122, -212]
[474, 104, -218]
[483, 103, -218]
[493, 103, -218]
[456, 105, -190]
[451, 105, -190]
[446, 106, -190]
[516, 116, -179]
[454, 117, -66]
[477, 143, -199]
[453, 144, -165]
[586, 238, -186]
[429, 243, 65]
[613, 390, -245]
[399, 385, 165]
[511, 438, -349]
[304, 419, 66]
[473, 464, -390]
[284, 445, 53]
[470, 437, -389]
[276, 425, 14]
[476, 428, -350]
[288, 419, 47]
[532, 527, -76]
[432, 517, 76]
[525, 744, -37]
[429, 736, 165]
[517, 923, 152]
[426, 927, 336]
[529, 949, 166]
[433, 961, 348]
[481, 980, 48]
[390, 971, 232]
[462, 122, -238]
[476, 104, -242]
[485, 103, -242]
[495, 103, -242]
[458, 105, -220]
[452, 105, -220]
[448, 106, -220]
[518, 116, -193]
[455, 117, -92]
[479, 143, -218]
[455, 144, -188]
[590, 239, -189]
[430, 243, 40]
[613, 402, -255]
[399, 386, 117]
[513, 422, -386]
[293, 397, -17]
[476, 443, -425]
[266, 400, -34]
[474, 404, -422]
[255, 386, -70]
[479, 402, -385]
[268, 386, -37]
[534, 527, -72]
[431, 519, 72]
[524, 746, -23]
[427, 737, 172]
[517, 923, 191]
[424, 927, 362]
[529, 949, 206]
[431, 960, 376]
[481, 980, 82]
[388, 971, 252]
[464, 122, -263]
[478, 104, -263]
[487, 103, -264]
[497, 103, -264]
[459, 105, -243]
[454, 105, -244]
[449, 106, -244]
[519, 116, -207]
[456, 117, -112]
[481, 144, -239]
[456, 144, -212]
[592, 240, -192]
[432, 244, 22]
[613, 403, -281]
[398, 385, 125]
[510, 397, -444]
[278, 381, 28]
[474, 396, -486]
[250, 383, 19]
[475, 377, -479]
[239, 371, -18]
[481, 377, -443]
[253, 371, 9]
[535, 527, -70]
[430, 519, 70]
[525, 746, -17]
[433, 737, 168]
[521, 924, 187]
[430, 927, 326]
[533, 950, 201]
[436, 960, 339]
[483, 978, 82]
[395, 969, 220]
[464, 123, -258]
[478, 104, -258]
[487, 104, -258]
[496, 104, -258]
[460, 105, -237]
[455, 106, -237]
[450, 106, -238]
[519, 117, -207]
[458, 118, -105]
[481, 144, -235]
[457, 144, -207]
[592, 240, -183]
[433, 244, 27]
[612, 402, -290]
[398, 381, 146]
[513, 378, -491]
[284, 364, 75]
[480, 375, -537]
[255, 358, 68]
[477, 356, -530]
[244, 346, 30]
[487, 356, -491]
[260, 351, 56]
[535, 528, -68]
[430, 520, 69]
[525, 744, -21]
[436, 734, 170]
[522, 920, 174]
[433, 923, 332]
[534, 945, 188]
[439, 955, 345]
[485, 974, 69]
[401, 964, 232]
[464, 123, -285]
[478, 104, -282]
[487, 104, -282]
[496, 104, -282]
[460, 105, -264]
[455, 106, -264]
[450, 106, -264]
[519, 117, -211]
[458, 118, -122]
[481, 144, -256]
[457, 144, -231]
[593, 241, -185]
[433, 244, 14]
[621, 404, -311]
[396, 381, 73]
[523, 372, -530]
[282, 351, -92]
[490, 368, -579]
[249, 338, -111]
[495, 346, -571]
[242, 323, -144]
[504, 346, -530]
[259, 330, -110]
[538, 528, -67]
[430, 523, 67]
[528, 744, -19]
[436, 734, 207]
[524, 918, 171]
[432, 920, 415]
[536, 944, 184]
[438, 951, 433]
[488, 974, 61]
[401, 963, 310]
[464, 123, -310]
[478, 104, -306]
[487, 104, -306]
[496, 104, -306]
[460, 106, -288]
[455, 106, -288]
[450, 107, -288]
[519, 117, -227]
[459, 118, -138]
[481, 145, -278]
[457, 145, -253]
[593, 241, -186]
[433, 244, 4]
[620, 403, -320]
[394, 379, 71]
[541, 371, -560]
[280, 338, -90]
[491, 364, -612]
[248, 329, -110]
[522, 337, -605]
[241, 315, -143]
[525, 339, -561]
[258, 319, -108]
[540, 528, -65]
[430, 523, 66]
[533, 744, -26]
[436, 734, 191]
[530, 919, 188]
[433, 920, 391]
[541, 944, 203]
[438, 951, 408]
[497, 974, 70]
[407, 965, 276]
[464, 123, -288]
[478, 104, -286]
[487, 104, -286]
[496, 104, -286]
[460, 106, -267]
[455, 106, -267]
[450, 107, -267]
[519, 117, -219]
[459, 118, -128]
[480, 145, -261]
[457, 145, -234]
[590, 240, -163]
[433, 244, 12]
[621, 402, -309]
[393, 379, 45]
[636, 348, -583]
[283, 329, -142]
[635, 337, -636]
[251, 319, -163]
[645, 311, -637]
[248, 302, -188]
[636, 315, -589]
[263, 305, -157]
[541, 528, -60]
[430, 524, 61]
[537, 744, -41]
[437, 735, 184]
[533, 919, 182]
[432, 919, 417]
[543, 944, 197]
[436, 949, 437]
[501, 974, 64]
[411, 966, 300]
[464, 124, -292]
[479, 105, -286]
[487, 104, -287]
[496, 104, -286]
[461, 106, -267]
[456, 107, -267]
[452, 107, -267]
[520, 117, -217]
[461, 119, -122]
[480, 145, -261]
[457, 145, -234]
[589, 240, -168]
[432, 244, 16]
[621, 401, -332]
[393, 379, 29]
[602, 324, -600]
[285, 310, -204]
[588, 303, -654]
[253, 299, -232]
[598, 277, -645]
[251, 284, -254]
[594, 285, -602]
[266, 287, -220]
[542, 528, -61]
[430, 525, 62]
[539, 744, -42]
[437, 737, 182]
[534, 920, 177]
[431, 922, 406]
[544, 946, 191]
[436, 951, 424]
[501, 976, 43]
[410, 974, 284]
[464, 124, -274]
[479, 104, -266]
[487, 104, -266]
[497, 104, -266]
[461, 106, -245]
[456, 106, -245]
[452, 107, -246]
[520, 117, -188]
[461, 118, -91]
[480, 145, -244]
[457, 145, -217]
[588, 237, -155]
[430, 243, 23]
[621, 398, -317]
[390, 377, -32]
[646, 312, -568]
[285, 298, -327]
[656, 286, -617]
[255, 284, -360]
[652, 271, -609]
[261, 267, -374]
[635, 280, -569]
[273, 273, -341]
[543, 527, -61]
[430, 525, 62]
[542, 737, -69]
[437, 736, 186]
[538, 918, 133]
[431, 920, 414]
[548, 944, 145]
[435, 946, 433]
[505, 974, 0]
[413, 974, 296]
[464, 123, -275]
[479, 104, -267]
[488, 104, -267]
[498, 104, -267]
[462, 105, -248]
[457, 106, -248]
[452, 106, -248]
[520, 118, -189]
[461, 118, -93]
[480, 145, -245]
[457, 145, -219]
[585, 235, -164]
[429, 242, 23]
[621, 389, -336]
[382, 377, -19]
[570, 297, -582]
[286, 288, -281]
[638, 285, -631]
[257, 273, -312]
[644, 263, -614]
[265, 257, -323]
[626, 270, -579]
[278, 264, -293]
[545, 524, -59]
[431, 524, 60]
[549, 732, -50]
[437, 734, 174]
[543, 916, 175]
[432, 917, 401]
[551, 942, 189]
[435, 944, 419]
[515, 974, 31]
[419, 974, 289]
[464, 124, -267]
[479, 105, -257]
[488, 105, -257]
[497, 105, -257]
[461, 106, -240]
[457, 106, -240]
[452, 106, -240]
[520, 119, -172]
[460, 118, -87]
[480, 145, -236]
[457, 145, -212]
[579, 234, -154]
[424, 242, 25]
[618, 387, -326]
[379, 377, -40]
[570, 285, -565]
[288, 280, -325]
[587, 269, -613]
[258, 266, -360]
[604, 245, -597]
[267, 250, -368]
[595, 254, -562]
[280, 257, -336]
[545, 524, -55]
[431, 524, 56]
[554, 731, -41]
[440, 734, 172]
[547, 916, 174]
[436, 918, 395]
[555, 942, 188]
[438, 944, 413]
[522, 974, 33]
[425, 975, 285]
[462, 126, -267]
[478, 107, -258]
[487, 107, -258]
[496, 107, -258]
[460, 107, -240]
[456, 107, -240]
[451, 107, -241]
[520, 121, -170]
[460, 119, -87]
[477, 147, -236]
[455, 146, -212]
[576, 233, -138]
[417, 242, 25]
[622, 381, -323]
[372, 377, -58]
[639, 274, -559]
[293, 276, -336]
[650, 255, -606]
[269, 259, -368]
[641, 247, -591]
[281, 242, -373]
[635, 256, -558]
[288, 250, -344]
[545, 523, -56]
[431, 523, 56]
[553, 731, -72]
[440, 733, 173]
[548, 916, 137]
[436, 917, 407]
[556, 942, 150]
[438, 943, 427]
[522, 975, 7]
[429, 975, 293]
[461, 127, -275]
[477, 108, -265]
[486, 108, -265]
[496, 109, -265]
[460, 107, -248]
[455, 107, -248]
[451, 108, -248]
[519, 121, -176]
[460, 119, -88]
[476, 148, -241]
[455, 147, -218]
[575, 233, -148]
[413, 242, 21]
[623, 382, -325]
[369, 377, -88]
[644, 275, -574]
[293, 272, -406]
[656, 261, -625]
[267, 257, -446]
[640, 254, -611]
[279, 241, -451]
[636, 260, -574]
[288, 247, -417]
[545, 521, -57]
[431, 522, 57]
[553, 730, -67]
[440, 733, 202]
[550, 914, 142]
[436, 915, 468]
[558, 941, 155]
[437, 941, 491]
[524, 975, 15]
[431, 975, 346]
[460, 127, -285]
[476, 108, -272]
[485, 108, -272]
[495, 109, -272]
[458, 107, -256]
[454, 108, -256]
[449, 108, -256]
[518, 122, -171]
[458, 120, -90]
[475, 148, -247]
[454, 148, -226]
[570, 231, -148]
[408, 243, 21]
[657, 303, -345]
[367, 377, -63]
[664, 255, -605]
[293, 269, -329]
[667, 241, -660]
[270, 252, -363]
[648, 247, -645]
[278, 243, -367]
[644, 250, -605]
[288, 249, -337]
[545, 520, -57]
[432, 522, 58]
[554, 730, -68]
[440, 733, 198]
[552, 913, 149]
[437, 915, 467]
[559, 939, 165]
[437, 941, 491]
[527, 975, 20]
[435, 975, 343]
[459, 129, -285]
[476, 109, -272]
[485, 110, -272]
[495, 110, -272]
[457, 109, -257]
[452, 109, -256]
[447, 110, -257]
[517, 122, -171]
[454, 120, -91]
[474, 150, -247]
[452, 149, -225]
[568, 230, -140]
[405, 245, 21]
[646, 339, -334]
[369, 380, -65]
[646, 258, -583]
[300, 273, -348]
[648, 235, -634]
[272, 256, -383]
[646, 241, -620]
[279, 242, -388]
[630, 247, -583]
[289, 248, -358]
[545, 520, -57]
[431, 521, 58]
[554, 730, -66]
[439, 734, 183]
[552, 914, 138]
[437, 918, 417]
[559, 939, 150]
[437, 943, 437]
[526, 978, 0]
[434, 980, 283]
[459, 131, -293]
[476, 110, -279]
[485, 110, -279]
[495, 111, -279]
[457, 110, -265]
[452, 110, -265]
[446, 110, -265]
[517, 123, -173]
[451, 121, -99]
[475, 151, -253]
[451, 150, -233]
[569, 230, -139]
[403, 247, 14]
[644, 349, -331]
[370, 386, -81]
[667, 260, -593]
[303, 275, -364]
[680, 241, -644]
[272, 256, -399]
[660, 239, -627]
[280, 242, -403]
[651, 245, -592]
[291, 249, -373]
[545, 520, -58]
[431, 522, 58]
[555, 732, -58]
[439, 739, 187]
[553, 918, 142]
[436, 921, 425]
[561, 943, 151]
[437, 946, 446]
[527, 984, 9]
[435, 986, 294]
[459, 131, -294]
[476, 110, -279]
[486, 110, -279]
[496, 111, -279]
[456, 110, -264]
[451, 110, -264]
[446, 110, -264]
[516, 123, -173]
[451, 121, -99]
[475, 151, -255]
[451, 150, -235]
[569, 230, -143]
[402, 248, 15]
[651, 344, -373]
[368, 386, -57]
[653, 231, -649]
[299, 272, -312]
[656, 202, -703]
[266, 257, -338]
[644, 192, -679]
[276, 243, -329]
[636, 206, -647]
[288, 248, -312]
[545, 520, -58]
[431, 522, 59]
[555, 732, -59]
[438, 739, 193]
[554, 918, 155]
[436, 921, 446]
[561, 944, 168]
[436, 946, 468]
[528, 985, 10]
[436, 986, 313]
[459, 130, -291]
[477, 110, -279]
[486, 110, -279]
[496, 111, -279]
[456, 110, -262]
[451, 110, -262]
[446, 110, -262]
[516, 123, -166]
[451, 121, -97]
[477, 151, -255]
[451, 150, -232]
[570, 230, -143]
[402, 248, 18]
[651, 346, -365]
[361, 386, -51]
[646, 246, -645]
[294, 273, -312]
[648, 224, -699]
[261, 259, -343]
[641, 212, -676]
[273, 244, -343]
[631, 231, -642]
[286, 249, -318]
[545, 520, -58]
[431, 522, 59]
[555, 732, -64]
[436, 740, 177]
[553, 919, 150]
[434, 923, 415]
[561, 944, 163]
[433, 948, 435]
[527, 986, 8]
[435, 988, 278]
[460, 130, -290]
[478, 110, -279]
[487, 110, -279]
[497, 111, -279]
[457, 110, -261]
[452, 110, -261]
[447, 111, -261]
[516, 123, -181]
[451, 121, -96]
[478, 151, -256]
[452, 151, -231]
[572, 231, -160]
[404, 248, 23]
[631, 375, -371]
[363, 387, -62]
[587, 271, -640]
[299, 276, -377]
[588, 237, -692]
[264, 262, -414]
[589, 220, -671]
[276, 248, -419]
[586, 239, -636]
[289, 253, -387]
[545, 520, -63]
[431, 522, 64]
[549, 732, -75]
[433, 740, 180]
[548, 921, 113]
[432, 923, 412]
[556, 947, 123]
[432, 948, 431]
[521, 985, -32]
[431, 987, 279]
[461, 131, -281]
[478, 110, -275]
[487, 110, -275]
[497, 111, -274]
[457, 110, -253]
[452, 111, -253]
[447, 112, -253]
[516, 123, -186]
[453, 122, -92]
[480, 151, -252]
[453, 151, -223]
[576, 231, -165]
[414, 249, 33]
[627, 381, -364]
[370, 387, -61]
[585, 299, -626]
[303, 279, -346]
[581, 271, -677]
[269, 263, -380]
[582, 246, -658]
[279, 249, -386]
[579, 256, -623]
[291, 254, -356]
[545, 520, -67]
[431, 521, 67]
[544, 728, -81]
[433, 731, 184]
[544, 917, 87]
[432, 915, 401]
[552, 941, 95]
[433, 939, 418]
[518, 976, -55]
[429, 974, 275]
[462, 131, -286]
[479, 110, -280]
[488, 110, -280]
[497, 111, -280]
[458, 111, -260]
[453, 111, -260]
[449, 112, -260]
[517, 123, -194]
[454, 123, -102]
[482, 151, -256]
[455, 151, -229]
[584, 232, -164]
[419, 249, 22]
[627, 396, -358]
[377, 387, -64]
[634, 316, -637]
[306, 291, -370]
[629, 287, -691]
[275, 273, -406]
[625, 266, -675]
[281, 259, -415]
[617, 275, -635]
[292, 265, -382]
[545, 521, -66]
[431, 521, 67]
[544, 729, -77]
[433, 731, 196]
[544, 917, 111]
[433, 915, 436]
[552, 942, 121]
[433, 940, 456]
[517, 976, -31]
[429, 974, 308]
[463, 131, -286]
[480, 110, -279]
[489, 110, -279]
[498, 111, -279]
[459, 112, -259]
[454, 112, -259]
[450, 113, -259]
[517, 123, -191]
[457, 124, -102]
[484, 151, -255]
[456, 151, -229]
[590, 234, -139]
[424, 249, 10]
[645, 376, -242]
[387, 387, -47]
[728, 345, -498]
[306, 305, -297]
[740, 348, -546]
[274, 292, -327]
[753, 330, -561]
[280, 278, -348]
[736, 330, -510]
[291, 282, -311]
[546, 522, -57]
[432, 521, 57]
[545, 729, -75]
[434, 730, 167]
[544, 916, 142]
[433, 912, 400]
[553, 941, 156]
[433, 936, 420]
[518, 975, 13]
[430, 971, 276]
[465, 132, -291]
[482, 110, -286]
[491, 110, -286]
[499, 111, -286]
[461, 112, -267]
[457, 113, -267]
[453, 114, -267]
[518, 123, -203]
[460, 125, -112]
[487, 151, -260]
[459, 152, -234]
[594, 237, -155]
[429, 249, 10]
[642, 384, -259]
[390, 384, -1]
[695, 335, -577]
[303, 315, -219]
[695, 324, -631]
[274, 306, -242]
[692, 305, -636]
[276, 291, -263]
[682, 310, -587]
[286, 293, -233]
[547, 526, -57]
[432, 522, 57]
[544, 732, -42]
[435, 729, 199]
[544, 916, 174]
[433, 911, 450]
[552, 941, 188]
[434, 936, 472]
[516, 976, 43]
[430, 968, 332]
[465, 132, -321]
[482, 110, -316]
[491, 110, -316]
[499, 111, -316]
[462, 112, -295]
[458, 113, -295]
[454, 114, -295]
[518, 123, -229]
[462, 125, -130]
[487, 151, -288]
[459, 152, -260]
[596, 238, -177]
[431, 249, 10]
[643, 386, -279]
[393, 382, 104]
[682, 355, -606]
[299, 333, 0]
[689, 347, -661]
[273, 324, -6]
[693, 322, -670]
[270, 308, -29]
[681, 326, -617]
[282, 310, -11]
[550, 528, -61]
[432, 522, 62]
[548, 734, -33]
[436, 729, 204]
[545, 919, 200]
[433, 911, 461]
[553, 945, 216]
[434, 936, 483]
[517, 978, 65]
[430, 968, 334]
[465, 132, -259]
[482, 111, -261]
[491, 111, -262]
[500, 111, -262]
[463, 113, -239]
[459, 114, -239]
[455, 115, -239]
[519, 124, -219]
[464, 125, -100]
[486, 152, -237]
[459, 152, -206]
[599, 239, -172]
[434, 249, 26]
[642, 393, -289]
[393, 382, 67]
[601, 357, -524]
[295, 343, -120]
[595, 351, -574]
[273, 343, -143]
[577, 324, -569]
[261, 316, -169]
[580, 327, -526]
[276, 320, -137]
[550, 530, -61]
[432, 522, 62]
[547, 735, -19]
[436, 729, 200]
[543, 919, 192]
[433, 911, 438]
[552, 946, 206]
[434, 937, 458]
[514, 977, 63]
[426, 968, 326]
[467, 132, -257]
[484, 111, -258]
[493, 111, -258]
[501, 111, -258]
[466, 113, -238]
[462, 114, -238]
[459, 115, -239]
[520, 124, -211]
[467, 125, -103]
[488, 152, -234]
[461, 152, -207]
[601, 241, -174]
[436, 247, 23]
[639, 400, -289]
[392, 379, 141]
[560, 361, -510]
[286, 348, 72]
[531, 352, -558]
[244, 339, 65]
[529, 329, -553]
[239, 324, 30]
[536, 332, -512]
[258, 328, 55]
[550, 531, -61]
[432, 523, 62]
[542, 735, -6]
[435, 728, 199]
[536, 919, 187]
[430, 911, 403]
[544, 946, 200]
[431, 937, 420]
[506, 975, 65]
[418, 967, 290]
[467, 135, -232]
[484, 113, -237]
[493, 113, -237]
[501, 113, -237]
[466, 115, -217]
[463, 116, -217]
[459, 116, -217]
[521, 125, -202]
[469, 126, -99]
[488, 154, -213]
[462, 154, -185]
[602, 243, -173]
[440, 246, 23]
[629, 403, -262]
[395, 376, 152]
[524, 373, -423]
[283, 359, 104]
[492, 368, -461]
[245, 353, 102]
[497, 347, -455]
[235, 341, 66]
[504, 348, -422]
[254, 345, 87]
[549, 531, -60]
[433, 523, 61]
[540, 734, -15]
[442, 726, 194]
[536, 915, 159]
[438, 911, 370]
[544, 941, 170]
[442, 937, 385]
[505, 968, 52]
[418, 960, 273]
[468, 135, -239]
[484, 113, -243]
[493, 113, -243]
[502, 114, -243]
[467, 115, -223]
[463, 116, -223]
[460, 116, -223]
[523, 126, -201]
[469, 126, -99]
[488, 154, -218]
[463, 154, -190]
[602, 243, -179]
[441, 246, 29]
[623, 402, -266]
[401, 376, 168]
[525, 388, -429]
[284, 374, 115]
[485, 403, -470]
[246, 373, 111]
[488, 365, -464]
[241, 360, 74]
[502, 365, -428]
[258, 363, 97]
[549, 532, -62]
[435, 523, 63]
[540, 737, -16]
[444, 726, 190]
[536, 918, 166]
[440, 913, 374]
[545, 943, 180]
[444, 942, 389]
[505, 970, 60]
[418, 961, 268]
[468, 136, -249]
[485, 114, -246]
[493, 114, -246]
[502, 114, -246]
[467, 116, -230]
[463, 116, -230]
[460, 117, -230]
[524, 126, -217]
[469, 127, -106]
[488, 154, -224]
[463, 154, -198]
[603, 245, -201]
[442, 246, 28]
[621, 412, -260]
[402, 378, 111]
[535, 425, -380]
[285, 383, -15]
[508, 462, -418]
[249, 386, -30]
[508, 436, -419]
[244, 375, -61]
[514, 428, -381]
[260, 375, -33]
[549, 533, -66]
[436, 524, 66]
[540, 743, -20]
[444, 728, 190]
[535, 919, 178]
[439, 915, 386]
[545, 945, 193]
[444, 945, 404]
[501, 972, 69]
[407, 962, 270]
[468, 136, -238]
[484, 115, -245]
[493, 114, -245]
[502, 115, -245]
[467, 116, -222]
[463, 117, -222]
[460, 117, -222]
[524, 126, -218]
[469, 127, -104]
[487, 155, -222]
[463, 155, -190]
[604, 247, -211]
[442, 247, 27]
[621, 417, -266]
[399, 380, 150]
[521, 438, -372]
[274, 393, 91]
[484, 460, -406]
[242, 396, 88]
[484, 436, -404]
[233, 385, 50]
[495, 431, -371]
[249, 385, 73]
[549, 534, -66]
[436, 528, 67]
[540, 751, -21]
[444, 739, 178]
[535, 930, 191]
[439, 930, 363]
[546, 956, 208]
[443, 960, 378]
[501, 986, 87]
[407, 980, 255]
[468, 136, -217]
[484, 115, -225]
[493, 114, -225]
[502, 115, -225]
[467, 116, -201]
[463, 117, -201]
[459, 117, -201]
[524, 126, -207]
[469, 127, -87]
[487, 155, -204]
[463, 155, -171]
[603, 248, -206]
[442, 248, 39]
[619, 416, -239]
[398, 386, 172]
[520, 451, -304]
[273, 405, 122]
[485, 487, -332]
[237, 420, 120]
[478, 461, -332]
[228, 403, 84]
[486, 446, -302]
[245, 402, 104]
[549, 537, -66]
[436, 529, 67]
[540, 754, -18]
[444, 742, 176]
[535, 933, 188]
[439, 932, 355]
[547, 960, 203]
[444, 962, 370]
[501, 988, 87]
[408, 982, 255]
[468, 136, -220]
[484, 115, -229]
[493, 114, -229]
[502, 115, -229]
[467, 117, -203]
[463, 117, -203]
[459, 118, -204]
[524, 126, -207]
[469, 127, -85]
[487, 155, -207]
[463, 155, -172]
[603, 248, -213]
[442, 249, 49]
[618, 415, -252]
[398, 390, 164]
[521, 463, -326]
[275, 423, 86]
[492, 501, -358]
[239, 444, 81]
[484, 476, -357]
[232, 428, 43]
[491, 465, -324]
[246, 421, 66]
[549, 536, -73]
[438, 529, 73]
[538, 755, -37]
[444, 744, 171]
[535, 935, 159]
[440, 933, 333]
[547, 961, 174]
[446, 964, 346]
[497, 989, 68]
[409, 983, 235]
[468, 136, -226]
[484, 114, -233]
[493, 114, -233]
[502, 114, -233]
[467, 116, -208]
[463, 117, -208]
[459, 118, -208]
[524, 126, -206]
[468, 127, -84]
[487, 155, -210]
[463, 155, -176]
[603, 247, -214]
[441, 249, 55]
[618, 413, -247]
[398, 391, 163]
[517, 483, -301]
[289, 441, 69]
[489, 512, -334]
[259, 459, 63]
[481, 500, -332]
[251, 445, 24]
[489, 488, -298]
[254, 442, 49]
[549, 536, -77]
[438, 528, 78]
[538, 755, -48]
[445, 744, 173]
[535, 936, 148]
[442, 933, 342]
[547, 963, 162]
[449, 964, 356]
[496, 990, 51]
[409, 983, 244]
[468, 136, -211]
[484, 114, -217]
[493, 114, -217]
[502, 114, -217]
[467, 116, -193]
[462, 117, -193]
[459, 117, -193]
[525, 125, -184]
[468, 127, -69]
[487, 155, -195]
[463, 155, -162]
[603, 247, -199]
[441, 249, 65]
[618, 410, -211]
[398, 392, 187]
[526, 491, -273]
[300, 449, 101]
[501, 520, -304]
[269, 468, 95]
[492, 507, -311]
[274, 454, 56]
[497, 495, -274]
[273, 455, 82]
[549, 536, -75]
[439, 527, 76]
[541, 754, -40]
[446, 744, 163]
[535, 935, 162]
[442, 932, 327]
[547, 962, 177]
[448, 963, 340]
[497, 990, 65]
[410, 982, 226]
[468, 135, -218]
[484, 114, -222]
[493, 113, -222]
[502, 113, -222]
[467, 116, -199]
[462, 116, -199]
[458, 117, -199]
[525, 125, -177]
[468, 126, -69]
[487, 154, -199]
[463, 154, -168]
[603, 247, -183]
[441, 249, 66]
[619, 409, -197]
[400, 391, 196]
[530, 501, -264]
[328, 461, 119]
[506, 529, -297]
[306, 476, 112]
[497, 513, -305]
[305, 468, 73]
[502, 502, -266]
[316, 459, 100]
[549, 535, -75]
[438, 524, 75]
[543, 754, -24]
[446, 743, 154]
[535, 935, 188]
[442, 932, 317]
[546, 962, 204]
[448, 963, 330]
[497, 990, 81]
[410, 984, 208]
[468, 135, -193]
[484, 113, -198]
[493, 113, -198]
[502, 113, -198]
[467, 115, -174]
[462, 116, -174]
[458, 116, -174]
[526, 125, -163]
[468, 126, -50]
[487, 154, -177]
[463, 154, -144]
[604, 247, -181]
[440, 249, 78]
[619, 408, -199]
[400, 393, 194]
[532, 515, -251]
[331, 469, 112]
[518, 545, -282]
[309, 492, 106]
[499, 532, -286]
[308, 472, 71]
[505, 518, -251]
[321, 463, 94]
[550, 534, -75]
[438, 523, 76]
[548, 754, -23]
[446, 745, 159]
[538, 940, 183]
[441, 936, 316]
[549, 970, 198]
[446, 966, 328]
[499, 995, 75]
[411, 991, 208]
[468, 134, -206]
[484, 113, -211]
[493, 112, -211]
[502, 112, -211]
[467, 114, -188]
[462, 115, -188]
[458, 116, -188]
[526, 125, -173]
[468, 126, -58]
[486, 153, -189]
[463, 154, -158]
[603, 247, -191]
[439, 250, 77]
[621, 405, -216]
[401, 396, 195]
[535, 521, -286]
[330, 476, 90]
[531, 552, -324]
[301, 496, 81]
[503, 538, -330]
[297, 489, 42]
[506, 524, -288]
[312, 483, 70]
[548, 536, -80]
[437, 522, 81]
[543, 761, -24]
[435, 749, 154]
[532, 949, 196]
[431, 941, 314]
[543, 978, 212]
[436, 971, 327]
[496, 1002, 82]
[405, 995, 196]
[467, 131, -232]
[483, 111, -234]
[492, 111, -234]
[501, 111, -235]
[466, 112, -212]
[462, 113, -212]
[458, 113, -212]
[526, 124, -185]
[468, 124, -75]
[485, 151, -212]
[462, 151, -180]
[600, 246, -191]
[438, 248, 49]
[621, 402, -218]
[402, 393, 138]
[554, 519, -307]
[343, 477, 7]
[553, 550, -345]
[320, 501, -11]
[532, 539, -341]
[314, 497, -55]
[531, 525, -310]
[328, 491, -14]
[530, 533, -80]
[420, 516, 80]
[511, 750, -60]
[406, 731, 135]
[493, 938, 146]
[394, 922, 301]
[499, 966, 158]
[398, 950, 313]
[460, 989, 20]
[369, 976, 177]
[466, 129, -232]
[482, 110, -234]
[491, 110, -234]
[500, 109, -234]
[465, 111, -211]
[461, 112, -211]
[456, 112, -211]
[526, 123, -188]
[467, 123, -76]
[484, 150, -212]
[461, 150, -180]
[600, 246, -204]
[437, 249, 49]
[620, 403, -227]
[403, 396, 139]
[558, 532, -313]
[339, 487, 8]
[555, 569, -352]
[312, 512, -7]
[531, 559, -350]
[305, 508, -53]
[531, 543, -316]
[317, 501, -15]
[532, 535, -82]
[422, 519, 82]
[517, 761, -76]
[411, 737, 122]
[503, 951, 143]
[404, 932, 271]
[512, 980, 156]
[408, 962, 281]
[470, 1004, 23]
[379, 987, 149]
[466, 129, -241]
[482, 109, -245]
[490, 109, -245]
[500, 109, -245]
[464, 111, -220]
[460, 111, -220]
[455, 112, -220]
[526, 122, -205]
[466, 123, -85]
[484, 149, -224]
[461, 149, -190]
[600, 246, -217]
[436, 249, 43]
[617, 405, -241]
[404, 398, 140]
[559, 540, -313]
[338, 492, 10]
[563, 592, -360]
[309, 517, -5]
[538, 584, -374]
[301, 511, -53]
[531, 551, -323]
[313, 505, -13]
[531, 538, -82]
[421, 524, 82]
[520, 767, -80]
[413, 743, 129]
[508, 954, 149]
[406, 938, 295]
[517, 983, 161]
[410, 968, 307]
[474, 1009, 34]
[381, 992, 181]
[466, 128, -245]
[482, 109, -248]
[490, 108, -248]
[500, 108, -248]
[464, 110, -224]
[460, 111, -224]
[455, 111, -224]
[526, 122, -205]
[466, 123, -92]
[484, 149, -228]
[460, 149, -195]
[600, 246, -218]
[435, 249, 36]
[615, 408, -241]
[404, 400, 130]
[563, 546, -312]
[341, 499, 8]
[565, 598, -355]
[313, 518, -6]
[540, 590, -370]
[304, 520, -53]
[534, 561, -319]
[317, 514, -14]
[532, 538, -83]
[422, 525, 84]
[522, 766, -76]
[416, 744, 134]
[511, 953, 152]
[408, 937, 312]
[520, 982, 165]
[412, 968, 325]
[477, 1008, 30]
[383, 992, 187]
[466, 128, -254]
[482, 108, -255]
[491, 108, -255]
[500, 108, -255]
[464, 109, -233]
[459, 110, -233]
[455, 111, -233]
[526, 121, -205]
[465, 122, -97]
[484, 148, -232]
[460, 148, -202]
[600, 246, -216]
[433, 250, 28]
[611, 409, -238]
[407, 400, 117]
[565, 551, -302]
[356, 496, -12]
[570, 597, -344]
[332, 519, -29]
[543, 591, -358]
[324, 519, -73]
[537, 566, -308]
[339, 511, -34]
[533, 539, -82]
[423, 527, 83]
[526, 765, -38]
[417, 746, 161]
[517, 954, 206]
[410, 937, 359]
[524, 984, 222]
[412, 968, 375]
[485, 1008, 78]
[390, 992, 234]
[466, 126, -250]
[482, 107, -251]
[491, 106, -252]
[500, 106, -252]
[464, 108, -229]
[459, 109, -229]
[455, 109, -230]
[526, 121, -203]
[464, 122, -96]
[484, 148, -230]
[460, 147, -199]
[600, 246, -216]
[432, 249, 31]
[610, 411, -234]
[409, 399, 124]
[564, 556, -284]
[359, 498, -6]
[565, 607, -325]
[342, 521, -22]
[542, 599, -336]
[338, 520, -63]
[537, 577, -288]
[346, 512, -28]
[534, 540, -84]
[422, 527, 85]
[525, 771, -41]
[418, 753, 160]
[513, 965, 200]
[409, 948, 348]
[521, 997, 216]
[412, 979, 363]
[478, 1018, 75]
[386, 1003, 229]
[466, 124, -259]
[482, 105, -259]
[491, 105, -259]
[500, 105, -259]
[464, 107, -237]
[459, 107, -237]
[454, 107, -237]
[526, 120, -204]
[464, 120, -97]
[484, 146, -236]
[460, 146, -206]
[599, 246, -216]
[430, 249, 31]
[610, 412, -235]
[412, 399, 108]
[566, 560, -293]
[361, 501, -45]
[569, 612, -332]
[347, 527, -66]
[543, 604, -353]
[350, 521, -110]
[539, 582, -292]
[355, 516, -68]
[534, 540, -84]
[422, 527, 84]
[525, 772, -42]
[418, 757, 160]
[514, 966, 198]
[409, 951, 345]
[522, 997, 213]
[411, 983, 360]
[479, 1021, 69]
[386, 1007, 219]
[466, 123, -262]
[482, 105, -262]
[491, 104, -262]
[500, 105, -262]
[464, 106, -241]
[459, 106, -240]
[454, 107, -241]
[526, 120, -204]
[463, 120, -99]
[484, 145, -238]
[460, 145, -208]
[598, 246, -215]
[430, 249, 29]
[610, 412, -235]
[412, 399, 113]
[579, 561, -299]
[374, 503, -27]
[586, 610, -340]
[367, 535, -46]
[560, 605, -356]
[372, 528, -89]
[555, 584, -301]
[373, 519, -49]
[535, 541, -84]
[423, 529, 85]
[526, 771, -43]
[417, 757, 166]
[514, 966, 193]
[408, 951, 361]
[523, 997, 207]
[410, 983, 376]
[479, 1020, 54]
[386, 1007, 224]
[466, 122, -259]
[482, 104, -259]
[491, 104, -259]
[500, 104, -259]
[463, 106, -237]
[458, 106, -237]
[454, 106, -237]
[526, 119, -204]
[463, 119, -97]
[484, 144, -236]
[460, 144, -205]
[598, 246, -217]
[429, 248, 30]
[609, 412, -235]
[412, 399, 115]
[579, 563, -290]
[373, 504, -14]
[585, 614, -329]
[364, 539, -31]
[558, 610, -342]
[364, 531, -73]
[553, 589, -294]
[369, 521, -36]
[535, 541, -84]
[422, 529, 85]
[525, 771, -35]
[414, 757, 178]
[512, 967, 192]
[403, 951, 368]
[520, 999, 206]
[404, 983, 383]
[476, 1020, 54]
[381, 1007, 234]
[466, 122, -262]
[482, 104, -263]
[491, 104, -263]
[500, 104, -263]
[463, 105, -241]
[458, 106, -241]
[453, 106, -241]
[526, 119, -207]
[463, 118, -103]
[484, 144, -240]
[460, 144, -210]
[598, 246, -219]
[429, 248, 21]
[609, 412, -234]
[411, 399, 114]
[577, 563, -289]
[374, 506, -9]
[581, 613, -330]
[363, 542, -25]
[556, 609, -343]
[363, 534, -67]
[551, 588, -295]
[368, 524, -30]
[535, 541, -84]
[422, 529, 85]
[524, 770, -34]
[412, 756, 174]
[511, 966, 192]
[400, 951, 364]
[519, 997, 206]
[402, 982, 379]
[476, 1019, 53]
[378, 1006, 230]
[466, 122, -263]
[482, 104, -264]
[491, 104, -264]
[500, 104, -264]
[463, 105, -242]
[458, 106, -242]
[453, 106, -242]
[526, 119, -209]
[462, 118, -103]
[484, 144, -241]
[460, 144, -210]
[598, 246, -219]
[428, 248, 22]
[607, 413, -234]
[411, 400, 110]
[575, 563, -293]
[372, 507, -16]
[579, 616, -334]
[361, 542, -33]
[554, 611, -346]
[363, 534, -77]
[550, 590, -299]
[365, 524, -38]
[535, 541, -84]
[422, 529, 85]
[523, 770, -51]
[411, 756, 173]
[511, 965, 188]
[399, 950, 363]
[518, 996, 203]
[401, 981, 378]
[475, 1019, 48]
[376, 1005, 231]
