[437, 134, -285]
[448, 118, -269]
[453, 119, -269]
[459, 120, -269]
[428, 115, -270]
[420, 115, -270]
[413, 115, -271]
[466, 129, -152]
[400, 123, -157]
[448, 156, -240]
[421, 155, -241]
[514, 241, -79]
[344, 232, -85]
[535, 382, -34]
[313, 375, -52]
[549, 508, -138]
[291, 496, -167]
[563, 539, -168]
[276, 529, -196]
[553, 544, -199]
[287, 532, -234]
[544, 531, -153]
[296, 518, -185]
[482, 513, -14]
[367, 508, 15]
[470, 705, 4]
[366, 705, 66]
[468, 875, 226]
[369, 881, 262]
[468, 898, 241]
[369, 909, 276]
[451, 937, 113]
[373, 937, 131]
[436, 134, -291]
[448, 117, -275]
[453, 118, -275]
[459, 119, -275]
[427, 115, -276]
[419, 115, -276]
[413, 114, -276]
[466, 128, -158]
[400, 123, -162]
[448, 156, -245]
[420, 155, -247]
[514, 240, -82]
[344, 232, -87]
[535, 382, -35]
[313, 375, -53]
[548, 507, -138]
[292, 496, -168]
[562, 538, -168]
[276, 528, -197]
[552, 542, -199]
[287, 531, -235]
[543, 530, -153]
[296, 518, -186]
[482, 513, -14]
[366, 508, 15]
[470, 705, 7]
[366, 705, 68]
[468, 874, 230]
[369, 881, 261]
[468, 898, 246]
[369, 908, 276]
[451, 937, 116]
[373, 937, 130]
[436, 133, -294]
[447, 117, -278]
[453, 118, -278]
[458, 119, -278]
[427, 115, -279]
[419, 114, -279]
[413, 114, -280]
[466, 127, -160]
[400, 123, -163]
[448, 156, -248]
[420, 155, -249]
[514, 239, -84]
[344, 231, -87]
[535, 382, -39]
[314, 374, -52]
[548, 507, -143]
[291, 496, -169]
[561, 540, -173]
[276, 528, -199]
[551, 545, -204]
[286, 532, -235]
[543, 531, -158]
[296, 519, -187]
[482, 514, -16]
[366, 508, 16]
[470, 705, 13]
[365, 704, 79]
[468, 874, 247]
[368, 881, 283]
[468, 898, 264]
[368, 908, 299]
[451, 937, 132]
[372, 937, 151]
[436, 133, -291]
[447, 117, -275]
[452, 117, -275]
[458, 118, -275]
[427, 114, -277]
[419, 114, -277]
[413, 114, -277]
[466, 127, -157]
[400, 123, -162]
[448, 156, -245]
[420, 154, -246]
[515, 239, -81]
[344, 231, -87]
[536, 382, -38]
[314, 374, -54]
[548, 507, -143]
[291, 496, -170]
[561, 539, -173]
[276, 528, -201]
[551, 544, -204]
[287, 532, -239]
[542, 530, -158]
[296, 519, -188]
[482, 514, -15]
[365, 508, 16]
[470, 706, 20]
[365, 705, 81]
[468, 874, 260]
[367, 881, 292]
[468, 899, 277]
[368, 909, 308]
[451, 938, 147]
[372, 938, 162]
[436, 133, -301]
[447, 116, -285]
[452, 117, -285]
[458, 118, -285]
[427, 114, -286]
[419, 114, -286]
[413, 114, -286]
[466, 127, -167]
[400, 122, -169]
[448, 155, -255]
[420, 154, -255]
[515, 239, -92]
[344, 231, -87]
[536, 382, -50]
[314, 374, -51]
[549, 507, -161]
[292, 496, -170]
[561, 538, -194]
[277, 528, -201]
[551, 542, -226]
[287, 532, -239]
[543, 529, -176]
[296, 518, -188]
[483, 514, -17]
[365, 508, 17]
[472, 706, 13]
[365, 705, 75]
[470, 876, 249]
[368, 882, 279]
[471, 900, 266]
[369, 910, 294]
[453, 940, 134]
[372, 939, 146]
[436, 133, -305]
[447, 116, -290]
[452, 117, -290]
[458, 118, -290]
[427, 114, -291]
[419, 114, -291]
[413, 114, -291]
[466, 127, -172]
[400, 123, -174]
[448, 156, -259]
[420, 154, -260]
[515, 239, -96]
[344, 231, -90]
[537, 382, -51]
[314, 374, -51]
[549, 507, -160]
[292, 496, -170]
[561, 537, -192]
[277, 528, -201]
[551, 542, -224]
[287, 531, -240]
[543, 529, -176]
[296, 518, -189]
[483, 514, -16]
[365, 508, 17]
[474, 707, 12]
[365, 706, 72]
[472, 877, 246]
[369, 884, 272]
[473, 901, 263]
[369, 912, 287]
[455, 941, 130]
[373, 941, 139]
[436, 133, -267]
[447, 116, -252]
[452, 117, -253]
[458, 118, -253]
[427, 114, -255]
[419, 114, -255]
[413, 114, -255]
[466, 127, -144]
[400, 123, -154]
[448, 156, -224]
[420, 154, -228]
[515, 239, -67]
[344, 230, -90]
[537, 381, -11]
[314, 372, -58]
[549, 505, -106]
[292, 494, -171]
[560, 534, -133]
[277, 526, -203]
[550, 538, -165]
[287, 528, -240]
[542, 528, -121]
[296, 516, -189]
[483, 513, -7]
[365, 507, 8]
[473, 704, 21]
[365, 703, 48]
[471, 870, 244]
[368, 877, 213]
[471, 892, 261]
[369, 903, 225]
[454, 934, 135]
[373, 934, 92]
[436, 133, -232]
[447, 117, -218]
[452, 117, -218]
[458, 118, -218]
[427, 114, -222]
[419, 114, -222]
[413, 114, -222]
[466, 127, -113]
[400, 123, -130]
[448, 156, -191]
[420, 155, -196]
[515, 238, -42]
[345, 229, -77]
[537, 377, 1]
[314, 367, -52]
[550, 493, -105]
[292, 486, -152]
[561, 519, -133]
[276, 517, -182]
[553, 522, -166]
[287, 517, -217]
[547, 513, -121]
[295, 507, -169]
[483, 509, 0]
[366, 505, 0]
[473, 700, 24]
[367, 699, 35]
[470, 864, 211]
[369, 871, 174]
[470, 886, 224]
[369, 896, 184]
[454, 924, 115]
[374, 926, 57]
[436, 133, -242]
[447, 117, -228]
[452, 118, -228]
[458, 118, -228]
[427, 115, -231]
[419, 114, -231]
[413, 114, -232]
[466, 127, -119]
[400, 123, -135]
[448, 156, -200]
[420, 155, -204]
[515, 237, -42]
[345, 228, -73]
[537, 373, 7]
[313, 363, -48]
[551, 484, -103]
[291, 476, -152]
[564, 507, -132]
[274, 505, -182]
[558, 511, -166]
[282, 505, -219]
[551, 502, -120]
[292, 497, -169]
[482, 502, 2]
[366, 498, -1]
[469, 694, 24]
[367, 690, 24]
[462, 859, 191]
[367, 864, 162]
[461, 882, 202]
[366, 889, 170]
[449, 917, 88]
[372, 918, 38]
[436, 133, -252]
[447, 117, -237]
[452, 118, -237]
[458, 118, -238]
[427, 115, -241]
[419, 114, -241]
[413, 114, -241]
[466, 127, -125]
[400, 122, -138]
[448, 156, -209]
[420, 155, -212]
[514, 237, -43]
[345, 227, -72]
[537, 369, 0]
[312, 360, -43]
[551, 477, -135]
[289, 470, -156]
[564, 502, -169]
[272, 497, -186]
[559, 505, -204]
[278, 497, -223]
[551, 496, -152]
[288, 490, -173]
[480, 500, 0]
[366, 493, 0]
[464, 688, 15]
[362, 683, 15]
[454, 851, 199]
[359, 855, 154]
[453, 873, 211]
[359, 879, 163]
[441, 907, 96]
[366, 908, 29]
[436, 133, -256]
[447, 117, -241]
[452, 118, -242]
[458, 118, -242]
[427, 115, -244]
[419, 114, -244]
[413, 114, -244]
[466, 127, -129]
[400, 122, -141]
[448, 155, -213]
[420, 154, -216]
[514, 235, -48]
[345, 226, -68]
[537, 367, -4]
[312, 359, -39]
[552, 475, -144]
[288, 470, -158]
[567, 502, -179]
[271, 497, -189]
[562, 503, -214]
[277, 497, -225]
[553, 494, -161]
[287, 489, -175]
[479, 499, 0]
[366, 492, 0]
[462, 687, 7]
[362, 682, 17]
[452, 851, 196]
[358, 855, 158]
[451, 874, 209]
[358, 880, 167]
[440, 908, 92]
[362, 909, 31]
[436, 133, -263]
[447, 117, -248]
[452, 118, -248]
[458, 118, -248]
[427, 115, -251]
[419, 114, -251]
[413, 114, -251]
[466, 127, -136]
[400, 122, -150]
[448, 155, -219]
[420, 154, -223]
[514, 235, -50]
[345, 226, -70]
[537, 366, -6]
[312, 357, -40]
[552, 474, -148]
[289, 464, -158]
[568, 498, -183]
[273, 491, -189]
[563, 500, -218]
[278, 490, -226]
[555, 492, -166]
[287, 483, -176]
[478, 497, 0]
[366, 491, 0]
[459, 686, -6]
[360, 679, -2]
[449, 849, 181]
[355, 853, 135]
[446, 871, 193]
[355, 877, 143]
[440, 905, 77]
[361, 907, 6]
[436, 133, -264]
[447, 117, -250]
[452, 118, -250]
[458, 118, -250]
[427, 115, -252]
[419, 114, -252]
[413, 114, -252]
[466, 127, -136]
[400, 122, -149]
[448, 155, -220]
[420, 154, -223]
[514, 235, -53]
[345, 225, -62]
[536, 364, -26]
[312, 353, -22]
[553, 465, -191]
[287, 453, -142]
[570, 490, -230]
[271, 480, -172]
[567, 488, -267]
[276, 478, -212]
[556, 480, -210]
[286, 472, -161]
[476, 496, 0]
[365, 489, 1]
[455, 687, -30]
[359, 680, -15]
[446, 851, 168]
[354, 853, 129]
[443, 872, 181]
[354, 878, 137]
[438, 907, 64]
[360, 908, -4]
[437, 133, -264]
[448, 117, -249]
[453, 118, -250]
[459, 118, -250]
[428, 115, -251]
[420, 114, -251]
[413, 114, -251]
[466, 127, -136]
[400, 122, -144]
[448, 155, -220]
[420, 154, -222]
[514, 236, -68]
[345, 225, -53]
[536, 363, -65]
[311, 353, -9]
[553, 453, -236]
[282, 448, -129]
[570, 481, -276]
[267, 473, -158]
[566, 473, -310]
[270, 471, -195]
[556, 465, -254]
[282, 463, -147]
[476, 497, -2]
[365, 490, 2]
[456, 688, -27]
[359, 681, 9]
[448, 851, 185]
[355, 855, 175]
[445, 873, 200]
[354, 880, 185]
[443, 909, 77]
[362, 909, 44]
[437, 133, -277]
[448, 117, -265]
[453, 118, -265]
[459, 118, -265]
[428, 115, -264]
[420, 114, -264]
[413, 114, -264]
[466, 127, -155]
[400, 122, -152]
[448, 155, -234]
[420, 154, -233]
[514, 236, -84]
[346, 225, -54]
[536, 363, -94]
[311, 352, 1]
[568, 423, -279]
[278, 434, -101]
[581, 441, -318]
[265, 457, -122]
[582, 428, -345]
[269, 456, -155]
[570, 421, -295]
[280, 448, -116]
[476, 497, -8]
[365, 490, 8]
[462, 688, 3]
[360, 682, 46]
[455, 853, 202]
[357, 855, 211]
[454, 875, 216]
[358, 881, 222]
[447, 909, 89]
[362, 912, 81]
[437, 133, -279]
[448, 117, -267]
[453, 118, -267]
[459, 118, -267]
[428, 115, -266]
[420, 114, -266]
[413, 114, -266]
[466, 127, -157]
[400, 122, -154]
[448, 155, -236]
[420, 154, -235]
[514, 236, -87]
[346, 225, -56]
[536, 363, -90]
[311, 352, -3]
[576, 425, -269]
[277, 432, -108]
[588, 443, -308]
[264, 457, -131]
[591, 432, -336]
[268, 454, -164]
[578, 424, -285]
[279, 448, -124]
[476, 497, -9]
[365, 490, 10]
[464, 688, 9]
[360, 683, 51]
[458, 853, 205]
[358, 856, 215]
[458, 877, 218]
[359, 882, 225]
[448, 910, 90]
[362, 914, 85]
[437, 133, -280]
[448, 117, -267]
[453, 118, -267]
[459, 118, -267]
[428, 114, -266]
[420, 114, -266]
[413, 114, -267]
[466, 127, -156]
[400, 122, -154]
[448, 155, -236]
[421, 154, -236]
[514, 236, -85]
[346, 225, -57]
[538, 364, -72]
[309, 352, -26]
[573, 434, -229]
[271, 416, -180]
[576, 456, -266]
[261, 440, -210]
[586, 449, -297]
[266, 436, -242]
[574, 440, -246]
[274, 426, -197]
[476, 498, -9]
[364, 491, 10]
[464, 688, 1]
[360, 683, 48]
[458, 854, 196]
[358, 856, 220]
[458, 877, 209]
[359, 882, 232]
[447, 910, 81]
[361, 915, 88]
[437, 133, -270]
[448, 117, -255]
[453, 118, -255]
[459, 118, -255]
[428, 114, -253]
[420, 114, -253]
[413, 113, -253]
[466, 127, -138]
[400, 122, -127]
[448, 155, -225]
[420, 154, -222]
[514, 237, -81]
[346, 225, -26]
[543, 365, -130]
[306, 352, -58]
[568, 395, -362]
[271, 391, -307]
[558, 413, -411]
[260, 411, -349]
[554, 395, -428]
[265, 401, -375]
[546, 383, -374]
[272, 392, -324]
[476, 498, -13]
[363, 494, 14]
[466, 689, -8]
[360, 684, 52]
[461, 856, 178]
[359, 857, 216]
[464, 881, 190]
[359, 883, 226]
[446, 912, 66]
[361, 915, 87]
[437, 133, -290]
[448, 117, -275]
[453, 117, -275]
[459, 118, -275]
[428, 114, -274]
[420, 113, -274]
[413, 113, -274]
[466, 127, -151]
[400, 121, -146]
[448, 155, -244]
[420, 154, -242]
[513, 237, -81]
[346, 225, -31]
[546, 365, -136]
[303, 355, -144]
[559, 374, -355]
[292, 343, -430]
[551, 382, -398]
[297, 358, -476]
[550, 360, -408]
[298, 329, -489]
[544, 357, -363]
[301, 328, -441]
[476, 498, -13]
[363, 495, 14]
[469, 689, -7]
[360, 684, 55]
[463, 857, 170]
[359, 858, 211]
[466, 881, 180]
[359, 884, 223]
[446, 912, 53]
[362, 915, 83]
[437, 133, -277]
[448, 116, -261]
[453, 117, -261]
[459, 118, -261]
[428, 114, -259]
[420, 113, -258]
[413, 113, -259]
[466, 127, -138]
[400, 121, -129]
[448, 155, -230]
[420, 154, -227]
[513, 237, -71]
[346, 225, -24]
[553, 365, -127]
[303, 354, -123]
[548, 368, -342]
[291, 335, -422]
[551, 379, -385]
[290, 336, -469]
[550, 356, -395]
[292, 314, -484]
[544, 353, -350]
[298, 316, -435]
[476, 499, -15]
[363, 496, 16]
[469, 689, -16]
[360, 685, 72]
[462, 857, 156]
[359, 858, 241]
[466, 881, 166]
[359, 883, 253]
[444, 912, 41]
[359, 915, 119]
[437, 133, -273]
[448, 116, -258]
[453, 117, -258]
[459, 118, -258]
[428, 113, -255]
[420, 113, -255]
[413, 113, -255]
[466, 126, -136]
[400, 121, -127]
[448, 155, -227]
[420, 153, -224]
[513, 237, -71]
[346, 225, -24]
[556, 365, -137]
[302, 354, -122]
[543, 368, -358]
[291, 332, -422]
[547, 379, -402]
[288, 334, -470]
[546, 355, -411]
[289, 313, -483]
[541, 353, -366]
[296, 314, -435]
[476, 500, -16]
[362, 498, 16]
[470, 689, -21]
[358, 685, 64]
[463, 857, 156]
[357, 859, 227]
[466, 882, 166]
[358, 883, 238]
[444, 913, 40]
[354, 915, 101]
[437, 133, -248]
[448, 116, -234]
[453, 117, -234]
[459, 118, -234]
[428, 113, -233]
[420, 112, -233]
[413, 112, -233]
[466, 126, -120]
[400, 120, -117]
[448, 155, -205]
[421, 153, -204]
[513, 236, -58]
[346, 224, -19]
[555, 361, -124]
[302, 351, -115]
[546, 357, -346]
[291, 323, -401]
[555, 361, -389]
[289, 324, -445]
[557, 338, -400]
[290, 302, -458]
[542, 342, -354]
[297, 303, -413]
[476, 500, -15]
[362, 498, 16]
[470, 689, -27]
[357, 686, 52]
[463, 857, 135]
[357, 859, 201]
[465, 881, 144]
[357, 883, 210]
[444, 913, 24]
[353, 915, 85]
[437, 132, -247]
[448, 115, -233]
[453, 116, -233]
[459, 117, -233]
[428, 113, -232]
[420, 112, -232]
[413, 112, -232]
[466, 126, -118]
[400, 120, -116]
[448, 155, -204]
[421, 153, -203]
[513, 235, -60]
[345, 224, -20]
[558, 353, -144]
[297, 347, -126]
[546, 356, -372]
[292, 317, -417]
[548, 356, -417]
[294, 316, -462]
[546, 331, -422]
[298, 294, -471]
[533, 341, -378]
[304, 295, -426]
[476, 500, -15]
[362, 498, 16]
[470, 688, -25]
[357, 686, 69]
[462, 857, 146]
[357, 858, 218]
[465, 881, 155]
[358, 882, 228]
[443, 912, 32]
[354, 914, 99]
[437, 132, -251]
[448, 115, -237]
[453, 116, -237]
[459, 117, -237]
[428, 112, -236]
[420, 112, -236]
[413, 111, -236]
[466, 126, -122]
[400, 120, -118]
[448, 154, -207]
[421, 153, -206]
[513, 235, -62]
[345, 222, -22]
[557, 351, -155]
[293, 336, -127]
[546, 345, -371]
[299, 309, -394]
[539, 339, -413]
[319, 314, -436]
[536, 316, -413]
[324, 292, -439]
[533, 327, -374]
[326, 293, -400]
[476, 500, -17]
[361, 498, 18]
[470, 688, -20]
[357, 686, 70]
[462, 856, 149]
[357, 857, 228]
[465, 880, 159]
[359, 881, 239]
[442, 912, 39]
[354, 914, 104]
[437, 132, -254]
[448, 115, -239]
[453, 116, -239]
[459, 117, -239]
[428, 112, -239]
[420, 111, -239]
[413, 111, -239]
[466, 126, -123]
[400, 119, -121]
[448, 154, -209]
[420, 152, -209]
[512, 232, -53]
[345, 218, -26]
[557, 331, -129]
[293, 332, -116]
[545, 340, -308]
[312, 305, -351]
[538, 336, -342]
[339, 314, -382]
[533, 316, -340]
[345, 292, -372]
[529, 320, -309]
[346, 293, -346]
[476, 497, -17]
[361, 495, 18]
[468, 686, -23]
[357, 683, 46]
[462, 850, 155]
[358, 853, 200]
[464, 872, 166]
[360, 877, 211]
[442, 908, 42]
[354, 911, 80]
[437, 132, -259]
[448, 115, -244]
[453, 116, -244]
[459, 117, -244]
[428, 112, -243]
[420, 111, -243]
[413, 111, -243]
[466, 126, -127]
[400, 119, -123]
[448, 154, -213]
[420, 152, -212]
[511, 232, -59]
[345, 218, -27]
[557, 333, -147]
[293, 328, -102]
[545, 337, -350]
[323, 311, -305]
[538, 330, -390]
[338, 316, -336]
[533, 309, -389]
[344, 295, -334]
[529, 317, -353]
[345, 295, -306]
[476, 496, -17]
[361, 494, 17]
[468, 686, -21]
[358, 683, 47]
[462, 851, 176]
[359, 854, 208]
[464, 873, 190]
[361, 877, 220]
[442, 909, 68]
[354, 912, 86]
[437, 132, -269]
[448, 115, -253]
[453, 116, -253]
[459, 117, -253]
[428, 112, -252]
[420, 111, -252]
[413, 111, -252]
[466, 126, -130]
[400, 118, -124]
[448, 154, -223]
[420, 152, -221]
[510, 231, -59]
[344, 218, -28]
[553, 337, -146]
[294, 332, -102]
[574, 305, -367]
[320, 304, -313]
[575, 296, -405]
[335, 312, -346]
[574, 278, -406]
[339, 290, -347]
[567, 282, -372]
[341, 291, -317]
[476, 496, -16]
[361, 493, 17]
[468, 686, -21]
[358, 683, 39]
[462, 851, 171]
[359, 854, 193]
[464, 873, 184]
[361, 877, 203]
[442, 912, 57]
[356, 913, 64]
[437, 132, -251]
[448, 115, -234]
[453, 116, -234]
[459, 117, -234]
[428, 112, -231]
[420, 111, -231]
[413, 111, -232]
[466, 126, -113]
[400, 118, -105]
[448, 154, -207]
[420, 152, -205]
[509, 232, -50]
[344, 218, -20]
[548, 365, -159]
[292, 343, -136]
[565, 302, -403]
[320, 292, -410]
[574, 283, -445]
[342, 298, -452]
[568, 270, -443]
[344, 274, -448]
[561, 279, -407]
[346, 278, -414]
[476, 496, -16]
[361, 494, 17]
[469, 690, -34]
[358, 686, 36]
[462, 862, 145]
[359, 860, 182]
[465, 884, 156]
[360, 884, 191]
[441, 922, 30]
[359, 919, 55]
[437, 131, -208]
[448, 114, -195]
[453, 115, -195]
[459, 117, -195]
[428, 111, -193]
[420, 110, -193]
[413, 110, -193]
[466, 126, -94]
[400, 117, -86]
[448, 154, -170]
[420, 151, -168]
[509, 232, -40]
[345, 218, -14]
[547, 372, -151]
[292, 351, -129]
[563, 284, -345]
[314, 276, -385]
[570, 264, -375]
[309, 262, -422]
[567, 252, -367]
[299, 243, -421]
[561, 260, -344]
[313, 254, -390]
[476, 497, -9]
[361, 495, 10]
[469, 690, -19]
[358, 687, 41]
[461, 862, 128]
[359, 860, 177]
[464, 884, 135]
[360, 884, 186]
[440, 922, 27]
[362, 919, 63]
[436, 130, -157]
[448, 113, -143]
[453, 114, -143]
[459, 115, -143]
[428, 109, -143]
[420, 108, -143]
[413, 108, -143]
[466, 125, -54]
[400, 116, -53]
[448, 153, -125]
[419, 150, -124]
[508, 232, -14]
[343, 218, -7]
[545, 374, -105]
[291, 360, -129]
[563, 262, -267]
[313, 261, -383]
[569, 241, -296]
[305, 238, -406]
[566, 232, -286]
[300, 227, -385]
[559, 242, -266]
[311, 237, -372]
[476, 499, -3]
[361, 496, 3]
[467, 690, -11]
[357, 688, 49]
[458, 862, 96]
[359, 861, 158]
[461, 884, 101]
[359, 884, 165]
[438, 922, 0]
[363, 921, 57]
[436, 129, -157]
[448, 112, -143]
[453, 113, -143]
[459, 114, -143]
[428, 108, -143]
[420, 107, -143]
[413, 106, -143]
[466, 124, -54]
[399, 114, -52]
[448, 152, -125]
[419, 149, -124]
[508, 232, -16]
[341, 217, -6]
[544, 375, -102]
[290, 364, -128]
[561, 261, -261]
[312, 258, -381]
[568, 240, -290]
[302, 234, -397]
[564, 225, -280]
[301, 223, -376]
[558, 237, -260]
[310, 233, -363]
[476, 500, -2]
[361, 497, 2]
[466, 690, -7]
[357, 689, 56]
[458, 862, 101]
[359, 861, 162]
[460, 884, 107]
[359, 884, 170]
[437, 922, 6]
[364, 921, 61]
[436, 128, -164]
[448, 111, -150]
[453, 112, -150]
[459, 113, -150]
[428, 107, -149]
[419, 106, -149]
[412, 105, -149]
[466, 123, -57]
[399, 113, -55]
[447, 151, -130]
[419, 148, -130]
[508, 232, -18]
[338, 218, -6]
[544, 374, -108]
[290, 365, -131]
[560, 254, -288]
[305, 252, -368]
[567, 234, -321]
[288, 227, -398]
[565, 226, -313]
[289, 215, -382]
[557, 231, -289]
[297, 225, -365]
[476, 502, -3]
[361, 500, 3]
[466, 692, -8]
[357, 694, 55]
[458, 865, 97]
[359, 866, 148]
[460, 886, 102]
[358, 887, 154]
[437, 924, -1]
[364, 926, 43]
[436, 127, -158]
[448, 110, -144]
[453, 112, -144]
[459, 113, -144]
[428, 106, -144]
[419, 106, -144]
[412, 105, -144]
[466, 123, -53]
[399, 113, -51]
[447, 150, -125]
[418, 148, -125]
[509, 232, -16]
[338, 218, -6]
[544, 374, -110]
[290, 365, -135]
[560, 252, -276]
[302, 250, -362]
[564, 228, -305]
[286, 224, -395]
[558, 216, -292]
[288, 211, -383]
[555, 228, -274]
[295, 221, -363]
[476, 504, -3]
[361, 503, 3]
[466, 694, -6]
[357, 697, 55]
[458, 868, 100]
[359, 869, 154]
[460, 889, 105]
[358, 890, 161]
[437, 927, 0]
[364, 930, 48]
[436, 127, -154]
[448, 110, -140]
[453, 111, -140]
[458, 113, -140]
[427, 106, -139]
[419, 105, -139]
[412, 105, -139]
[466, 123, -49]
[399, 113, -42]
[447, 150, -121]
[418, 147, -120]
[509, 232, -13]
[338, 219, 0]
[547, 373, -112]
[289, 365, -131]
[560, 241, -268]
[300, 242, -349]
[563, 215, -297]
[286, 215, -382]
[556, 202, -282]
[290, 202, -369]
[555, 216, -266]
[297, 214, -350]
[477, 506, -3]
[361, 505, 4]
[466, 696, -6]
[357, 700, 65]
[458, 871, 99]
[359, 872, 163]
[461, 892, 104]
[358, 893, 170]
[437, 929, 0]
[365, 932, 67]
[435, 127, -156]
[447, 110, -141]
[452, 111, -141]
[458, 112, -141]
[427, 106, -140]
[419, 105, -140]
[412, 105, -140]
[466, 123, -48]
[399, 113, -39]
[447, 150, -122]
[418, 147, -120]
[509, 231, -12]
[338, 219, 4]
[547, 372, -119]
[289, 364, -129]
[559, 237, -281]
[298, 241, -341]
[561, 206, -313]
[286, 213, -374]
[551, 192, -302]
[289, 200, -362]
[546, 212, -281]
[295, 213, -342]
[477, 506, -4]
[361, 506, 4]
[466, 697, -15]
[357, 701, 62]
[458, 875, 93]
[359, 875, 166]
[461, 897, 99]
[358, 897, 174]
[437, 934, -6]
[366, 936, 67]
[435, 127, -158]
[447, 110, -144]
[452, 111, -144]
[458, 112, -144]
[427, 106, -142]
[419, 105, -142]
[412, 105, -142]
[466, 123, -49]
[399, 113, -42]
[447, 150, -124]
[418, 147, -122]
[509, 231, -13]
[338, 219, 5]
[547, 372, -117]
[288, 364, -129]
[559, 239, -279]
[297, 242, -341]
[561, 210, -310]
[285, 214, -374]
[552, 197, -298]
[288, 202, -364]
[548, 213, -278]
[295, 214, -342]
[477, 507, -5]
[360, 506, 5]
[466, 698, -17]
[357, 702, 62]
[458, 876, 90]
[360, 877, 168]
[462, 898, 96]
[358, 899, 176]
[437, 935, -10]
[367, 937, 67]
[435, 127, -157]
[447, 110, -143]
[452, 111, -143]
[458, 113, -143]
[427, 106, -141]
[419, 105, -141]
[412, 105, -141]
[466, 123, -51]
[399, 113, -41]
[447, 150, -124]
[418, 147, -121]
[510, 231, -16]
[337, 220, 7]
[547, 371, -131]
[288, 365, -123]
[559, 236, -292]
[295, 245, -335]
[561, 208, -323]
[284, 219, -368]
[552, 195, -300]
[287, 207, -359]
[548, 211, -289]
[293, 217, -337]
[477, 507, -7]
[360, 506, 8]
[466, 698, -17]
[357, 701, 68]
[460, 876, 86]
[361, 876, 171]
[464, 899, 91]
[360, 898, 178]
[439, 934, -19]
[368, 936, 69]
[435, 127, -163]
[447, 110, -149]
[452, 111, -149]
[458, 113, -149]
[427, 106, -147]
[419, 105, -147]
[412, 105, -147]
[466, 123, -55]
[399, 113, -46]
[447, 150, -129]
[418, 147, -127]
[512, 231, -18]
[338, 221, 5]
[547, 372, -133]
[289, 367, -120]
[559, 238, -304]
[294, 247, -336]
[560, 210, -335]
[283, 220, -370]
[552, 197, -317]
[285, 208, -362]
[550, 211, -302]
[292, 219, -339]
[477, 507, -7]
[360, 507, 8]
[467, 698, -9]
[357, 701, 61]
[461, 877, 93]
[361, 877, 158]
[465, 899, 99]
[360, 899, 164]
[440, 935, -10]
[368, 936, 48]
[435, 127, -159]
[447, 110, -145]
[452, 111, -145]
[458, 112, -144]
[427, 106, -143]
[419, 105, -143]
[412, 105, -143]
[466, 123, -51]
[399, 113, -44]
[447, 150, -125]
[418, 147, -123]
[513, 231, -15]
[338, 221, 5]
[547, 372, -131]
[289, 366, -120]
[559, 240, -301]
[294, 245, -334]
[560, 212, -330]
[283, 219, -368]
[552, 199, -313]
[285, 207, -359]
[550, 213, -298]
[292, 218, -337]
[478, 507, -6]
[360, 506, 6]
[468, 698, -9]
[357, 701, 55]
[463, 876, 95]
[362, 877, 157]
[466, 899, 101]
[361, 899, 164]
[442, 935, -6]
[370, 936, 50]
[435, 127, -161]
[447, 110, -147]
[452, 111, -147]
[458, 112, -146]
[427, 106, -146]
[419, 105, -146]
[412, 104, -146]
[466, 123, -52]
[399, 113, -49]
[447, 150, -127]
[419, 147, -127]
[513, 232, -16]
[338, 222, -4]
[547, 373, -139]
[289, 367, -136]
[559, 242, -328]
[294, 246, -361]
[560, 216, -358]
[282, 221, -396]
[552, 204, -345]
[284, 208, -387]
[549, 217, -327]
[291, 219, -364]
[478, 507, -4]
[360, 507, 5]
[468, 698, -5]
[358, 701, 45]
[464, 876, 107]
[363, 877, 148]
[467, 898, 113]
[361, 899, 155]
[443, 935, 6]
[371, 936, 39]
[435, 127, -167]
[447, 109, -152]
[452, 111, -152]
[458, 112, -152]
[427, 106, -152]
[419, 105, -152]
[412, 104, -152]
[466, 123, -55]
[399, 113, -54]
[447, 150, -132]
[419, 147, -132]
[513, 232, -16]
[337, 222, -8]
[547, 373, -145]
[289, 367, -141]
[559, 243, -342]
[293, 247, -369]
[559, 217, -374]
[282, 222, -405]
[553, 207, -361]
[283, 209, -397]
[549, 219, -342]
[290, 220, -372]
[478, 507, -3]
[360, 507, 4]
[469, 698, -4]
[358, 701, 43]
[465, 876, 113]
[363, 877, 149]
[468, 898, 120]
[362, 899, 156]
[444, 935, 12]
[373, 936, 40]
[436, 127, -178]
[447, 109, -163]
[453, 111, -163]
[459, 112, -163]
[428, 106, -163]
[420, 105, -163]
[413, 104, -163]
[467, 123, -63]
[400, 113, -64]
[448, 150, -142]
[420, 147, -142]
[513, 233, -17]
[338, 223, -13]
[547, 373, -142]
[289, 367, -146]
[559, 248, -331]
[293, 248, -385]
[560, 226, -363]
[282, 223, -421]
[555, 212, -352]
[284, 210, -415]
[551, 224, -331]
[291, 221, -388]
[478, 507, -3]
[360, 507, 4]
[469, 699, -5]
[359, 701, 44]
[465, 876, 111]
[363, 877, 150]
[468, 898, 117]
[362, 899, 157]
[444, 936, 6]
[372, 936, 39]
[437, 126, -188]
[448, 109, -174]
[454, 110, -174]
[460, 112, -174]
[428, 105, -172]
[421, 105, -172]
[413, 104, -172]
[467, 123, -76]
[400, 113, -68]
[448, 149, -152]
[420, 147, -150]
[514, 234, -32]
[338, 222, -12]
[546, 374, -146]
[291, 369, -141]
[556, 249, -331]
[295, 251, -375]
[558, 226, -364]
[283, 225, -410]
[554, 213, -352]
[284, 213, -403]
[549, 225, -331]
[291, 222, -378]
[478, 507, -7]
[360, 507, 8]
[469, 699, -5]
[358, 701, 68]
[464, 876, 119]
[363, 877, 196]
[467, 898, 125]
[362, 899, 205]
[444, 936, 10]
[370, 936, 83]
[438, 126, -203]
[448, 109, -188]
[454, 110, -188]
[460, 112, -188]
[429, 105, -186]
[421, 104, -186]
[414, 104, -186]
[468, 122, -83]
[400, 112, -75]
[449, 149, -165]
[421, 146, -163]
[514, 234, -31]
[340, 221, -17]
[546, 374, -143]
[292, 369, -154]
[597, 260, -333]
[296, 252, -408]
[605, 237, -366]
[283, 225, -447]
[608, 221, -359]
[284, 214, -440]
[597, 230, -335]
[292, 223, -412]
[478, 507, -9]
[360, 507, 10]
[469, 700, -21]
[358, 701, 69]
[463, 876, 110]
[362, 877, 206]
[466, 899, 116]
[361, 899, 216]
[442, 936, -6]
[367, 936, 89]
[438, 126, -228]
[449, 108, -212]
[455, 109, -212]
[461, 111, -212]
[429, 105, -210]
[421, 104, -210]
[414, 103, -210]
[468, 122, -102]
[401, 112, -91]
[449, 149, -187]
[421, 146, -184]
[514, 234, -36]
[343, 221, -25]
[546, 375, -147]
[293, 369, -165]
[611, 269, -365]
[296, 260, -440]
[620, 245, -399]
[283, 236, -479]
[624, 228, -394]
[285, 225, -476]
[612, 238, -368]
[292, 232, -445]
[478, 507, -9]
[360, 506, 10]
[469, 700, -24]
[358, 701, 66]
[463, 876, 112]
[362, 876, 204]
[467, 899, 119]
[360, 898, 213]
[442, 936, -4]
[366, 936, 82]
[438, 125, -243]
[449, 108, -227]
[455, 109, -227]
[461, 110, -227]
[429, 104, -224]
[421, 103, -224]
[414, 103, -224]
[469, 121, -111]
[401, 111, -98]
[450, 148, -201]
[421, 146, -197]
[514, 233, -40]
[344, 220, -27]
[545, 375, -150]
[295, 369, -168]
[611, 275, -375]
[298, 264, -446]
[604, 251, -410]
[288, 244, -486]
[626, 234, -406]
[285, 230, -483]
[614, 244, -379]
[294, 237, -451]
[478, 506, -11]
[360, 506, 12]
[469, 700, -34]
[359, 700, 68]
[463, 877, 112]
[361, 876, 219]
[467, 899, 119]
[360, 898, 230]
[442, 936, -8]
[365, 935, 94]
[438, 124, -259]
[449, 107, -241]
[455, 108, -241]
[462, 109, -241]
[429, 103, -240]
[421, 102, -240]
[414, 102, -240]
[469, 120, -117]
[401, 110, -109]
[450, 147, -214]
[421, 145, -211]
[514, 232, -46]
[345, 217, -32]
[545, 369, -149]
[297, 364, -175]
[590, 284, -373]
[297, 266, -460]
[597, 267, -411]
[285, 248, -502]
[619, 255, -410]
[283, 233, -502]
[610, 255, -378]
[294, 243, -466]
[478, 505, -13]
[360, 505, 14]
[471, 699, -36]
[361, 699, 79]
[465, 876, 125]
[363, 874, 258]
[469, 899, 134]
[362, 897, 271]
[444, 936, 0]
[366, 934, 132]
[438, 124, -261]
[449, 106, -245]
[455, 107, -245]
[462, 109, -245]
[429, 103, -243]
[421, 102, -243]
[414, 101, -243]
[470, 120, -126]
[401, 109, -114]
[450, 147, -216]
[422, 144, -213]
[516, 231, -59]
[345, 216, -30]
[546, 367, -166]
[298, 362, -167]
[572, 301, -398]
[300, 280, -440]
[595, 286, -439]
[304, 283, -482]
[608, 269, -440]
[305, 261, -482]
[579, 276, -404]
[311, 266, -446]
[478, 505, -15]
[361, 505, 15]
[472, 699, -32]
[361, 699, 75]
[466, 875, 145]
[364, 873, 243]
[470, 899, 155]
[363, 896, 255]
[444, 935, 21]
[366, 933, 117]
[438, 123, -265]
[449, 106, -248]
[455, 107, -248]
[462, 108, -248]
[429, 102, -247]
[421, 101, -247]
[414, 101, -247]
[470, 119, -124]
[401, 108, -118]
[450, 147, -218]
[421, 144, -216]
[516, 230, -52]
[345, 215, -29]
[549, 350, -141]
[298, 357, -120]
[614, 300, -396]
[323, 302, -347]
[610, 290, -417]
[351, 316, -382]
[633, 272, -411]
[356, 292, -383]
[617, 277, -383]
[356, 292, -351]
[478, 504, -17]
[361, 503, 18]
[474, 699, -34]
[361, 698, 72]
[467, 873, 159]
[364, 869, 238]
[471, 896, 171]
[364, 893, 251]
[445, 933, 42]
[366, 929, 112]
[438, 122, -255]
[450, 105, -240]
[455, 106, -240]
[462, 108, -240]
[429, 102, -238]
[421, 101, -238]
[414, 100, -238]
[470, 118, -122]
[401, 108, -113]
[450, 146, -210]
[421, 143, -208]
[515, 228, -55]
[345, 215, -24]
[551, 341, -141]
[302, 352, -104]
[606, 308, -384]
[320, 301, -358]
[599, 310, -425]
[330, 312, -398]
[598, 294, -436]
[339, 289, -404]
[589, 297, -390]
[341, 290, -366]
[478, 503, -17]
[361, 503, 17]
[475, 697, -33]
[362, 696, 71]
[468, 869, 151]
[366, 866, 243]
[471, 893, 162]
[365, 890, 255]
[447, 929, 36]
[368, 925, 119]
[438, 121, -255]
[450, 104, -240]
[455, 105, -240]
[462, 106, -240]
[429, 101, -238]
[421, 100, -238]
[414, 99, -238]
[470, 117, -122]
[401, 107, -114]
[450, 145, -211]
[422, 143, -209]
[515, 228, -56]
[345, 214, -24]
[552, 341, -141]
[304, 352, -104]
[577, 317, -380]
[317, 307, -360]
[585, 313, -425]
[322, 325, -401]
[577, 299, -435]
[327, 302, -408]
[570, 302, -389]
[332, 301, -369]
[478, 503, -16]
[361, 502, 17]
[475, 696, -31]
[363, 695, 69]
[468, 868, 158]
[366, 866, 241]
[472, 892, 170]
[365, 889, 253]
[448, 928, 43]
[369, 925, 117]
[439, 120, -252]
[450, 103, -238]
[455, 104, -238]
[462, 106, -238]
[429, 100, -233]
[421, 99, -233]
[414, 99, -233]
[470, 116, -116]
[401, 107, -111]
[450, 145, -203]
[422, 142, -208]
[516, 227, -49]
[345, 214, -34]
[564, 331, -97]
[299, 339, -136]
[552, 341, -267]
[340, 309, -369]
[545, 350, -303]
[369, 325, -409]
[536, 327, -306]
[376, 302, -410]
[535, 325, -270]
[374, 302, -374]
[479, 503, -14]
[361, 502, 14]
[476, 697, -27]
[366, 696, 69]
[470, 867, 164]
[368, 866, 243]
[473, 889, 176]
[368, 889, 256]
[452, 927, 55]
[369, 926, 125]
[439, 120, -273]
[450, 102, -257]
[455, 103, -257]
[462, 105, -257]
[429, 99, -257]
[421, 98, -257]
[414, 98, -257]
[470, 115, -135]
[401, 106, -135]
[450, 144, -225]
[422, 141, -226]
[519, 227, -69]
[342, 214, -43]
[566, 336, -134]
[295, 342, -143]
[545, 350, -315]
[340, 319, -396]
[539, 355, -362]
[364, 333, -441]
[532, 335, -362]
[368, 308, -443]
[530, 333, -314]
[367, 308, -402]
[480, 503, -16]
[361, 503, 17]
[477, 698, -19]
[365, 698, 80]
[472, 868, 175]
[368, 869, 255]
[475, 892, 187]
[368, 893, 267]
[452, 929, 57]
[368, 930, 130]
[439, 119, -272]
[450, 101, -257]
[456, 102, -257]
[463, 104, -257]
[430, 98, -257]
[422, 97, -257]
[414, 97, -257]
[470, 113, -136]
[401, 105, -135]
[451, 143, -225]
[422, 141, -226]
[519, 227, -67]
[342, 214, -41]
[571, 337, -137]
[295, 343, -145]
[548, 349, -355]
[312, 312, -435]
[548, 349, -401]
[319, 322, -483]
[545, 326, -405]
[303, 306, -490]
[541, 325, -360]
[309, 307, -445]
[480, 503, -16]
[361, 503, 17]
[477, 699, -19]
[365, 700, 81]
[472, 871, 165]
[367, 873, 266]
[475, 895, 176]
[368, 897, 279]
[452, 931, 48]
[368, 935, 137]
[440, 118, -294]
[451, 101, -279]
[456, 102, -279]
[463, 103, -279]
[430, 98, -278]
[422, 97, -278]
[415, 96, -278]
[471, 113, -153]
[402, 105, -149]
[451, 143, -246]
[423, 140, -245]
[519, 227, -63]
[343, 214, -57]
[569, 344, -116]
[294, 344, -170]
[588, 338, -341]
[279, 312, -468]
[573, 335, -379]
[270, 314, -512]
[567, 316, -391]
[266, 297, -522]
[590, 315, -349]
[273, 299, -478]
[481, 504, -8]
[361, 504, 9]
[477, 705, -32]
[363, 703, 63]
[473, 880, 159]
[365, 878, 257]
[475, 905, 170]
[364, 901, 270]
[456, 942, 31]
[368, 943, 129]
[440, 118, -298]
[451, 100, -282]
[456, 101, -282]
[463, 103, -282]
[430, 97, -281]
[423, 96, -281]
[415, 96, -281]
[471, 112, -154]
[403, 104, -150]
[452, 142, -249]
[424, 140, -248]
[519, 227, -62]
[344, 214, -57]
[567, 348, -114]
[294, 346, -175]
[597, 334, -338]
[272, 311, -479]
[600, 329, -375]
[261, 311, -524]
[604, 310, -388]
[260, 292, -534]
[600, 311, -347]
[268, 294, -489]
[482, 504, -7]
[361, 505, 8]
[477, 706, -37]
[362, 704, 60]
[473, 883, 154]
[363, 880, 257]
[475, 907, 165]
[362, 903, 271]
[457, 945, 24]
[368, 945, 128]
[440, 117, -290]
[451, 100, -275]
[456, 101, -275]
[463, 102, -275]
[430, 97, -274]
[423, 96, -274]
[415, 95, -274]
[471, 111, -152]
[403, 104, -149]
[452, 142, -243]
[424, 139, -242]
[519, 227, -69]
[344, 215, -52]
[569, 356, -119]
[294, 350, -151]
[570, 360, -335]
[278, 323, -468]
[586, 370, -374]
[269, 322, -510]
[588, 348, -385]
[267, 298, -503]
[557, 339, -343]
[276, 299, -482]
[482, 506, -9]
[361, 506, 9]
[477, 706, -12]
[362, 705, 74]
[473, 882, 175]
[364, 880, 257]
[475, 906, 186]
[364, 903, 271]
[456, 944, 53]
[368, 944, 129]
[441, 117, -297]
[451, 100, -281]
[457, 101, -281]
[464, 102, -281]
[431, 97, -282]
[423, 96, -282]
[415, 95, -282]
[471, 111, -157]
[403, 104, -158]
[452, 141, -250]
[425, 139, -250]
[520, 228, -76]
[344, 215, -59]
[569, 366, -128]
[293, 356, -146]
[554, 363, -351]
[279, 348, -440]
[564, 367, -395]
[278, 360, -486]
[567, 343, -403]
[273, 335, -493]
[553, 340, -359]
[281, 332, -462]
[483, 508, -9]
[361, 507, 9]
[477, 706, -7]
[360, 706, 71]
[472, 882, 179]
[361, 881, 251]
[474, 906, 190]
[360, 904, 263]
[456, 944, 54]
[368, 946, 113]
[441, 117, -296]
[452, 100, -280]
[457, 101, -280]
[464, 102, -280]
[432, 97, -278]
[424, 96, -278]
[416, 95, -278]
[472, 111, -156]
[404, 104, -150]
[453, 141, -248]
[425, 139, -246]
[521, 228, -72]
[345, 215, -55]
[568, 366, -111]
[293, 357, -113]
[557, 382, -330]
[271, 388, -372]
[574, 395, -378]
[257, 419, -417]
[563, 384, -400]
[265, 401, -443]
[551, 369, -343]
[278, 386, -390]
[484, 508, -7]
[363, 506, 8]
[480, 705, -3]
[362, 705, 58]
[474, 880, 187]
[362, 881, 228]
[475, 904, 199]
[360, 904, 239]
[457, 943, 68]
[372, 945, 93]
[441, 116, -294]
[452, 99, -277]
[458, 100, -277]
[465, 102, -277]
[432, 96, -274]
[424, 95, -274]
[417, 94, -274]
[472, 111, -150]
[404, 103, -146]
[453, 140, -245]
[425, 138, -243]
[522, 228, -77]
[345, 215, -53]
[565, 367, -93]
[294, 358, -86]
[558, 409, -275]
[270, 397, -308]
[569, 436, -318]
[258, 424, -351]
[569, 419, -346]
[265, 405, -378]
[551, 399, -290]
[276, 396, -325]
[485, 507, -7]
[363, 504, 8]
[481, 704, 2]
[364, 705, 61]
[475, 876, 215]
[362, 881, 247]
[476, 900, 229]
[362, 904, 260]
[457, 940, 101]
[372, 943, 115]
[442, 116, -290]
[452, 99, -272]
[458, 100, -272]
[465, 101, -272]
[432, 95, -271]
[424, 94, -271]
[417, 94, -271]
[472, 111, -147]
[404, 102, -144]
[453, 139, -242]
[426, 137, -239]
[522, 228, -79]
[345, 215, -52]
[564, 367, -87]
[295, 358, -74]
[559, 414, -261]
[268, 406, -280]
[566, 443, -302]
[257, 431, -321]
[564, 419, -331]
[264, 415, -349]
[551, 408, -276]
[274, 405, -297]
[486, 507, -7]
[364, 504, 8]
[481, 704, 1]
[365, 705, 61]
[475, 875, 217]
[363, 880, 254]
[476, 898, 232]
[363, 904, 268]
[457, 938, 103]
[372, 943, 123]
[442, 115, -285]
[452, 98, -268]
[458, 99, -268]
[465, 101, -268]
[432, 95, -267]
[424, 94, -267]
[417, 93, -267]
[472, 110, -148]
[404, 101, -146]
[453, 138, -238]
[426, 136, -237]
[523, 228, -83]
[345, 214, -54]
[561, 365, -67]
[297, 355, -40]
[561, 435, -216]
[264, 432, -194]
[569, 468, -253]
[246, 459, -227]
[565, 454, -286]
[258, 454, -261]
[555, 439, -233]
[269, 442, -212]
[486, 507, -8]
[364, 501, 9]
[481, 704, -1]
[368, 705, 60]
[475, 874, 213]
[366, 880, 255]
[476, 897, 228]
[366, 904, 269]
[458, 937, 98]
[373, 943, 123]
[442, 114, -294]
[452, 97, -278]
[458, 99, -278]
[466, 100, -278]
[432, 94, -279]
[424, 93, -279]
[417, 92, -279]
[473, 109, -157]
[404, 100, -164]
[453, 137, -248]
[426, 134, -250]
[522, 227, -90]
[345, 213, -74]
[556, 363, -66]
[300, 353, -74]
[562, 451, -215]
[266, 440, -255]
[571, 481, -253]
[254, 475, -292]
[565, 474, -286]
[261, 460, -326]
[556, 466, -232]
[273, 452, -273]
[487, 504, -8]
[365, 499, 9]
[481, 704, -2]
[369, 705, 60]
[475, 874, 207]
[368, 880, 254]
[477, 897, 221]
[368, 905, 268]
[459, 937, 91]
[373, 942, 121]
[442, 112, -288]
[453, 96, -270]
[458, 97, -270]
[466, 98, -270]
[432, 92, -273]
[424, 91, -273]
[417, 91, -273]
[473, 108, -150]
[404, 99, -159]
[453, 135, -242]
[426, 133, -247]
[522, 226, -87]
[345, 212, -67]
[550, 357, -54]
[303, 349, -59]
[562, 449, -208]
[279, 441, -214]
[572, 479, -247]
[263, 481, -251]
[566, 473, -281]
[279, 466, -285]
[556, 463, -225]
[286, 458, -232]
[487, 503, -7]
[365, 498, 8]
[480, 703, -3]
[370, 704, 51]
[475, 873, 217]
[369, 880, 247]
[476, 896, 232]
[370, 904, 261]
[459, 935, 102]
[375, 941, 112]
[442, 111, -286]
[453, 95, -267]
[459, 96, -267]
[466, 97, -267]
[432, 92, -271]
[424, 91, -271]
[417, 90, -271]
[473, 107, -146]
[404, 99, -155]
[453, 134, -240]
[426, 132, -247]
[523, 225, -81]
[345, 211, -66]
[547, 352, -51]
[305, 347, -59]
[562, 449, -216]
[287, 444, -214]
[574, 478, -258]
[270, 476, -252]
[567, 472, -292]
[283, 471, -288]
[558, 461, -233]
[291, 464, -233]
[488, 502, -7]
[366, 497, 7]
[480, 701, -8]
[371, 700, 39]
[475, 870, 211]
[371, 876, 231]
[475, 893, 226]
[371, 901, 244]
[460, 931, 96]
[377, 936, 94]
[442, 111, -285]
[453, 95, -267]
[459, 96, -267]
[466, 97, -267]
[432, 92, -270]
[424, 91, -270]
[417, 90, -270]
[473, 107, -146]
[404, 99, -155]
[453, 134, -239]
[426, 132, -243]
[523, 224, -80]
[345, 210, -68]
[545, 351, -48]
[306, 347, -61]
[562, 452, -206]
[292, 446, -218]
[575, 481, -247]
[277, 476, -255]
[569, 474, -283]
[289, 472, -292]
[560, 465, -224]
[296, 466, -236]
[488, 502, -7]
[366, 496, 7]
[480, 700, -11]
[373, 699, 37]
[475, 869, 207]
[373, 876, 224]
[475, 892, 222]
[373, 900, 236]
[461, 930, 91]
[379, 935, 87]
[442, 111, -281]
[453, 95, -263]
[459, 96, -264]
[466, 97, -264]
[432, 92, -267]
[424, 91, -267]
[417, 90, -267]
[474, 107, -145]
[404, 99, -153]
[454, 134, -235]
[426, 132, -241]
[523, 224, -72]
[345, 210, -68]
[545, 351, -37]
[308, 345, -38]
[563, 454, -199]
[292, 452, -166]
[577, 479, -240]
[277, 482, -200]
[573, 475, -276]
[289, 482, -239]
[563, 467, -218]
[296, 473, -184]
[487, 496, -6]
[367, 492, 6]
[474, 696, -12]
[370, 691, 16]
[466, 866, 195]
[366, 872, 176]
[464, 889, 208]
[365, 897, 186]
[453, 926, 79]
[371, 929, 38]
[442, 111, -269]
[453, 95, -252]
[459, 96, -252]
[466, 97, -252]
[432, 92, -256]
[425, 91, -256]
[417, 90, -256]
[474, 107, -134]
[405, 98, -150]
[454, 134, -224]
[426, 132, -229]
[523, 224, -61]
[346, 209, -73]
[546, 352, -34]
[310, 344, -55]
[562, 458, -193]
[295, 455, -193]
[576, 485, -236]
[281, 484, -230]
[572, 484, -270]
[293, 486, -266]
[563, 474, -211]
[300, 477, -210]
[487, 497, -1]
[367, 492, 2]
[472, 696, 7]
[369, 691, 28]
[463, 866, 226]
[365, 870, 200]
[462, 889, 241]
[363, 895, 212]
[452, 925, 117]
[371, 929, 66]
[442, 110, -269]
[453, 95, -252]
[459, 96, -252]
[466, 97, -252]
[433, 91, -256]
[425, 90, -256]
[418, 90, -256]
[474, 107, -133]
[405, 98, -149]
[454, 133, -224]
[426, 131, -229]
[524, 223, -55]
[346, 209, -74]
[546, 351, -14]
[311, 344, -54]
[562, 461, -159]
[299, 460, -183]
[576, 487, -198]
[286, 490, -218]
[572, 488, -231]
[297, 491, -254]
[563, 478, -176]
[304, 481, -200]
[489, 497, -2]
[368, 492, 2]
[475, 696, 14]
[371, 692, 37]
[467, 866, 245]
[367, 871, 227]
[466, 889, 261]
[366, 895, 241]
[456, 926, 134]
[376, 929, 93]
[442, 109, -270]
[453, 94, -253]
[459, 95, -253]
[466, 96, -253]
[433, 90, -256]
[425, 89, -256]
[418, 89, -256]
[474, 106, -134]
[405, 97, -149]
[454, 132, -225]
[426, 130, -229]
[524, 223, -57]
[346, 209, -76]
[547, 353, -26]
[313, 345, -55]
[562, 470, -163]
[298, 466, -180]
[576, 497, -201]
[288, 497, -214]
[569, 500, -233]
[299, 497, -251]
[561, 489, -179]
[305, 488, -197]
[489, 497, -5]
[369, 492, 5]
[475, 696, 14]
[369, 692, 52]
[467, 866, 240]
[366, 871, 238]
[465, 890, 256]
[364, 896, 252]
[453, 926, 129]
[374, 929, 107]
[442, 109, -264]
[453, 93, -247]
[459, 95, -247]
[466, 96, -247]
[433, 90, -250]
[425, 89, -250]
[418, 88, -250]
[475, 106, -130]
[405, 97, -146]
[454, 132, -220]
[426, 130, -224]
[524, 223, -59]
[346, 209, -76]
[547, 354, -25]
[313, 346, -54]
[562, 474, -155]
[298, 468, -174]
[575, 500, -191]
[290, 499, -207]
[568, 503, -223]
[301, 500, -242]
[561, 493, -171]
[306, 490, -191]
[489, 497, -6]
[369, 491, 6]
[474, 696, 19]
[368, 692, 52]
[466, 866, 237]
[365, 870, 227]
[465, 890, 252]
[364, 895, 239]
[452, 927, 130]
[372, 929, 100]
[442, 108, -255]
[454, 92, -238]
[459, 94, -238]
[467, 95, -239]
[433, 89, -241]
[425, 88, -241]
[418, 88, -242]
[475, 105, -126]
[405, 96, -139]
[454, 131, -212]
[426, 129, -215]
[525, 222, -60]
[346, 209, -76]
[547, 355, -27]
[314, 348, -56]
[561, 475, -152]
[299, 472, -169]
[573, 501, -187]
[290, 505, -200]
[566, 503, -218]
[301, 507, -234]
[559, 493, -167]
[306, 497, -185]
[489, 500, -6]
[369, 493, 6]
[474, 697, 15]
[368, 694, 44]
[466, 868, 232]
[367, 871, 212]
[466, 891, 248]
[365, 896, 224]
[452, 929, 129]
[374, 931, 89]
[442, 108, -268]
[454, 92, -252]
[460, 93, -252]
[467, 94, -252]
[433, 88, -256]
[425, 87, -256]
[418, 87, -256]
[475, 104, -136]
[405, 96, -151]
[455, 131, -224]
[426, 129, -228]
[525, 222, -67]
[346, 209, -83]
[547, 358, -31]
[314, 353, -57]
[560, 478, -160]
[301, 480, -173]
[572, 504, -196]
[292, 515, -205]
[565, 506, -228]
[304, 516, -241]
[558, 497, -176]
[308, 504, -189]
[489, 500, -6]
[369, 494, 6]
[474, 697, 13]
[368, 694, 44]
[466, 869, 237]
[366, 872, 214]
[466, 892, 253]
[365, 897, 227]
[452, 931, 131]
[374, 931, 89]
[442, 107, -285]
[454, 91, -268]
[460, 93, -268]
[467, 94, -268]
[433, 88, -271]
[425, 87, -271]
[418, 87, -271]
[475, 104, -149]
[405, 96, -161]
[455, 131, -239]
[426, 129, -243]
[525, 222, -76]
[345, 209, -89]
[547, 360, -33]
[314, 358, -58]
[561, 484, -164]
[302, 487, -181]
[572, 511, -200]
[293, 522, -213]
[565, 513, -232]
[305, 523, -251]
[558, 504, -181]
[310, 510, -198]
[489, 502, -8]
[369, 497, 8]
[474, 702, 6]
[366, 699, 44]
[466, 876, 233]
[366, 879, 216]
[466, 900, 249]
[365, 905, 228]
[452, 940, 126]
[373, 939, 90]
[442, 106, -293]
[454, 90, -276]
[460, 91, -276]
[467, 92, -276]
[433, 87, -279]
[425, 86, -279]
[418, 86, -279]
[475, 103, -158]
[405, 95, -169]
[455, 129, -247]
[426, 128, -250]
[526, 222, -81]
[345, 210, -99]
[547, 365, -35]
[316, 361, -68]
[561, 492, -162]
[303, 491, -186]
[572, 520, -197]
[293, 529, -220]
[564, 524, -229]
[304, 531, -253]
[558, 515, -178]
[310, 516, -203]
[488, 505, -8]
[369, 499, 8]
[473, 708, 6]
[363, 704, 53]
[466, 884, 231]
[363, 886, 240]
[466, 910, 247]
[362, 914, 254]
[452, 949, 122]
[372, 947, 108]
[442, 105, -298]
[454, 89, -282]
[460, 90, -282]
[467, 91, -282]
[432, 86, -285]
[425, 85, -285]
[418, 85, -285]
[475, 102, -163]
[405, 94, -173]
[455, 128, -253]
[426, 127, -255]
[526, 221, -86]
[345, 210, -101]
[547, 365, -37]
[316, 362, -70]
[561, 493, -165]
[303, 490, -189]
[572, 519, -200]
[292, 527, -222]
[564, 523, -232]
[304, 528, -258]
[558, 514, -181]
[310, 514, -206]
[488, 506, -8]
[369, 500, 9]
[473, 709, 6]
[362, 705, 61]
[466, 886, 231]
[363, 888, 254]
[466, 912, 247]
[362, 916, 269]
[452, 951, 116]
[371, 949, 121]
[442, 104, -278]
[454, 88, -262]
[460, 89, -262]
[467, 90, -262]
[432, 85, -264]
[424, 84, -264]
[417, 84, -264]
[475, 101, -149]
[405, 94, -158]
[455, 128, -235]
[426, 127, -237]
[526, 221, -80]
[345, 210, -96]
[548, 370, -31]
[317, 363, -70]
[561, 499, -139]
[303, 494, -183]
[572, 528, -169]
[291, 531, -215]
[563, 533, -200]
[303, 533, -251]
[557, 522, -154]
[309, 520, -200]
[489, 508, -8]
[369, 502, 9]
[475, 711, 19]
[364, 708, 69]
[471, 889, 241]
[366, 891, 256]
[472, 916, 257]
[366, 919, 271]
[454, 954, 133]
[374, 952, 131]
[442, 104, -284]
[454, 88, -268]
[460, 89, -268]
[467, 90, -268]
[432, 85, -270]
[424, 84, -270]
[417, 84, -270]
[475, 100, -150]
[405, 93, -158]
[455, 127, -239]
[426, 126, -241]
[526, 221, -79]
[345, 210, -94]
[548, 370, -31]
[317, 363, -60]
[561, 498, -152]
[303, 493, -176]
[572, 528, -185]
[292, 528, -208]
[563, 533, -216]
[305, 530, -245]
[557, 521, -167]
[310, 516, -194]
[490, 509, -12]
[369, 502, 13]
[477, 711, 2]
[366, 709, 66]
[474, 889, 238]
[369, 892, 261]
[476, 915, 253]
[369, 920, 276]
[457, 955, 129]
[375, 952, 129]
[442, 104, -291]
[454, 88, -275]
[460, 89, -275]
[467, 90, -275]
[432, 85, -277]
[424, 84, -277]
[417, 84, -277]
[475, 100, -155]
[405, 93, -162]
[455, 128, -245]
[426, 126, -247]
[527, 221, -82]
[345, 210, -94]
[548, 371, -36]
[317, 363, -60]
[561, 498, -156]
[303, 494, -178]
[572, 529, -190]
[294, 529, -209]
[563, 534, -222]
[307, 531, -247]
[557, 522, -172]
[311, 517, -195]
[491, 509, -13]
[369, 502, 13]
[480, 711, 6]
[368, 709, 77]
[479, 889, 241]
[372, 891, 281]
[480, 915, 257]
[371, 920, 297]
[461, 955, 128]
[378, 951, 150]
[442, 104, -295]
[454, 88, -279]
[460, 89, -279]
[467, 90, -279]
[432, 85, -281]
[424, 84, -281]
[417, 84, -281]
[475, 100, -159]
[405, 93, -166]
[455, 128, -249]
[426, 126, -251]
[527, 221, -86]
[345, 210, -94]
[548, 372, -39]
[317, 363, -60]
[561, 498, -158]
[303, 492, -175]
[572, 529, -192]
[294, 527, -206]
[562, 534, -222]
[307, 529, -244]
[556, 522, -173]
[312, 515, -193]
[492, 509, -14]
[369, 502, 14]
[483, 711, 6]
[370, 709, 78]
[483, 889, 239]
[375, 891, 282]
[484, 915, 256]
[374, 920, 298]
[465, 955, 126]
[381, 951, 152]
