[467, 144, -250]
[482, 126, -248]
[491, 127, -248]
[500, 129, -248]
[462, 125, -229]
[457, 125, -229]
[450, 125, -229]
[522, 142, -190]
[456, 135, -98]
[483, 165, -226]
[458, 165, -201]
[586, 267, -205]
[414, 265, 35]
[596, 421, -232]
[382, 409, 107]
[536, 556, -314]
[336, 513, -41]
[524, 599, -363]
[316, 534, -62]
[502, 584, -372]
[315, 522, -105]
[500, 566, -318]
[326, 524, -63]
[516, 543, -83]
[411, 527, 83]
[487, 759, -67]
[381, 741, 130]
[466, 938, 169]
[367, 920, 305]
[474, 966, 183]
[368, 948, 317]
[432, 988, 49]
[342, 973, 179]
[465, 142, -247]
[481, 124, -244]
[490, 126, -245]
[499, 127, -245]
[461, 123, -226]
[455, 123, -226]
[449, 123, -226]
[522, 141, -187]
[455, 134, -96]
[481, 164, -223]
[456, 163, -198]
[585, 267, -203]
[412, 265, 30]
[594, 424, -219]
[382, 411, 91]
[540, 561, -299]
[346, 517, -51]
[538, 605, -343]
[330, 544, -71]
[515, 592, -356]
[332, 531, -113]
[512, 573, -305]
[343, 522, -72]
[516, 543, -81]
[409, 527, 81]
[490, 758, -87]
[383, 741, 133]
[472, 940, 105]
[371, 923, 303]
[479, 970, 115]
[373, 952, 313]
[438, 990, -23]
[347, 976, 178]
[464, 141, -252]
[480, 124, -248]
[489, 125, -248]
[498, 127, -248]
[460, 122, -232]
[454, 122, -232]
[448, 122, -232]
[520, 141, -187]
[454, 133, -101]
[479, 163, -227]
[454, 162, -204]
[585, 267, -186]
[411, 265, 4]
[591, 425, -199]
[383, 411, 54]
[545, 561, -286]
[357, 517, -93]
[546, 605, -330]
[347, 546, -119]
[525, 595, -346]
[352, 536, -159]
[520, 576, -294]
[360, 527, -113]
[516, 543, -74]
[410, 527, 75]
[492, 758, -76]
[385, 741, 132]
[480, 939, 137]
[375, 923, 305]
[485, 968, 150]
[376, 951, 318]
[452, 989, 14]
[357, 976, 180]
[462, 140, -249]
[478, 123, -245]
[487, 124, -245]
[496, 126, -245]
[458, 121, -229]
[452, 121, -229]
[446, 121, -229]
[519, 140, -185]
[453, 132, -100]
[477, 163, -224]
[453, 162, -200]
[585, 267, -182]
[410, 265, 7]
[590, 425, -203]
[382, 411, 47]
[547, 560, -293]
[358, 517, -109]
[545, 602, -336]
[347, 547, -136]
[524, 592, -350]
[353, 536, -174]
[521, 572, -296]
[362, 528, -129]
[517, 543, -74]
[410, 527, 75]
[493, 757, -72]
[386, 741, 136]
[481, 938, 138]
[376, 922, 312]
[487, 967, 150]
[378, 951, 326]
[453, 988, 10]
[358, 976, 188]
[460, 140, -248]
[477, 123, -245]
[485, 124, -245]
[494, 126, -245]
[457, 121, -228]
[452, 121, -228]
[445, 121, -228]
[517, 140, -185]
[453, 132, -99]
[475, 162, -223]
[451, 162, -200]
[584, 267, -181]
[409, 264, 10]
[587, 428, -203]
[382, 411, 54]
[548, 562, -296]
[357, 516, -99]
[547, 605, -340]
[343, 547, -125]
[527, 596, -354]
[347, 535, -165]
[523, 576, -302]
[357, 530, -120]
[517, 542, -74]
[410, 526, 75]
[493, 757, -81]
[386, 741, 126]
[482, 937, 129]
[377, 924, 296]
[488, 966, 141]
[378, 952, 308]
[454, 988, 0]
[358, 977, 168]
[459, 140, -246]
[476, 122, -244]
[485, 124, -244]
[494, 126, -244]
[457, 121, -227]
[451, 121, -227]
[445, 121, -227]
[516, 140, -184]
[453, 132, -99]
[474, 162, -222]
[451, 161, -199]
[584, 266, -181]
[409, 262, 7]
[586, 428, -195]
[382, 409, 57]
[548, 562, -271]
[359, 516, -92]
[551, 606, -312]
[343, 545, -118]
[530, 598, -328]
[347, 534, -158]
[525, 578, -279]
[359, 529, -113]
[517, 542, -73]
[410, 526, 74]
[495, 755, -68]
[391, 741, 127]
[485, 937, 138]
[383, 923, 295]
[492, 966, 149]
[385, 952, 307]
[457, 988, 11]
[362, 977, 168]
[459, 140, -248]
[476, 122, -245]
[485, 124, -245]
[494, 125, -245]
[457, 120, -228]
[451, 120, -228]
[445, 120, -228]
[516, 139, -184]
[452, 131, -101]
[474, 162, -223]
[451, 161, -200]
[583, 266, -180]
[408, 261, 3]
[585, 428, -192]
[382, 407, 52]
[550, 563, -273]
[362, 516, -95]
[554, 607, -315]
[345, 545, -120]
[533, 601, -332]
[350, 536, -161]
[528, 581, -281]
[365, 530, -116]
[518, 541, -71]
[411, 526, 72]
[504, 754, -58]
[398, 742, 124]
[495, 937, 157]
[392, 925, 294]
[502, 965, 170]
[394, 954, 306]
[467, 988, 27]
[373, 978, 165]
[460, 139, -251]
[476, 122, -247]
[485, 123, -247]
[494, 125, -247]
[457, 120, -231]
[451, 120, -231]
[445, 120, -231]
[516, 139, -184]
[452, 131, -103]
[474, 161, -225]
[451, 161, -203]
[583, 266, -181]
[408, 259, 1]
[585, 429, -195]
[382, 407, 52]
[550, 564, -278]
[361, 516, -90]
[551, 611, -321]
[344, 545, -115]
[531, 604, -337]
[348, 536, -156]
[527, 584, -286]
[361, 531, -111]
[517, 541, -71]
[410, 526, 71]
[503, 754, -53]
[395, 742, 125]
[495, 937, 171]
[389, 925, 299]
[501, 965, 185]
[390, 954, 312]
[467, 988, 44]
[371, 978, 169]
[460, 139, -271]
[476, 121, -266]
[485, 123, -266]
[494, 124, -266]
[457, 120, -251]
[451, 120, -251]
[445, 120, -251]
[516, 138, -195]
[452, 131, -120]
[474, 161, -243]
[451, 161, -222]
[583, 265, -193]
[408, 258, -8]
[585, 430, -200]
[382, 407, 51]
[548, 564, -281]
[360, 516, -89]
[551, 616, -324]
[342, 544, -114]
[530, 608, -339]
[346, 535, -154]
[526, 587, -287]
[359, 531, -109]
[517, 541, -70]
[410, 527, 71]
[505, 755, -54]
[396, 744, 122]
[498, 937, 175]
[390, 926, 300]
[505, 965, 189]
[392, 955, 313]
[469, 990, 47]
[372, 980, 169]
[460, 139, -271]
[476, 121, -268]
[485, 122, -268]
[494, 124, -268]
[457, 119, -251]
[451, 119, -251]
[445, 120, -251]
[516, 138, -202]
[452, 130, -120]
[475, 161, -246]
[451, 160, -222]
[583, 265, -206]
[408, 258, -3]
[585, 430, -218]
[382, 408, 64]
[546, 565, -297]
[352, 518, -67]
[549, 621, -341]
[325, 543, -88]
[528, 613, -357]
[326, 534, -134]
[526, 593, -304]
[342, 533, -90]
[517, 541, -72]
[410, 527, 72]
[505, 756, -63]
[393, 744, 123]
[497, 939, 162]
[387, 928, 300]
[505, 967, 176]
[389, 956, 312]
[469, 993, 30]
[369, 983, 168]
[460, 138, -270]
[476, 121, -267]
[485, 122, -267]
[494, 123, -267]
[457, 119, -250]
[451, 119, -250]
[445, 119, -250]
[516, 137, -201]
[452, 130, -118]
[475, 160, -245]
[451, 160, -221]
[583, 264, -205]
[408, 258, -1]
[585, 429, -219]
[382, 408, 76]
[545, 565, -300]
[347, 517, -53]
[548, 619, -345]
[320, 543, -73]
[527, 611, -362]
[323, 537, -120]
[525, 591, -308]
[337, 532, -76]
[516, 541, -74]
[409, 528, 74]
[505, 757, -63]
[393, 744, 139]
[496, 939, 162]
[386, 927, 329]
[504, 967, 176]
[388, 956, 343]
[465, 993, 32]
[365, 980, 205]
[460, 137, -268]
[476, 120, -264]
[485, 121, -264]
[494, 122, -264]
[457, 118, -247]
[451, 118, -247]
[445, 118, -247]
[516, 136, -199]
[452, 129, -116]
[475, 159, -242]
[451, 159, -218]
[583, 263, -207]
[408, 257, 0]
[586, 427, -219]
[382, 406, 80]
[541, 563, -295]
[345, 514, -50]
[537, 618, -339]
[318, 536, -70]
[514, 610, -354]
[320, 528, -116]
[513, 589, -301]
[334, 530, -73]
[516, 541, -75]
[409, 527, 76]
[503, 756, -49]
[391, 743, 147]
[489, 939, 168]
[379, 927, 327]
[497, 967, 181]
[380, 956, 340]
[455, 993, 39]
[356, 980, 199]
[461, 137, -259]
[476, 119, -255]
[485, 121, -255]
[494, 122, -255]
[457, 118, -239]
[451, 118, -239]
[445, 118, -239]
[516, 136, -187]
[452, 129, -107]
[476, 159, -233]
[452, 158, -210]
[582, 261, -195]
[408, 257, 10]
[588, 422, -212]
[382, 406, 83]
[542, 556, -296]
[337, 509, -55]
[545, 614, -342]
[310, 533, -77]
[524, 608, -360]
[310, 527, -122]
[516, 579, -304]
[320, 525, -78]
[516, 541, -75]
[409, 528, 76]
[504, 755, -46]
[391, 741, 136]
[489, 937, 176]
[379, 924, 304]
[497, 965, 189]
[381, 953, 317]
[455, 990, 47]
[357, 974, 173]
[461, 137, -266]
[477, 119, -261]
[485, 121, -262]
[495, 122, -262]
[457, 118, -245]
[451, 118, -244]
[445, 118, -245]
[516, 135, -188]
[452, 129, -107]
[477, 159, -238]
[453, 159, -214]
[582, 260, -195]
[408, 257, 17]
[590, 417, -229]
[382, 406, 82]
[540, 543, -345]
[326, 507, -90]
[535, 586, -396]
[297, 532, -116]
[515, 571, -408]
[299, 527, -161]
[512, 552, -351]
[308, 521, -113]
[519, 541, -75]
[410, 527, 76]
[504, 757, -77]
[390, 741, 112]
[492, 938, 168]
[382, 924, 287]
[500, 965, 184]
[386, 953, 299]
[463, 991, 41]
[365, 977, 154]
[461, 137, -265]
[477, 119, -261]
[485, 121, -261]
[495, 122, -261]
[457, 118, -244]
[452, 118, -244]
[446, 118, -244]
[517, 135, -186]
[452, 129, -104]
[477, 159, -237]
[454, 159, -213]
[583, 259, -186]
[410, 258, 24]
[593, 415, -229]
[384, 405, 110]
[527, 535, -329]
[329, 499, -29]
[517, 568, -378]
[302, 523, -53]
[498, 553, -390]
[301, 519, -99]
[500, 540, -335]
[313, 513, -52]
[526, 541, -75]
[416, 527, 76]
[515, 756, -30]
[403, 742, 137]
[504, 937, 230]
[394, 925, 333]
[511, 964, 248]
[398, 953, 348]
[473, 991, 110]
[376, 978, 209]
[462, 137, -259]
[477, 119, -255]
[486, 120, -255]
[495, 121, -255]
[458, 118, -239]
[452, 118, -239]
[447, 118, -239]
[517, 135, -180]
[454, 129, -100]
[478, 159, -230]
[455, 158, -207]
[583, 257, -178]
[412, 257, 25]
[593, 414, -210]
[384, 402, 110]
[518, 522, -310]
[330, 489, -22]
[498, 550, -356]
[305, 512, -44]
[482, 533, -358]
[303, 508, -87]
[486, 521, -312]
[316, 503, -44]
[527, 538, -74]
[417, 524, 75]
[516, 751, -20]
[402, 741, 149]
[503, 934, 232]
[394, 924, 342]
[510, 961, 250]
[398, 953, 358]
[472, 990, 113]
[375, 979, 218]
[462, 137, -283]
[477, 119, -280]
[486, 120, -280]
[496, 121, -280]
[458, 117, -263]
[453, 118, -263]
[447, 118, -263]
[517, 134, -208]
[455, 128, -126]
[478, 159, -253]
[455, 158, -230]
[584, 255, -197]
[414, 256, 12]
[594, 415, -218]
[384, 400, 103]
[509, 511, -311]
[329, 477, -23]
[481, 536, -356]
[305, 500, -43]
[466, 520, -359]
[304, 482, -87]
[470, 509, -312]
[311, 487, -45]
[528, 536, -73]
[417, 523, 73]
[516, 749, -31]
[404, 740, 145]
[502, 930, 218]
[394, 924, 336]
[510, 956, 236]
[397, 953, 351]
[471, 989, 102]
[374, 980, 214]
[462, 137, -278]
[477, 118, -276]
[486, 119, -276]
[496, 121, -276]
[458, 117, -259]
[453, 118, -259]
[448, 118, -259]
[518, 134, -205]
[456, 128, -126]
[478, 159, -249]
[455, 158, -226]
[584, 254, -196]
[415, 254, 10]
[595, 414, -213]
[384, 394, 100]
[494, 500, -284]
[330, 462, -26]
[460, 525, -322]
[306, 481, -44]
[446, 508, -324]
[305, 466, -86]
[451, 497, -284]
[312, 459, -46]
[528, 533, -70]
[419, 521, 71]
[519, 742, -24]
[410, 736, 147]
[504, 922, 212]
[395, 919, 334]
[513, 948, 229]
[399, 948, 350]
[471, 982, 99]
[374, 976, 218]
[461, 137, -252]
[477, 118, -253]
[486, 119, -253]
[495, 120, -253]
[458, 117, -233]
[453, 118, -233]
[448, 118, -233]
[518, 134, -200]
[456, 128, -101]
[478, 159, -228]
[455, 158, -200]
[584, 254, -198]
[417, 254, 35]
[594, 414, -214]
[384, 393, 135]
[485, 493, -277]
[318, 453, 22]
[454, 518, -315]
[296, 471, 6]
[447, 506, -318]
[292, 457, -34]
[443, 488, -278]
[304, 449, 1]
[528, 533, -72]
[419, 521, 73]
[518, 742, -4]
[409, 736, 170]
[502, 922, 222]
[395, 919, 349]
[511, 949, 238]
[398, 948, 364]
[464, 980, 108]
[372, 974, 234]
[461, 137, -229]
[477, 118, -231]
[486, 119, -231]
[495, 120, -231]
[458, 117, -211]
[453, 117, -211]
[448, 117, -211]
[518, 133, -182]
[457, 128, -85]
[478, 158, -207]
[455, 158, -180]
[584, 253, -193]
[418, 252, 47]
[593, 413, -208]
[384, 390, 132]
[480, 477, -262]
[317, 439, 13]
[452, 500, -295]
[299, 458, 0]
[442, 481, -297]
[295, 441, -35]
[447, 471, -261]
[307, 433, -4]
[528, 532, -72]
[420, 520, 73]
[517, 739, -5]
[415, 732, 170]
[502, 917, 215]
[400, 914, 342]
[513, 943, 230]
[404, 943, 356]
[464, 974, 103]
[375, 965, 233]
[461, 137, -240]
[477, 118, -239]
[486, 119, -239]
[495, 120, -239]
[458, 117, -221]
[453, 117, -221]
[448, 117, -221]
[518, 133, -188]
[456, 128, -87]
[479, 159, -215]
[455, 158, -190]
[584, 253, -193]
[419, 252, 38]
[593, 413, -225]
[381, 391, 122]
[488, 451, -325]
[290, 413, -2]
[462, 481, -361]
[264, 419, -21]
[455, 471, -364]
[258, 406, -61]
[455, 446, -326]
[266, 405, -23]
[528, 532, -70]
[420, 520, 70]
[518, 739, -2]
[421, 732, 170]
[507, 915, 219]
[407, 914, 349]
[518, 940, 235]
[410, 943, 364]
[466, 971, 116]
[379, 964, 244]
[462, 137, -242]
[477, 118, -246]
[486, 119, -246]
[495, 120, -246]
[458, 117, -226]
[453, 118, -226]
[448, 118, -226]
[517, 132, -196]
[456, 128, -99]
[479, 159, -219]
[456, 158, -192]
[584, 252, -191]
[420, 252, 36]
[593, 412, -244]
[381, 390, 117]
[491, 403, -368]
[287, 394, -4]
[466, 410, -403]
[260, 400, -18]
[457, 385, -400]
[255, 388, -53]
[468, 382, -367]
[267, 386, -23]
[529, 532, -69]
[420, 520, 69]
[519, 735, -3]
[425, 727, 192]
[511, 905, 194]
[416, 906, 378]
[523, 930, 207]
[422, 937, 393]
[471, 958, 95]
[383, 951, 280]
[462, 137, -252]
[477, 117, -251]
[486, 118, -251]
[494, 119, -251]
[458, 117, -235]
[453, 118, -235]
[447, 118, -235]
[517, 131, -191]
[456, 128, -102]
[479, 158, -223]
[456, 158, -200]
[584, 252, -174]
[420, 252, 26]
[602, 412, -245]
[381, 390, 55]
[495, 402, -395]
[296, 415, -129]
[467, 427, -441]
[281, 412, -156]
[468, 398, -434]
[282, 409, -190]
[480, 381, -394]
[294, 413, -149]
[529, 531, -67]
[420, 520, 68]
[522, 736, 3]
[423, 728, 203]
[513, 908, 202]
[414, 907, 403]
[524, 932, 214]
[418, 938, 420]
[475, 962, 94]
[385, 954, 294]
[462, 137, -254]
[477, 117, -253]
[485, 118, -253]
[494, 119, -253]
[458, 117, -235]
[453, 118, -235]
[447, 118, -235]
[516, 131, -189]
[456, 128, -98]
[479, 158, -224]
[456, 158, -201]
[582, 251, -161]
[421, 250, 28]
[603, 410, -263]
[391, 389, 70]
[573, 399, -491]
[299, 377, -97]
[567, 405, -541]
[275, 371, -117]
[573, 378, -546]
[268, 357, -154]
[540, 370, -497]
[281, 360, -117]
[531, 530, -66]
[422, 520, 66]
[523, 732, -2]
[431, 724, 198]
[516, 902, 180]
[422, 903, 388]
[527, 925, 192]
[425, 933, 403]
[479, 956, 72]
[393, 947, 283]
[462, 137, -247]
[477, 117, -243]
[485, 118, -243]
[494, 119, -243]
[458, 117, -227]
[453, 118, -227]
[447, 118, -227]
[515, 131, -176]
[456, 128, -95]
[479, 158, -219]
[456, 158, -196]
[582, 251, -153]
[421, 250, 30]
[608, 407, -275]
[391, 387, 164]
[560, 374, -519]
[280, 354, 116]
[556, 366, -568]
[240, 350, 113]
[544, 348, -568]
[237, 333, 75]
[520, 349, -523]
[253, 335, 99]
[534, 529, -63]
[422, 520, 63]
[526, 732, -10]
[434, 724, 154]
[522, 902, 181]
[425, 905, 319]
[533, 925, 195]
[429, 934, 332]
[487, 958, 76]
[401, 950, 211]
[462, 137, -247]
[477, 117, -244]
[485, 118, -244]
[493, 119, -244]
[458, 117, -227]
[453, 118, -227]
[447, 118, -227]
[515, 131, -177]
[456, 128, -96]
[479, 158, -220]
[456, 158, -197]
[582, 249, -160]
[421, 250, 34]
[614, 402, -296]
[391, 382, 170]
[553, 351, -531]
[283, 344, 105]
[519, 337, -580]
[249, 340, 99]
[523, 321, -574]
[245, 322, 66]
[514, 326, -532]
[257, 325, 89]
[535, 528, -62]
[422, 519, 63]
[528, 731, -13]
[434, 722, 146]
[522, 900, 189]
[424, 903, 331]
[533, 923, 206]
[427, 932, 345]
[488, 958, 90]
[402, 952, 221]
[461, 137, -236]
[476, 117, -234]
[484, 117, -234]
[492, 118, -234]
[458, 117, -216]
[452, 117, -216]
[447, 118, -216]
[514, 131, -174]
[456, 128, -88]
[478, 157, -212]
[456, 158, -187]
[581, 248, -163]
[420, 249, 39]
[612, 401, -301]
[390, 378, 156]
[545, 341, -518]
[288, 334, 80]
[504, 323, -562]
[257, 330, 76]
[509, 310, -552]
[253, 312, 48]
[511, 316, -516]
[265, 314, 67]
[535, 527, -61]
[422, 519, 62]
[528, 730, -29]
[433, 722, 148]
[523, 899, 181]
[425, 902, 336]
[533, 920, 197]
[429, 930, 350]
[492, 958, 82]
[404, 952, 223]
[461, 137, -268]
[475, 117, -266]
[483, 117, -266]
[491, 118, -266]
[457, 117, -246]
[452, 117, -246]
[447, 118, -246]
[513, 130, -202]
[456, 128, -104]
[477, 157, -243]
[455, 158, -215]
[581, 249, -183]
[420, 249, 27]
[611, 402, -339]
[390, 379, 51]
[538, 335, -562]
[290, 327, -149]
[491, 318, -610]
[261, 321, -171]
[494, 305, -596]
[257, 303, -192]
[505, 311, -559]
[269, 306, -162]
[535, 527, -62]
[421, 519, 62]
[529, 730, -41]
[432, 722, 170]
[523, 900, 183]
[424, 902, 405]
[533, 923, 200]
[427, 929, 425]
[492, 959, 72]
[403, 952, 294]
[460, 137, -254]
[474, 117, -256]
[482, 117, -256]
[490, 118, -256]
[456, 117, -232]
[451, 117, -232]
[446, 118, -233]
[513, 130, -198]
[455, 128, -97]
[476, 157, -234]
[455, 158, -202]
[580, 249, -184]
[417, 249, 28]
[606, 405, -318]
[382, 380, -21]
[521, 330, -496]
[292, 319, -300]
[479, 312, -539]
[262, 309, -332]
[483, 298, -538]
[265, 292, -344]
[496, 305, -493]
[278, 297, -313]
[534, 527, -62]
[420, 519, 62]
[529, 730, -38]
[431, 722, 200]
[524, 900, 172]
[423, 902, 443]
[533, 925, 187]
[426, 930, 464]
[491, 959, 54]
[402, 953, 342]
[459, 137, -250]
[474, 117, -249]
[482, 117, -249]
[490, 118, -249]
[456, 117, -228]
[451, 117, -228]
[446, 118, -228]
[512, 130, -181]
[454, 128, -89]
[474, 157, -226]
[453, 158, -199]
[577, 247, -170]
[414, 247, 32]
[604, 407, -305]
[381, 378, -52]
[515, 324, -483]
[322, 317, -370]
[478, 305, -525]
[303, 305, -410]
[480, 291, -519]
[294, 286, -418]
[492, 298, -478]
[302, 292, -382]
[533, 527, -60]
[418, 519, 60]
[531, 728, -37]
[431, 721, 203]
[526, 901, 170]
[423, 899, 448]
[535, 926, 184]
[425, 928, 469]
[494, 959, 47]
[405, 951, 344]
[458, 137, -277]
[473, 117, -267]
[482, 117, -267]
[490, 118, -267]
[455, 117, -250]
[450, 117, -250]
[445, 118, -251]
[512, 131, -180]
[453, 128, -96]
[473, 157, -243]
[452, 158, -221]
[574, 246, -167]
[411, 245, 31]
[603, 411, -315]
[373, 372, -34]
[515, 314, -516]
[320, 331, -325]
[479, 297, -563]
[300, 327, -362]
[480, 283, -544]
[299, 308, -372]
[495, 289, -510]
[309, 312, -337]
[533, 527, -58]
[418, 520, 59]
[536, 731, -36]
[430, 723, 198]
[530, 907, 205]
[422, 901, 467]
[538, 935, 223]
[424, 932, 490]
[498, 969, 69]
[405, 957, 349]
[456, 137, -270]
[471, 118, -264]
[480, 118, -264]
[488, 118, -264]
[453, 118, -246]
[448, 119, -246]
[443, 119, -246]
[510, 131, -181]
[452, 128, -94]
[471, 158, -239]
[451, 158, -216]
[572, 246, -164]
[410, 245, 34]
[602, 411, -315]
[373, 373, -53]
[525, 318, -529]
[319, 327, -387]
[496, 301, -577]
[298, 298, -429]
[504, 287, -558]
[298, 282, -437]
[512, 294, -524]
[313, 288, -400]
[532, 527, -59]
[418, 520, 59]
[536, 731, -44]
[429, 724, 192]
[530, 911, 201]
[422, 904, 446]
[539, 939, 217]
[423, 933, 467]
[498, 971, 63]
[406, 962, 326]
[456, 138, -314]
[471, 119, -302]
[479, 120, -303]
[488, 120, -302]
[452, 120, -288]
[447, 120, -288]
[442, 120, -288]
[510, 132, -198]
[451, 130, -129]
[471, 158, -275]
[450, 159, -256]
[565, 246, -166]
[409, 245, 21]
[602, 408, -338]
[372, 369, 106]
[544, 322, -612]
[323, 328, 24]
[519, 309, -666]
[314, 323, 19]
[528, 292, -653]
[309, 291, 3]
[534, 307, -612]
[323, 303, 17]
[531, 526, -61]
[418, 520, 61]
[535, 731, -52]
[428, 724, 192]
[529, 908, 191]
[422, 903, 435]
[538, 935, 209]
[423, 930, 456]
[498, 970, 62]
[410, 961, 317]
[454, 138, -304]
[470, 119, -294]
[478, 119, -294]
[487, 120, -294]
[451, 120, -278]
[445, 120, -278]
[440, 120, -278]
[509, 131, -197]
[449, 130, -123]
[470, 158, -269]
[448, 159, -248]
[564, 246, -172]
[405, 245, 21]
[601, 410, -337]
[371, 376, -10]
[540, 323, -572]
[321, 327, -280]
[513, 305, -620]
[308, 300, -309]
[522, 291, -602]
[304, 280, -314]
[528, 300, -567]
[319, 288, -289]
[530, 526, -61]
[418, 520, 61]
[539, 733, -47]
[428, 729, 189]
[534, 914, 203]
[422, 909, 439]
[543, 941, 221]
[423, 936, 461]
[503, 975, 70]
[414, 969, 317]
[454, 138, -296]
[470, 120, -286]
[478, 120, -286]
[487, 121, -286]
[451, 121, -271]
[445, 121, -271]
[440, 121, -271]
[509, 132, -189]
[448, 130, -122]
[470, 159, -260]
[448, 159, -242]
[561, 246, -164]
[403, 246, 13]
[601, 411, -328]
[368, 377, -42]
[542, 324, -550]
[306, 329, -317]
[519, 313, -598]
[301, 318, -349]
[527, 293, -582]
[301, 302, -360]
[531, 303, -547]
[300, 283, -329]
[530, 526, -59]
[417, 520, 59]
[541, 735, -40]
[428, 733, 186]
[536, 918, 207]
[422, 913, 431]
[546, 947, 224]
[422, 941, 452]
[506, 982, 73]
[415, 974, 311]
[454, 138, -305]
[470, 120, -292]
[478, 120, -292]
[487, 121, -292]
[450, 121, -279]
[445, 121, -279]
[440, 121, -279]
[508, 132, -188]
[446, 130, -124]
[470, 159, -266]
[448, 159, -249]
[560, 245, -158]
[402, 246, 10]
[606, 399, -324]
[370, 377, -10]
[591, 327, -568]
[316, 359, -284]
[582, 321, -624]
[313, 369, -317]
[582, 294, -616]
[316, 350, -323]
[578, 306, -570]
[321, 344, -305]
[530, 524, -61]
[418, 520, 61]
[542, 731, -55]
[429, 732, 186]
[538, 913, 166]
[425, 907, 428]
[547, 940, 179]
[426, 934, 448]
[509, 976, 29]
[419, 968, 307]
[454, 138, -300]
[469, 119, -290]
[478, 120, -290]
[487, 120, -290]
[450, 120, -278]
[445, 120, -278]
[440, 120, -278]
[507, 132, -184]
[445, 130, -119]
[470, 158, -264]
[448, 158, -244]
[561, 245, -159]
[401, 246, 13]
[606, 400, -335]
[371, 380, -68]
[572, 319, -572]
[309, 302, -379]
[567, 309, -622]
[304, 316, -415]
[556, 285, -604]
[306, 299, -423]
[556, 297, -569]
[308, 287, -391]
[531, 522, -61]
[418, 519, 61]
[543, 730, -48]
[429, 731, 187]
[540, 912, 173]
[426, 907, 426]
[549, 940, 189]
[427, 934, 446]
[513, 975, 42]
[420, 968, 305]
[454, 137, -304]
[470, 119, -291]
[478, 120, -291]
[487, 120, -291]
[450, 119, -278]
[445, 120, -278]
[440, 120, -278]
[507, 132, -187]
[446, 130, -121]
[470, 158, -268]
[447, 158, -248]
[561, 244, -161]
[400, 246, 11]
[618, 375, -355]
[368, 376, 29]
[633, 286, -629]
[303, 297, -102]
[633, 268, -682]
[295, 316, -113]
[629, 250, -669]
[285, 279, -122]
[621, 259, -630]
[298, 281, -108]
[531, 522, -63]
[418, 519, 63]
[542, 728, -56]
[427, 731, 178]
[539, 910, 169]
[426, 905, 416]
[548, 937, 184]
[427, 930, 435]
[512, 972, 34]
[423, 967, 285]
[455, 138, -299]
[471, 121, -288]
[480, 121, -288]
[489, 122, -288]
[451, 121, -273]
[446, 121, -273]
[441, 121, -273]
[507, 132, -190]
[446, 131, -119]
[472, 159, -264]
[448, 158, -243]
[563, 244, -169]
[401, 249, 12]
[616, 381, -368]
[367, 376, -22]
[622, 298, -628]
[302, 296, -254]
[621, 281, -680]
[293, 303, -280]
[626, 267, -659]
[285, 280, -286]
[611, 276, -625]
[297, 281, -262]
[531, 522, -63]
[418, 519, 64]
[542, 728, -53]
[425, 730, 175]
[539, 910, 181]
[426, 904, 414]
[548, 937, 196]
[427, 929, 434]
[511, 972, 36]
[424, 966, 284]
[456, 139, -304]
[472, 122, -294]
[481, 122, -294]
[490, 123, -294]
[452, 122, -278]
[446, 122, -279]
[442, 122, -279]
[507, 133, -202]
[447, 132, -128]
[473, 160, -270]
[448, 159, -249]
[564, 245, -177]
[403, 249, 9]
[615, 390, -370]
[369, 379, -10]
[592, 305, -630]
[305, 300, -207]
[559, 289, -680]
[294, 299, -227]
[595, 274, -659]
[285, 277, -236]
[593, 282, -626]
[297, 281, -215]
[529, 522, -64]
[418, 518, 65]
[540, 727, -48]
[424, 729, 170]
[539, 910, 177]
[426, 904, 389]
[548, 936, 191]
[427, 928, 407]
[510, 970, 39]
[423, 965, 261]
[457, 140, -282]
[473, 122, -278]
[481, 122, -278]
[490, 123, -278]
[453, 123, -259]
[448, 123, -259]
[443, 123, -259]
[508, 133, -200]
[448, 133, -116]
[474, 161, -254]
[449, 160, -229]
[569, 246, -176]
[408, 249, 10]
[614, 393, -357]
[370, 380, -47]
[554, 308, -621]
[305, 302, -331]
[555, 292, -666]
[288, 292, -366]
[593, 277, -634]
[283, 275, -374]
[586, 285, -618]
[296, 281, -342]
[528, 522, -63]
[418, 518, 63]
[537, 726, -38]
[422, 725, 171]
[538, 909, 177]
[425, 900, 395]
[547, 936, 191]
[427, 925, 413]
[510, 967, 43]
[422, 960, 271]
[457, 141, -267]
[474, 123, -263]
[482, 123, -263]
[491, 123, -263]
[453, 123, -245]
[448, 123, -245]
[444, 123, -245]
[508, 134, -189]
[449, 133, -104]
[475, 162, -239]
[450, 161, -215]
[570, 246, -175]
[411, 249, 21]
[613, 394, -338]
[373, 381, -51]
[525, 310, -543]
[305, 306, -364]
[497, 296, -588]
[281, 294, -403]
[506, 278, -566]
[282, 279, -413]
[511, 287, -536]
[295, 284, -377]
[528, 521, -61]
[419, 517, 61]
[539, 723, -30]
[425, 721, 189]
[540, 905, 176]
[428, 897, 423]
[549, 932, 188]
[430, 923, 443]
[512, 963, 41]
[423, 955, 306]
[459, 142, -261]
[476, 123, -256]
[484, 123, -256]
[493, 124, -256]
[455, 124, -240]
[450, 124, -240]
[446, 124, -240]
[509, 134, -183]
[450, 133, -102]
[478, 163, -233]
[451, 162, -210]
[576, 246, -153]
[413, 251, 10]
[613, 399, -304]
[375, 385, -91]
[580, 311, -528]
[307, 306, -407]
[567, 296, -571]
[281, 299, -447]
[577, 280, -555]
[282, 281, -455]
[571, 288, -525]
[296, 285, -419]
[530, 521, -53]
[419, 517, 53]
[541, 723, -24]
[425, 721, 188]
[542, 906, 181]
[429, 898, 421]
[550, 932, 193]
[430, 923, 441]
[514, 963, 50]
[426, 956, 302]
[461, 144, -259]
[476, 124, -256]
[485, 124, -256]
[494, 124, -256]
[456, 125, -239]
[452, 125, -239]
[448, 126, -240]
[510, 134, -183]
[453, 134, -104]
[479, 164, -231]
[453, 164, -209]
[579, 246, -156]
[417, 252, 8]
[613, 400, -295]
[377, 385, -60]
[546, 324, -497]
[306, 307, -343]
[522, 312, -537]
[279, 301, -379]
[531, 293, -523]
[279, 282, -391]
[532, 298, -493]
[291, 286, -356]
[531, 521, -48]
[419, 517, 48]
[541, 723, -12]
[425, 721, 166]
[541, 905, 192]
[429, 898, 379]
[550, 931, 205]
[430, 924, 397]
[514, 963, 69]
[425, 956, 264]
[465, 144, -251]
[480, 124, -245]
[488, 124, -245]
[497, 124, -245]
[459, 125, -232]
[454, 126, -232]
[450, 126, -232]
[512, 134, -165]
[454, 135, -103]
[483, 164, -220]
[456, 164, -203]
[581, 247, -138]
[418, 252, 11]
[613, 396, -259]
[378, 385, 8]
[537, 341, -464]
[298, 317, -201]
[507, 324, -503]
[270, 309, -227]
[523, 308, -493]
[273, 293, -244]
[515, 315, -462]
[284, 297, -214]
[533, 523, -44]
[419, 517, 44]
[542, 723, -8]
[426, 721, 138]
[541, 902, 199]
[429, 898, 334]
[550, 927, 214]
[430, 924, 350]
[514, 962, 87]
[425, 957, 220]
[466, 144, -258]
[481, 124, -252]
[490, 124, -252]
[498, 124, -252]
[460, 125, -238]
[455, 126, -238]
[451, 126, -238]
[514, 134, -173]
[455, 135, -107]
[486, 164, -227]
[458, 164, -208]
[584, 248, -145]
[421, 252, 14]
[612, 397, -259]
[387, 385, 79]
[535, 362, -446]
[292, 335, -60]
[504, 360, -486]
[263, 327, -76]
[513, 331, -481]
[265, 310, -103]
[509, 330, -446]
[274, 313, -76]
[533, 526, -45]
[419, 519, 45]
[541, 728, -14]
[426, 723, 148]
[537, 903, 197]
[429, 901, 348]
[545, 928, 211]
[430, 927, 364]
[508, 962, 85]
[417, 958, 234]
[466, 144, -248]
[481, 124, -244]
[489, 123, -244]
[498, 124, -244]
[461, 125, -228]
[456, 126, -228]
[452, 126, -228]
[514, 134, -173]
[457, 135, -99]
[485, 164, -220]
[458, 164, -199]
[583, 249, -147]
[421, 253, 19]
[611, 397, -274]
[386, 381, 85]
[535, 365, -455]
[275, 340, -51]
[524, 362, -521]
[245, 335, -67]
[529, 334, -539]
[243, 319, -97]
[512, 340, -484]
[256, 322, -67]
[533, 527, -45]
[420, 519, 46]
[537, 728, -30]
[429, 724, 137]
[533, 903, 147]
[429, 903, 302]
[543, 927, 160]
[432, 930, 315]
[503, 961, 40]
[415, 958, 190]
[466, 143, -269]
[481, 124, -266]
[489, 123, -266]
[498, 124, -266]
[461, 125, -251]
[457, 126, -251]
[452, 126, -251]
[514, 134, -191]
[457, 136, -120]
[485, 164, -239]
[458, 164, -219]
[585, 249, -164]
[422, 253, 8]
[613, 400, -268]
[389, 382, 53]
[514, 375, -441]
[279, 358, -108]
[491, 402, -482]
[253, 358, -128]
[481, 355, -477]
[248, 338, -153]
[492, 357, -442]
[257, 340, -122]
[535, 528, -46]
[422, 520, 46]
[541, 732, -2]
[430, 728, 146]
[535, 910, 197]
[430, 912, 332]
[544, 936, 211]
[433, 940, 346]
[504, 969, 78]
[415, 968, 209]
[466, 143, -267]
[481, 124, -264]
[489, 123, -264]
[498, 124, -264]
[462, 125, -249]
[457, 126, -249]
[453, 126, -249]
[514, 134, -190]
[457, 136, -118]
[486, 164, -238]
[458, 164, -217]
[586, 250, -165]
[423, 253, 19]
[611, 406, -246]
[388, 382, 80]
[515, 378, -389]
[280, 366, -73]
[480, 385, -426]
[254, 364, -91]
[483, 357, -421]
[255, 358, -120]
[495, 358, -388]
[267, 357, -90]
[535, 529, -51]
[424, 521, 51]
[541, 732, -5]
[431, 728, 163]
[536, 910, 195]
[432, 911, 344]
[545, 935, 209]
[437, 939, 356]
[505, 969, 75]
[415, 967, 226]
[466, 144, -276]
[481, 124, -274]
[489, 123, -274]
[498, 124, -274]
[462, 125, -257]
[457, 126, -257]
[453, 127, -257]
[515, 135, -201]
[458, 136, -119]
[485, 164, -247]
[458, 164, -223]
[588, 251, -173]
[423, 254, 12]
[611, 414, -260]
[391, 388, 52]
[515, 385, -415]
[325, 419, -164]
[476, 390, -457]
[311, 439, -198]
[485, 366, -449]
[309, 418, -232]
[496, 365, -413]
[319, 411, -186]
[535, 531, -55]
[424, 521, 56]
[542, 735, -8]
[432, 729, 175]
[538, 912, 197]
[433, 911, 373]
[546, 938, 211]
[438, 939, 389]
[508, 972, 73]
[415, 967, 252]
[466, 144, -266]
[481, 124, -265]
[489, 124, -266]
[498, 124, -266]
[462, 126, -248]
[457, 126, -248]
[453, 127, -248]
[515, 135, -197]
[458, 137, -118]
[485, 164, -239]
[458, 164, -215]
[589, 252, -171]
[422, 256, 12]
[608, 415, -233]
[391, 393, 66]
[518, 404, -372]
[321, 404, -88]
[481, 432, -409]
[307, 407, -110]
[492, 386, -409]
[281, 388, -143]
[499, 385, -373]
[298, 387, -107]
[536, 532, -57]
[425, 522, 58]
[542, 738, -9]
[439, 732, 169]
[540, 913, 189]
[441, 913, 340]
[550, 938, 203]
[447, 942, 353]
[509, 972, 73]
[418, 967, 230]
[466, 144, -248]
[481, 124, -250]
[489, 124, -251]
[498, 124, -251]
[462, 126, -230]
[458, 127, -230]
[453, 128, -230]
[516, 135, -196]
[458, 137, -102]
[486, 164, -224]
[459, 164, -197]
[592, 253, -174]
[422, 257, 34]
[607, 416, -227]
[390, 393, 108]
[520, 454, -342]
[309, 401, -31]
[487, 478, -378]
[287, 404, -48]
[493, 453, -382]
[271, 390, -80]
[498, 444, -344]
[287, 391, -49]
[536, 533, -63]
[425, 523, 63]
[539, 742, -34]
[438, 734, 142]
[538, 914, 178]
[440, 917, 322]
[549, 939, 193]
[445, 946, 336]
[504, 973, 70]
[413, 970, 210]
[466, 144, -245]
[481, 124, -248]
[489, 124, -248]
[498, 124, -248]
[462, 126, -226]
[458, 127, -226]
[453, 128, -227]
[516, 135, -200]
[459, 138, -100]
[485, 164, -224]
[458, 164, -195]
[592, 254, -191]
[422, 258, 38]
[605, 415, -243]
[384, 393, 154]
[520, 439, -385]
[279, 405, 60]
[489, 476, -423]
[257, 420, 51]
[494, 452, -426]
[240, 395, 11]
[499, 443, -387]
[250, 394, 40]
[536, 532, -65]
[426, 523, 66]
[535, 743, -62]
[438, 734, 94]
[533, 917, 145]
[437, 922, 239]
[544, 941, 159]
[442, 952, 249]
[495, 975, 37]
[408, 973, 120]
[466, 144, -235]
[480, 124, -238]
[488, 124, -238]
[497, 124, -238]
[462, 126, -216]
[458, 127, -216]
[453, 128, -217]
[516, 136, -198]
[459, 138, -93]
[485, 164, -216]
[458, 164, -187]
[591, 254, -192]
[422, 261, 44]
[605, 411, -237]
[384, 396, 148]
[507, 453, -339]
[273, 420, 41]
[488, 494, -375]
[250, 438, 29]
[484, 470, -381]
[228, 410, -11]
[490, 459, -342]
[243, 409, 20]
[536, 532, -65]
[427, 523, 66]
[533, 746, -75]
[438, 737, 57]
[530, 923, 116]
[434, 931, 178]
[542, 948, 129]
[440, 962, 185]
[494, 982, 7]
[404, 980, 56]
[464, 146, -242]
[478, 125, -239]
[486, 124, -240]
[495, 124, -239]
[461, 128, -223]
[457, 129, -223]
[453, 130, -223]
[516, 136, -207]
[460, 139, -96]
[484, 165, -218]
[458, 166, -192]
[592, 254, -202]
[424, 263, 39]
[602, 411, -235]
[385, 398, 131]
[502, 471, -321]
[276, 432, 17]
[483, 512, -355]
[254, 448, 3]
[474, 489, -363]
[238, 430, -37]
[480, 476, -324]
[246, 428, -3]
[534, 533, -65]
[428, 523, 65]
[527, 748, -100]
[426, 740, 30]
[522, 929, 74]
[425, 940, 140]
[532, 953, 84]
[433, 971, 145]
[488, 987, -39]
[393, 991, 15]
[464, 146, -245]
[478, 125, -243]
[485, 124, -243]
[494, 124, -243]
[461, 128, -226]
[457, 129, -226]
[452, 130, -226]
[516, 136, -206]
[460, 139, -99]
[483, 165, -219]
[458, 166, -195]
[592, 255, -210]
[424, 264, 35]
[601, 414, -239]
[385, 400, 111]
[490, 493, -303]
[277, 439, -24]
[453, 520, -338]
[251, 456, -41]
[443, 504, -341]
[240, 442, -78]
[448, 493, -304]
[252, 437, -44]
[534, 533, -65]
[427, 524, 65]
[527, 753, -94]
[423, 745, 36]
[521, 937, 79]
[420, 949, 137]
[530, 962, 90]
[428, 982, 142]
[487, 999, -31]
[388, 999, 11]
[463, 146, -247]
[476, 125, -246]
[484, 124, -246]
[493, 124, -246]
[459, 128, -227]
[455, 129, -227]
[451, 130, -227]
[516, 136, -204]
[459, 139, -100]
[483, 165, -220]
[458, 166, -197]
[592, 255, -206]
[424, 265, 33]
[599, 414, -237]
[384, 401, 108]
[496, 506, -306]
[288, 455, -45]
[464, 531, -343]
[259, 476, -67]
[451, 517, -348]
[259, 453, -109]
[458, 508, -307]
[276, 446, -69]
[534, 533, -65]
[427, 524, 66]
[525, 752, -95]
[420, 744, 27]
[514, 935, 79]
[414, 943, 130]
[523, 961, 89]
[422, 976, 135]
[479, 996, -35]
[383, 995, 3]
[462, 146, -238]
[475, 125, -238]
[482, 124, -238]
[491, 124, -238]
[458, 128, -218]
[454, 129, -218]
[450, 130, -218]
[516, 136, -194]
[459, 139, -90]
[482, 165, -216]
[457, 166, -189]
[592, 255, -201]
[423, 267, 40]
[599, 412, -238]
[384, 406, 105]
[507, 507, -331]
[298, 469, -51]
[484, 536, -371]
[264, 489, -76]
[458, 520, -377]
[264, 463, -120]
[462, 510, -334]
[282, 456, -77]
[534, 533, -67]
[427, 524, 68]
[524, 753, -87]
[417, 743, 52]
[512, 936, 102]
[411, 940, 174]
[522, 961, 114]
[418, 972, 181]
[475, 995, -13]
[382, 992, 47]
[460, 145, -238]
[474, 124, -237]
[482, 124, -237]
[490, 124, -237]
[457, 127, -217]
[453, 128, -217]
[449, 129, -217]
[516, 136, -185]
[459, 139, -89]
[481, 164, -215]
[456, 166, -188]
[591, 254, -196]
[421, 266, 38]
[599, 409, -225]
[384, 406, 90]
[509, 517, -310]
[317, 483, -82]
[494, 552, -353]
[289, 508, -108]
[463, 538, -362]
[292, 502, -148]
[467, 523, -314]
[315, 479, -105]
[531, 533, -68]
[423, 522, 69]
[517, 753, -83]
[404, 743, 68]
[505, 936, 123]
[401, 940, 194]
[514, 961, 138]
[407, 971, 201]
[471, 995, 10]
[379, 990, 70]
[458, 145, -240]
[472, 124, -239]
[480, 123, -239]
[488, 123, -239]
[456, 127, -218]
[452, 128, -218]
[448, 129, -218]
[515, 136, -188]
[459, 138, -90]
[479, 164, -218]
[455, 165, -190]
[591, 253, -195]
[420, 266, 33]
[599, 409, -225]
[385, 407, 78]
[518, 526, -318]
[321, 488, -106]
[512, 560, -361]
[293, 512, -134]
[485, 548, -373]
[290, 506, -174]
[487, 532, -323]
[307, 499, -129]
[531, 533, -68]
[422, 521, 68]
[515, 754, -96]
[400, 743, 57]
[503, 937, 120]
[396, 938, 195]
[511, 963, 134]
[402, 969, 203]
[471, 997, 0]
[378, 990, 66]
[456, 145, -241]
[471, 124, -240]
[478, 123, -240]
[487, 123, -240]
[454, 126, -219]
[450, 127, -219]
[447, 128, -220]
[515, 136, -189]
[458, 138, -92]
[477, 164, -219]
[454, 165, -192]
[591, 253, -195]
[420, 266, 33]
[599, 409, -229]
[386, 407, 85]
[525, 528, -328]
[327, 487, -102]
[521, 563, -371]
[300, 512, -123]
[496, 555, -374]
[299, 506, -153]
[497, 534, -333]
[309, 500, -122]
[527, 534, -71]
[418, 521, 72]
[507, 754, -64]
[393, 739, 102]
[488, 936, 155]
[382, 930, 251]
[496, 962, 168]
[386, 959, 261]
[453, 996, 33]
[360, 984, 123]
[455, 144, -246]
[469, 123, -244]
[477, 123, -244]
[486, 123, -244]
[453, 126, -223]
[449, 127, -223]
[445, 127, -223]
[514, 136, -191]
[458, 138, -93]
[476, 164, -223]
[453, 165, -195]
[590, 253, -194]
[418, 265, 33]
[599, 408, -224]
[386, 407, 86]
[533, 537, -319]
[326, 495, -91]
[526, 571, -365]
[298, 522, -115]
[499, 572, -377]
[294, 517, -155]
[504, 542, -326]
[307, 510, -112]
[519, 536, -71]
[411, 524, 71]
[501, 756, -87]
[388, 738, 90]
[485, 937, 146]
[382, 929, 242]
[493, 963, 160]
[387, 958, 252]
[455, 996, 27]
[362, 983, 117]
[454, 142, -246]
[468, 122, -245]
[476, 122, -245]
[485, 122, -245]
[452, 125, -223]
[448, 125, -223]
[444, 126, -223]
[513, 135, -193]
[457, 138, -93]
[474, 162, -225]
[451, 164, -195]
[588, 253, -197]
[416, 264, 32]
[599, 406, -223]
[386, 406, 112]
[542, 538, -313]
[328, 501, -19]
[544, 577, -357]
[302, 527, -39]
[521, 571, -373]
[297, 524, -86]
[518, 551, -321]
[308, 516, -43]
[518, 536, -73]
[408, 525, 73]
[496, 756, -80]
[385, 736, 107]
[479, 937, 159]
[375, 923, 275]
[485, 963, 174]
[379, 951, 287]
[447, 994, 37]
[354, 979, 149]
[454, 142, -247]
[468, 122, -246]
[476, 121, -246]
[484, 121, -246]
[451, 124, -226]
[447, 125, -226]
[442, 126, -226]
[513, 135, -195]
[455, 137, -100]
[474, 162, -226]
[451, 163, -198]
[588, 253, -197]
[415, 263, 9]
[598, 407, -210]
[386, 406, 84]
[550, 546, -284]
[335, 507, -40]
[556, 594, -324]
[308, 524, -61]
[533, 589, -342]
[309, 519, -102]
[526, 564, -292]
[320, 523, -62]
[518, 538, -72]
[409, 529, 72]
[499, 756, -73]
[389, 735, 127]
[479, 937, 154]
[379, 920, 309]
[486, 962, 169]
[383, 948, 323]
[452, 993, 33]
[360, 977, 191]
[453, 141, -272]
[467, 121, -271]
[475, 121, -272]
[484, 121, -272]
[450, 124, -252]
[446, 125, -252]
[441, 126, -252]
[512, 135, -214]
[454, 137, -120]
[474, 161, -249]
[450, 163, -221]
[588, 253, -210]
[413, 261, 0]
[598, 407, -211]
[387, 406, 79]
[553, 549, -300]
[341, 512, -44]
[554, 592, -341]
[318, 533, -64]
[535, 590, -357]
[320, 535, -108]
[529, 568, -307]
[328, 528, -66]
[519, 539, -71]
[410, 531, 72]
[501, 756, -73]
[390, 736, 118]
[482, 936, 161]
[382, 921, 295]
[491, 962, 176]
[386, 949, 308]
[452, 993, 34]
[364, 979, 168]
