[471, 161, -241]
[488, 145, -234]
[497, 146, -234]
[507, 148, -234]
[469, 144, -219]
[464, 144, -219]
[460, 145, -219]
[526, 162, -162]
[463, 156, -91]
[488, 185, -214]
[464, 182, -194]
[588, 288, -164]
[415, 292, 2]
[598, 445, -210]
[392, 437, 39]
[568, 571, -342]
[372, 535, -106]
[576, 616, -392]
[355, 572, -133]
[558, 612, -407]
[360, 562, -173]
[546, 590, -351]
[372, 549, -126]
[531, 553, -69]
[425, 542, 70]
[519, 759, -64]
[412, 750, 124]
[511, 934, 157]
[410, 921, 302]
[518, 962, 170]
[411, 947, 315]
[483, 985, 32]
[398, 975, 176]
[471, 161, -242]
[488, 145, -235]
[497, 146, -235]
[507, 148, -235]
[469, 144, -220]
[464, 144, -220]
[460, 145, -220]
[526, 162, -162]
[463, 156, -92]
[488, 185, -215]
[464, 182, -195]
[588, 288, -163]
[415, 292, -1]
[598, 445, -204]
[392, 437, 41]
[568, 570, -329]
[372, 537, -106]
[576, 615, -378]
[354, 574, -132]
[557, 609, -394]
[360, 565, -170]
[549, 589, -339]
[371, 552, -125]
[531, 553, -67]
[426, 542, 67]
[521, 759, -42]
[414, 752, 114]
[513, 936, 180]
[412, 925, 279]
[520, 964, 193]
[414, 952, 291]
[487, 987, 53]
[401, 979, 146]
[471, 161, -243]
[487, 145, -236]
[497, 146, -236]
[507, 148, -236]
[469, 144, -221]
[464, 145, -221]
[459, 145, -221]
[526, 162, -163]
[463, 156, -93]
[487, 185, -216]
[464, 182, -196]
[588, 288, -164]
[415, 292, -4]
[598, 445, -204]
[392, 438, 31]
[568, 571, -329]
[370, 540, -113]
[576, 619, -378]
[355, 577, -142]
[557, 613, -393]
[362, 568, -181]
[550, 594, -338]
[372, 554, -134]
[532, 553, -65]
[427, 543, 66]
[528, 759, -50]
[422, 754, 117]
[525, 937, 170]
[422, 928, 291]
[533, 965, 183]
[423, 955, 304]
[499, 988, 41]
[414, 981, 164]
[472, 161, -242]
[488, 146, -235]
[497, 147, -235]
[507, 149, -235]
[469, 145, -221]
[464, 145, -221]
[460, 145, -221]
[526, 163, -162]
[463, 156, -93]
[488, 185, -216]
[464, 182, -196]
[588, 288, -163]
[415, 294, -3]
[598, 445, -201]
[392, 438, 32]
[568, 572, -322]
[369, 539, -112]
[575, 620, -371]
[354, 574, -140]
[557, 617, -385]
[360, 565, -179]
[551, 597, -331]
[370, 553, -133]
[533, 553, -65]
[428, 544, 66]
[529, 760, -57]
[422, 755, 129]
[525, 939, 164]
[422, 929, 316]
[533, 967, 179]
[423, 956, 331]
[498, 989, 32]
[413, 983, 187]
[472, 162, -251]
[488, 146, -242]
[498, 147, -243]
[507, 149, -243]
[470, 145, -229]
[465, 145, -229]
[460, 145, -229]
[526, 163, -166]
[463, 156, -102]
[489, 185, -222]
[465, 183, -204]
[588, 288, -167]
[415, 293, -2]
[598, 445, -200]
[393, 437, 41]
[568, 572, -315]
[370, 537, -103]
[574, 619, -362]
[354, 573, -128]
[556, 614, -377]
[359, 564, -170]
[549, 596, -324]
[370, 552, -124]
[533, 553, -65]
[430, 544, 66]
[535, 760, -78]
[428, 755, 125]
[531, 939, 120]
[428, 930, 306]
[538, 966, 130]
[429, 957, 319]
[505, 989, -13]
[416, 983, 178]
[472, 163, -248]
[488, 147, -242]
[498, 148, -242]
[507, 150, -242]
[470, 146, -228]
[465, 146, -228]
[460, 147, -228]
[526, 163, -170]
[464, 157, -102]
[489, 186, -222]
[465, 184, -203]
[588, 289, -173]
[416, 291, 6]
[598, 444, -200]
[395, 435, 67]
[567, 571, -302]
[370, 535, -59]
[574, 617, -345]
[354, 565, -78]
[555, 611, -361]
[355, 556, -121]
[549, 593, -310]
[366, 543, -80]
[534, 553, -66]
[430, 543, 67]
[536, 758, -108]
[428, 752, 118]
[531, 938, 70]
[427, 929, 282]
[539, 965, 78]
[428, 956, 293]
[504, 989, -63]
[415, 979, 158]
[473, 164, -254]
[489, 148, -248]
[498, 149, -248]
[508, 150, -248]
[471, 146, -233]
[466, 146, -233]
[461, 147, -233]
[526, 163, -178]
[465, 157, -108]
[489, 187, -228]
[465, 184, -208]
[588, 288, -185]
[417, 291, 9]
[599, 444, -202]
[396, 435, 77]
[556, 568, -307]
[359, 533, -53]
[555, 615, -352]
[335, 556, -73]
[535, 603, -365]
[333, 545, -118]
[531, 575, -314]
[346, 533, -76]
[534, 553, -68]
[431, 543, 69]
[535, 759, -97]
[428, 752, 111]
[531, 938, 99]
[426, 928, 279]
[539, 965, 109]
[428, 956, 290]
[503, 989, -36]
[411, 979, 155]
[473, 164, -254]
[489, 148, -247]
[499, 149, -248]
[509, 150, -248]
[471, 146, -233]
[467, 147, -233]
[462, 147, -233]
[527, 163, -177]
[466, 157, -104]
[489, 187, -228]
[466, 184, -207]
[588, 288, -184]
[420, 291, 23]
[601, 443, -209]
[399, 433, 82]
[546, 562, -311]
[358, 525, -66]
[534, 600, -358]
[333, 545, -88]
[518, 589, -368]
[333, 536, -131]
[519, 563, -317]
[346, 530, -88]
[534, 553, -75]
[433, 542, 75]
[536, 761, -63]
[431, 752, 123]
[530, 941, 144]
[430, 931, 286]
[538, 969, 156]
[433, 960, 298]
[502, 990, 21]
[412, 979, 161]
[473, 164, -254]
[490, 148, -247]
[499, 149, -247]
[509, 150, -247]
[472, 147, -233]
[467, 147, -233]
[462, 147, -233]
[527, 163, -176]
[467, 157, -102]
[489, 187, -227]
[466, 184, -206]
[589, 288, -181]
[422, 291, 19]
[603, 442, -210]
[401, 430, 77]
[540, 554, -311]
[354, 515, -104]
[529, 589, -358]
[330, 531, -131]
[516, 581, -365]
[332, 523, -171]
[515, 556, -316]
[343, 522, -127]
[535, 552, -75]
[433, 542, 75]
[536, 761, -31]
[431, 752, 140]
[531, 943, 187]
[430, 932, 313]
[540, 972, 200]
[432, 961, 326]
[503, 994, 60]
[414, 981, 184]
[474, 164, -265]
[490, 148, -257]
[500, 149, -257]
[509, 150, -257]
[472, 147, -242]
[468, 147, -242]
[463, 147, -242]
[528, 163, -180]
[468, 157, -107]
[490, 187, -236]
[467, 184, -215]
[590, 287, -180]
[426, 291, 18]
[605, 439, -210]
[404, 428, 71]
[541, 541, -319]
[351, 506, -102]
[535, 579, -366]
[327, 522, -130]
[519, 561, -377]
[324, 517, -172]
[518, 544, -326]
[333, 513, -125]
[544, 552, -69]
[441, 541, 70]
[559, 759, -47]
[450, 752, 104]
[561, 935, 191]
[458, 932, 283]
[569, 960, 207]
[462, 961, 296]
[537, 990, 69]
[448, 981, 155]
[475, 164, -284]
[493, 148, -278]
[503, 149, -278]
[512, 150, -278]
[474, 146, -263]
[469, 146, -263]
[465, 146, -263]
[529, 163, -203]
[470, 157, -132]
[491, 187, -255]
[468, 184, -235]
[591, 287, -193]
[428, 290, 0]
[605, 441, -217]
[404, 423, 69]
[534, 533, -320]
[345, 490, -99]
[525, 574, -366]
[320, 505, -125]
[508, 541, -375]
[313, 499, -166]
[510, 529, -326]
[325, 496, -121]
[546, 550, -64]
[441, 537, 64]
[555, 756, -51]
[445, 751, 109]
[552, 927, 202]
[450, 928, 306]
[561, 951, 220]
[453, 955, 322]
[527, 985, 88]
[439, 981, 186]
[476, 164, -289]
[494, 148, -284]
[504, 149, -284]
[513, 150, -284]
[475, 146, -269]
[471, 146, -269]
[467, 146, -269]
[530, 163, -214]
[472, 157, -141]
[492, 187, -261]
[469, 185, -240]
[592, 287, -204]
[431, 289, -7]
[605, 441, -225]
[404, 422, 68]
[521, 515, -320]
[340, 474, -86]
[496, 533, -361]
[319, 488, -107]
[486, 516, -367]
[310, 475, -146]
[494, 506, -324]
[323, 468, -107]
[546, 547, -62]
[443, 532, 62]
[552, 749, -36]
[444, 747, 128]
[548, 919, 196]
[446, 922, 326]
[557, 944, 212]
[449, 948, 341]
[523, 977, 77]
[434, 978, 207]
[478, 164, -284]
[496, 148, -278]
[506, 149, -278]
[515, 150, -278]
[477, 146, -263]
[473, 146, -263]
[468, 146, -263]
[531, 163, -203]
[473, 157, -130]
[494, 187, -255]
[471, 185, -233]
[593, 287, -198]
[432, 289, 8]
[609, 441, -255]
[404, 421, 67]
[525, 494, -394]
[334, 454, -123]
[505, 512, -441]
[313, 461, -150]
[496, 503, -444]
[296, 448, -186]
[500, 484, -397]
[320, 443, -144]
[550, 547, -62]
[449, 532, 63]
[560, 748, -32]
[450, 746, 147]
[558, 920, 195]
[452, 921, 349]
[567, 945, 210]
[455, 948, 364]
[530, 976, 72]
[441, 976, 228]
[479, 164, -259]
[497, 148, -258]
[507, 149, -258]
[515, 150, -258]
[478, 146, -241]
[474, 146, -241]
[470, 146, -241]
[531, 164, -194]
[475, 157, -112]
[496, 188, -233]
[472, 185, -210]
[594, 287, -176]
[437, 288, 10]
[613, 443, -249]
[405, 421, 29]
[541, 448, -418]
[328, 429, -187]
[508, 465, -465]
[302, 430, -218]
[518, 441, -465]
[292, 418, -254]
[522, 427, -420]
[306, 419, -209]
[549, 546, -60]
[447, 532, 61]
[555, 745, -18]
[448, 743, 169]
[552, 919, 190]
[447, 918, 367]
[563, 945, 204]
[448, 945, 383]
[518, 972, 70]
[433, 972, 251]
[480, 165, -256]
[497, 148, -255]
[506, 149, -255]
[516, 150, -255]
[478, 146, -237]
[474, 146, -237]
[470, 146, -237]
[532, 164, -193]
[474, 157, -105]
[496, 188, -231]
[473, 186, -206]
[595, 287, -174]
[436, 287, 13]
[613, 443, -257]
[404, 421, 22]
[552, 462, -428]
[330, 420, -197]
[522, 480, -474]
[306, 417, -228]
[530, 458, -474]
[295, 403, -256]
[533, 449, -431]
[309, 404, -216]
[549, 546, -61]
[445, 532, 61]
[554, 744, -24]
[447, 740, 192]
[551, 917, 197]
[446, 914, 425]
[561, 944, 212]
[447, 941, 445]
[517, 971, 74]
[432, 969, 311]
[480, 165, -249]
[497, 148, -247]
[506, 149, -247]
[515, 150, -247]
[478, 146, -229]
[474, 146, -229]
[470, 146, -229]
[532, 163, -186]
[474, 157, -95]
[496, 188, -224]
[473, 186, -199]
[595, 287, -175]
[435, 286, 22]
[612, 439, -248]
[402, 419, 31]
[576, 465, -399]
[321, 409, -169]
[564, 486, -447]
[297, 411, -199]
[559, 458, -456]
[291, 394, -232]
[558, 459, -406]
[305, 393, -190]
[549, 545, -61]
[445, 533, 62]
[553, 742, -33]
[446, 737, 176]
[550, 916, 185]
[445, 911, 395]
[559, 942, 200]
[447, 939, 413]
[517, 969, 57]
[432, 963, 276]
[480, 165, -264]
[497, 148, -261]
[506, 149, -261]
[515, 150, -261]
[478, 146, -245]
[474, 146, -245]
[469, 146, -245]
[532, 163, -192]
[474, 157, -114]
[497, 188, -237]
[473, 186, -215]
[595, 286, -175]
[435, 285, 4]
[612, 436, -264]
[402, 419, 35]
[552, 419, -457]
[302, 383, -157]
[540, 430, -502]
[269, 380, -194]
[529, 391, -502]
[265, 361, -210]
[535, 393, -460]
[279, 363, -187]
[549, 544, -58]
[444, 533, 59]
[553, 739, -11]
[448, 737, 176]
[553, 912, 207]
[447, 911, 393]
[562, 939, 222]
[449, 938, 411]
[523, 965, 85]
[436, 963, 275]
[480, 165, -245]
[497, 148, -243]
[506, 149, -243]
[515, 150, -243]
[478, 146, -226]
[474, 146, -226]
[469, 147, -226]
[532, 163, -183]
[474, 157, -101]
[497, 189, -221]
[473, 186, -198]
[595, 286, -168]
[435, 285, 14]
[609, 431, -282]
[400, 411, 100]
[547, 398, -508]
[298, 366, -17]
[523, 391, -556]
[264, 361, -33]
[527, 372, -556]
[263, 344, -62]
[534, 371, -512]
[277, 347, -34]
[548, 543, -57]
[442, 533, 57]
[553, 738, -14]
[448, 737, 140]
[553, 909, 214]
[448, 910, 345]
[562, 935, 231]
[450, 937, 362]
[524, 963, 102]
[439, 963, 229]
[481, 165, -246]
[497, 148, -246]
[506, 149, -246]
[515, 150, -246]
[478, 146, -229]
[474, 146, -229]
[469, 147, -229]
[532, 163, -173]
[474, 157, -98]
[497, 189, -224]
[474, 186, -201]
[595, 284, -162]
[434, 284, 31]
[609, 429, -316]
[398, 406, 108]
[543, 376, -583]
[304, 361, -23]
[516, 361, -638]
[274, 354, -40]
[523, 349, -631]
[272, 339, -65]
[531, 353, -585]
[285, 342, -37]
[547, 543, -58]
[439, 533, 58]
[553, 738, -33]
[451, 736, 135]
[552, 908, 201]
[453, 907, 346]
[562, 933, 219]
[455, 933, 364]
[524, 961, 96]
[443, 959, 230]
[481, 164, -265]
[497, 147, -259]
[506, 148, -259]
[515, 150, -259]
[478, 146, -243]
[474, 146, -243]
[469, 146, -243]
[532, 163, -180]
[474, 157, -105]
[497, 188, -238]
[474, 186, -216]
[594, 282, -173]
[434, 284, 29]
[609, 424, -341]
[398, 408, 57]
[531, 355, -582]
[308, 352, -126]
[491, 336, -633]
[280, 343, -149]
[491, 327, -619]
[276, 329, -160]
[504, 332, -579]
[290, 332, -136]
[547, 540, -58]
[439, 533, 59]
[559, 737, -24]
[456, 735, 150]
[562, 909, 199]
[460, 908, 375]
[572, 934, 215]
[462, 934, 394]
[536, 962, 87]
[452, 960, 254]
[480, 164, -282]
[496, 147, -274]
[506, 148, -274]
[515, 150, -274]
[478, 146, -257]
[473, 146, -257]
[469, 146, -257]
[532, 163, -188]
[473, 157, -108]
[496, 188, -251]
[474, 186, -229]
[594, 281, -174]
[432, 284, 18]
[610, 425, -334]
[395, 412, -63]
[529, 349, -562]
[320, 344, -381]
[492, 333, -613]
[288, 330, -424]
[491, 322, -598]
[291, 317, -434]
[503, 327, -559]
[300, 322, -394]
[547, 539, -58]
[438, 533, 59]
[558, 736, -26]
[455, 736, 193]
[561, 909, 199]
[458, 908, 446]
[570, 937, 213]
[459, 934, 468]
[533, 963, 63]
[449, 960, 325]
[480, 165, -277]
[495, 148, -270]
[505, 149, -270]
[514, 150, -270]
[477, 146, -253]
[472, 146, -253]
[467, 147, -253]
[532, 163, -185]
[472, 158, -106]
[495, 188, -247]
[473, 186, -225]
[593, 280, -172]
[429, 284, 18]
[610, 430, -331]
[388, 415, -65]
[526, 348, -559]
[320, 337, -375]
[495, 333, -609]
[289, 319, -417]
[495, 322, -591]
[293, 306, -425]
[505, 327, -555]
[302, 312, -387]
[547, 539, -58]
[437, 533, 59]
[558, 736, -36]
[454, 737, 182]
[561, 912, 186]
[457, 911, 419]
[571, 941, 200]
[458, 938, 439]
[533, 966, 50]
[448, 964, 298]
[479, 166, -275]
[494, 148, -257]
[504, 150, -257]
[513, 151, -257]
[475, 147, -248]
[470, 147, -248]
[465, 147, -248]
[531, 164, -153]
[468, 158, -103]
[494, 188, -236]
[472, 186, -224]
[586, 280, -137]
[422, 282, 10]
[607, 433, -317]
[379, 415, -95]
[527, 344, -529]
[316, 333, -409]
[499, 329, -578]
[288, 315, -455]
[499, 317, -563]
[293, 302, -461]
[509, 324, -526]
[303, 308, -421]
[544, 538, -52]
[435, 533, 53]
[558, 737, -40]
[454, 739, 146]
[561, 913, 178]
[456, 912, 357]
[571, 942, 192]
[457, 939, 374]
[533, 967, 47]
[449, 966, 233]
[478, 166, -281]
[493, 149, -267]
[503, 150, -267]
[512, 151, -267]
[475, 147, -254]
[470, 147, -254]
[465, 147, -254]
[530, 165, -155]
[468, 158, -105]
[493, 189, -245]
[471, 186, -229]
[582, 281, -149]
[418, 279, 11]
[604, 439, -327]
[379, 416, -73]
[537, 346, -563]
[317, 333, -383]
[512, 328, -611]
[288, 315, -423]
[521, 314, -592]
[293, 301, -429]
[527, 322, -559]
[304, 307, -394]
[538, 539, -53]
[430, 534, 53]
[553, 742, -48]
[445, 744, 144]
[557, 923, 176]
[448, 920, 359]
[566, 953, 190]
[447, 947, 376]
[528, 978, 42]
[443, 976, 229]
[477, 166, -285]
[492, 149, -270]
[502, 151, -270]
[511, 152, -270]
[474, 147, -259]
[468, 147, -259]
[463, 147, -259]
[529, 165, -162]
[466, 158, -114]
[491, 189, -248]
[469, 186, -234]
[577, 283, -148]
[407, 278, 0]
[600, 443, -315]
[362, 411, -117]
[540, 340, -536]
[292, 325, -430]
[518, 321, -584]
[280, 306, -472]
[526, 307, -578]
[275, 289, -474]
[536, 314, -534]
[295, 300, -440]
[536, 539, -50]
[425, 534, 51]
[551, 745, -36]
[440, 747, 143]
[553, 928, 186]
[440, 924, 357]
[562, 958, 199]
[439, 951, 374]
[524, 983, 45]
[439, 980, 224]
[476, 166, -283]
[492, 149, -268]
[502, 151, -268]
[511, 153, -268]
[473, 147, -258]
[468, 147, -258]
[463, 147, -258]
[527, 165, -157]
[465, 158, -114]
[491, 189, -246]
[469, 186, -232]
[576, 283, -132]
[406, 277, -10]
[600, 441, -312]
[356, 398, -151]
[589, 331, -528]
[280, 312, -460]
[576, 310, -576]
[269, 294, -502]
[577, 292, -575]
[272, 279, -503]
[575, 301, -526]
[285, 287, -469]
[536, 538, -49]
[424, 533, 50]
[544, 742, -51]
[431, 745, 149]
[541, 923, 166]
[427, 917, 379]
[549, 951, 180]
[425, 943, 399]
[511, 982, 33]
[430, 977, 252]
[473, 167, -258]
[490, 150, -242]
[499, 151, -242]
[508, 153, -242]
[471, 147, -232]
[466, 147, -232]
[461, 147, -233]
[525, 165, -137]
[464, 158, -90]
[488, 189, -220]
[466, 187, -208]
[575, 283, -110]
[405, 273, -2]
[600, 439, -269]
[359, 389, -110]
[607, 326, -477]
[304, 327, -398]
[599, 303, -520]
[305, 306, -437]
[601, 287, -504]
[311, 293, -440]
[597, 297, -475]
[318, 301, -408]
[536, 536, -49]
[424, 532, 50]
[538, 740, -54]
[426, 741, 131]
[532, 919, 152]
[421, 912, 330]
[540, 945, 164]
[419, 937, 346]
[502, 978, 20]
[422, 971, 202]
[472, 167, -286]
[488, 151, -269]
[497, 152, -269]
[506, 154, -269]
[469, 149, -259]
[465, 149, -259]
[460, 148, -260]
[522, 166, -151]
[463, 159, -111]
[486, 190, -246]
[464, 187, -233]
[575, 283, -127]
[405, 273, -18]
[601, 438, -307]
[362, 393, -135]
[619, 309, -538]
[320, 316, -416]
[612, 281, -584]
[319, 315, -457]
[611, 267, -563]
[316, 292, -456]
[607, 279, -535]
[331, 300, -424]
[536, 536, -49]
[424, 532, 50]
[538, 738, -55]
[427, 740, 121]
[535, 917, 149]
[424, 911, 313]
[543, 943, 161]
[423, 937, 328]
[505, 976, 15]
[424, 970, 180]
[471, 168, -285]
[488, 152, -265]
[497, 153, -265]
[506, 155, -265]
[469, 150, -258]
[464, 149, -258]
[460, 149, -258]
[521, 167, -151]
[462, 160, -112]
[486, 190, -242]
[463, 187, -231]
[574, 283, -116]
[403, 274, -19]
[600, 438, -291]
[363, 405, -143]
[607, 316, -529]
[325, 313, -432]
[598, 287, -576]
[320, 313, -475]
[600, 272, -561]
[316, 289, -474]
[594, 291, -527]
[332, 298, -440]
[536, 535, -43]
[425, 532, 44]
[542, 738, -40]
[434, 740, 105]
[545, 916, 156]
[437, 911, 280]
[552, 942, 168]
[436, 937, 293]
[520, 974, 24]
[441, 970, 148]
[471, 169, -297]
[488, 153, -280]
[497, 155, -280]
[506, 156, -280]
[469, 150, -271]
[464, 150, -271]
[460, 149, -271]
[521, 169, -165]
[461, 161, -124]
[486, 191, -256]
[463, 188, -245]
[574, 286, -133]
[401, 276, -14]
[599, 439, -301]
[362, 406, -114]
[576, 326, -531]
[325, 315, -393]
[575, 306, -577]
[316, 315, -435]
[586, 273, -562]
[312, 296, -447]
[581, 293, -529]
[330, 304, -405]
[534, 535, -44]
[424, 532, 45]
[542, 741, -34]
[434, 742, 113]
[545, 920, 180]
[437, 916, 307]
[552, 947, 193]
[436, 942, 322]
[520, 978, 41]
[440, 973, 170]
[472, 170, -311]
[488, 154, -296]
[497, 155, -296]
[506, 157, -296]
[469, 151, -285]
[464, 150, -285]
[460, 150, -285]
[521, 169, -184]
[460, 161, -135]
[486, 192, -272]
[463, 188, -258]
[574, 287, -156]
[401, 279, -11]
[598, 441, -328]
[364, 413, -71]
[565, 337, -577]
[313, 313, -312]
[567, 321, -625]
[310, 311, -342]
[584, 281, -608]
[304, 294, -347]
[577, 300, -575]
[307, 296, -321]
[532, 536, -52]
[424, 532, 53]
[542, 742, -49]
[434, 744, 120]
[545, 922, 172]
[437, 918, 319]
[553, 949, 185]
[436, 943, 335]
[520, 978, 29]
[440, 975, 185]
[472, 171, -312]
[489, 155, -296]
[497, 157, -296]
[506, 159, -296]
[469, 152, -286]
[464, 151, -286]
[460, 150, -286]
[521, 171, -186]
[460, 162, -140]
[486, 192, -272]
[463, 189, -260]
[573, 289, -164]
[397, 282, -19]
[597, 442, -320]
[363, 413, -92]
[532, 371, -554]
[315, 336, -346]
[504, 358, -600]
[315, 325, -381]
[512, 328, -584]
[312, 308, -379]
[518, 340, -553]
[316, 314, -353]
[532, 536, -51]
[424, 533, 52]
[542, 745, -42]
[434, 746, 121]
[545, 925, 195]
[436, 921, 328]
[553, 952, 210]
[435, 946, 345]
[520, 981, 51]
[440, 978, 191]
[473, 171, -297]
[490, 156, -277]
[498, 157, -277]
[507, 159, -277]
[469, 152, -272]
[465, 151, -272]
[460, 150, -272]
[521, 171, -157]
[460, 162, -128]
[488, 192, -253]
[464, 189, -247]
[572, 289, -127]
[397, 282, -18]
[600, 441, -279]
[355, 400, -91]
[589, 360, -516]
[306, 347, -348]
[580, 343, -565]
[301, 341, -383]
[581, 318, -552]
[303, 326, -384]
[577, 328, -517]
[309, 330, -356]
[532, 536, -50]
[423, 532, 50]
[541, 745, -39]
[431, 746, 117]
[539, 925, 186]
[431, 921, 309]
[547, 952, 197]
[428, 946, 324]
[514, 981, 37]
[436, 978, 164]
[474, 171, -279]
[490, 156, -258]
[499, 157, -258]
[507, 159, -258]
[470, 153, -255]
[465, 152, -255]
[460, 151, -255]
[521, 171, -139]
[460, 163, -121]
[488, 192, -236]
[464, 189, -233]
[573, 288, -106]
[397, 285, -25]
[617, 419, -276]
[345, 391, -151]
[631, 313, -517]
[273, 326, -432]
[625, 288, -565]
[261, 308, -476]
[621, 273, -550]
[267, 295, -478]
[617, 284, -517]
[277, 304, -442]
[534, 536, -42]
[424, 532, 43]
[543, 745, -32]
[434, 748, 96]
[546, 925, 184]
[436, 924, 268]
[555, 952, 195]
[435, 949, 280]
[521, 981, 43]
[442, 981, 126]
[475, 170, -294]
[491, 156, -275]
[500, 157, -275]
[507, 159, -275]
[470, 153, -268]
[465, 152, -268]
[460, 151, -268]
[521, 170, -157]
[460, 163, -124]
[490, 192, -253]
[464, 189, -243]
[575, 288, -137]
[397, 290, -21]
[614, 429, -312]
[349, 407, -128]
[558, 331, -558]
[284, 327, -427]
[554, 330, -609]
[271, 311, -471]
[556, 302, -594]
[273, 298, -473]
[559, 309, -557]
[284, 306, -436]
[537, 538, -44]
[426, 536, 45]
[550, 751, -37]
[439, 757, 99]
[555, 933, 182]
[444, 934, 313]
[564, 961, 194]
[443, 959, 329]
[531, 988, 39]
[449, 991, 157]
[476, 171, -294]
[493, 156, -278]
[501, 157, -278]
[508, 159, -278]
[471, 153, -268]
[466, 152, -268]
[460, 152, -268]
[522, 170, -171]
[460, 164, -124]
[492, 192, -256]
[465, 189, -243]
[580, 285, -147]
[405, 293, -17]
[613, 430, -328]
[365, 421, -110]
[546, 334, -586]
[297, 328, -403]
[548, 322, -636]
[277, 314, -444]
[552, 297, -619]
[275, 299, -448]
[554, 305, -584]
[288, 307, -413]
[543, 538, -45]
[432, 536, 45]
[553, 750, -37]
[443, 756, 116]
[558, 932, 182]
[448, 932, 336]
[566, 960, 194]
[447, 957, 353]
[533, 987, 39]
[453, 989, 189]
[477, 171, -294]
[493, 156, -278]
[501, 157, -278]
[509, 158, -278]
[472, 153, -268]
[466, 153, -268]
[461, 153, -268]
[522, 170, -182]
[461, 164, -121]
[493, 192, -256]
[465, 189, -242]
[583, 284, -164]
[413, 294, -1]
[612, 430, -327]
[374, 425, -79]
[528, 343, -566]
[313, 338, -398]
[500, 331, -615]
[283, 323, -437]
[515, 304, -598]
[286, 309, -440]
[520, 322, -564]
[300, 316, -406]
[543, 539, -52]
[434, 536, 53]
[553, 749, -40]
[445, 755, 147]
[557, 931, 163]
[448, 931, 360]
[565, 959, 174]
[448, 956, 377]
[532, 987, 17]
[451, 989, 221]
[478, 171, -294]
[494, 156, -278]
[502, 157, -278]
[509, 158, -278]
[472, 154, -267]
[467, 154, -267]
[461, 154, -268]
[523, 170, -181]
[462, 165, -120]
[495, 193, -256]
[467, 190, -240]
[586, 284, -158]
[417, 294, 0]
[612, 429, -322]
[380, 426, -29]
[537, 344, -578]
[312, 348, -274]
[513, 330, -630]
[284, 334, -307]
[520, 308, -616]
[285, 318, -322]
[524, 323, -578]
[298, 324, -287]
[545, 539, -52]
[435, 536, 53]
[555, 748, -39]
[448, 754, 141]
[559, 931, 162]
[452, 931, 349]
[568, 958, 173]
[452, 956, 365]
[534, 985, 18]
[455, 988, 211]
[480, 171, -308]
[497, 156, -299]
[504, 157, -299]
[511, 158, -299]
[475, 154, -285]
[469, 154, -286]
[463, 154, -286]
[525, 170, -208]
[463, 165, -141]
[497, 193, -272]
[468, 191, -254]
[588, 284, -173]
[425, 294, -11]
[614, 427, -305]
[392, 425, -5]
[530, 365, -507]
[312, 359, -207]
[495, 359, -548]
[284, 351, -234]
[500, 331, -534]
[286, 333, -253]
[508, 335, -504]
[297, 336, -221]
[548, 541, -54]
[439, 537, 54]
[560, 748, -38]
[452, 753, 151]
[565, 931, 163]
[459, 930, 363]
[574, 958, 174]
[461, 956, 381]
[541, 985, 30]
[458, 988, 235]
[481, 172, -285]
[498, 156, -281]
[505, 157, -281]
[513, 158, -281]
[476, 154, -267]
[471, 154, -267]
[465, 154, -267]
[526, 170, -196]
[467, 166, -140]
[498, 193, -255]
[471, 192, -235]
[590, 285, -169]
[432, 294, -4]
[609, 427, -280]
[394, 423, 14]
[518, 391, -453]
[309, 363, -173]
[474, 382, -491]
[282, 356, -196]
[480, 354, -479]
[281, 339, -217]
[488, 354, -451]
[291, 342, -187]
[547, 541, -54]
[439, 537, 55]
[558, 746, -38]
[451, 751, 150]
[560, 927, 148]
[458, 928, 359]
[568, 953, 159]
[459, 953, 379]
[534, 981, 23]
[451, 986, 224]
[482, 174, -272]
[498, 157, -268]
[506, 158, -268]
[513, 159, -268]
[478, 156, -252]
[472, 156, -252]
[467, 157, -252]
[527, 171, -192]
[469, 168, -120]
[500, 195, -243]
[472, 194, -222]
[593, 286, -168]
[432, 294, 7]
[611, 427, -287]
[391, 416, 34]
[521, 403, -494]
[283, 368, -159]
[481, 402, -538]
[259, 364, -186]
[484, 372, -522]
[254, 343, -213]
[493, 375, -492]
[267, 346, -176]
[547, 542, -56]
[439, 537, 56]
[556, 748, -37]
[451, 751, 148]
[555, 929, 154]
[454, 929, 354]
[564, 955, 166]
[455, 954, 373]
[528, 981, 24]
[442, 985, 218]
[484, 175, -273]
[500, 157, -274]
[508, 158, -274]
[515, 159, -274]
[480, 157, -256]
[474, 157, -256]
[469, 157, -256]
[529, 171, -196]
[473, 169, -121]
[502, 196, -246]
[474, 195, -224]
[597, 286, -175]
[434, 294, 5]
[611, 430, -288]
[394, 415, 39]
[498, 409, -474]
[288, 380, -137]
[458, 410, -519]
[265, 379, -161]
[464, 384, -506]
[256, 356, -188]
[477, 379, -472]
[270, 361, -154]
[547, 544, -58]
[439, 538, 58]
[554, 749, -27]
[450, 751, 146]
[551, 930, 170]
[449, 929, 341]
[559, 957, 182]
[450, 954, 356]
[523, 982, 33]
[436, 985, 199]
[485, 174, -271]
[501, 156, -272]
[509, 157, -272]
[517, 158, -272]
[480, 156, -253]
[475, 157, -253]
[471, 157, -253]
[530, 170, -203]
[474, 169, -117]
[504, 195, -245]
[475, 195, -220]
[602, 286, -195]
[437, 293, 19]
[606, 432, -289]
[404, 418, 55]
[476, 422, -417]
[291, 389, -125]
[433, 429, -454]
[267, 385, -145]
[438, 400, -441]
[259, 368, -171]
[451, 397, -412]
[274, 371, -142]
[548, 545, -68]
[439, 538, 69]
[551, 750, -40]
[448, 751, 168]
[547, 934, 141]
[443, 931, 357]
[556, 962, 150]
[445, 957, 372]
[516, 984, 1]
[425, 986, 223]
[486, 174, -265]
[502, 156, -266]
[510, 157, -266]
[518, 158, -266]
[481, 156, -246]
[476, 156, -246]
[472, 157, -246]
[533, 170, -202]
[475, 169, -108]
[505, 196, -241]
[476, 195, -213]
[605, 287, -194]
[436, 294, 23]
[617, 440, -299]
[400, 418, 28]
[482, 417, -463]
[292, 396, -193]
[453, 416, -506]
[269, 402, -220]
[453, 392, -492]
[262, 379, -239]
[465, 391, -460]
[275, 380, -208]
[549, 547, -66]
[439, 539, 67]
[554, 756, -21]
[448, 754, 177]
[552, 938, 177]
[446, 934, 374]
[562, 967, 188]
[447, 961, 390]
[519, 988, 40]
[427, 989, 244]
[486, 174, -265]
[502, 156, -264]
[510, 157, -264]
[519, 158, -264]
[482, 156, -246]
[477, 156, -246]
[472, 157, -246]
[534, 171, -199]
[475, 169, -107]
[505, 196, -239]
[477, 195, -213]
[605, 287, -187]
[436, 295, 22]
[619, 442, -296]
[398, 419, 49]
[509, 426, -472]
[301, 410, -142]
[479, 430, -518]
[278, 412, -167]
[481, 404, -506]
[276, 391, -195]
[488, 402, -471]
[290, 391, -160]
[553, 548, -66]
[441, 539, 67]
[557, 755, -25]
[449, 753, 186]
[555, 938, 161]
[446, 933, 388]
[564, 966, 171]
[447, 960, 404]
[520, 988, 19]
[427, 987, 257]
[488, 175, -278]
[504, 157, -275]
[512, 157, -275]
[521, 158, -275]
[483, 156, -258]
[478, 157, -258]
[473, 157, -258]
[536, 171, -198]
[476, 170, -114]
[507, 197, -247]
[478, 196, -223]
[606, 289, -183]
[438, 295, 18]
[627, 447, -297]
[403, 424, 46]
[532, 434, -510]
[316, 420, -156]
[506, 435, -564]
[289, 415, -184]
[509, 410, -558]
[286, 400, -213]
[517, 409, -512]
[299, 401, -174]
[557, 550, -65]
[444, 539, 66]
[565, 755, -23]
[453, 753, 184]
[563, 937, 176]
[450, 933, 398]
[571, 966, 188]
[450, 960, 415]
[529, 988, 36]
[436, 987, 267]
[489, 175, -231]
[505, 157, -229]
[514, 157, -229]
[523, 158, -229]
[484, 157, -212]
[479, 157, -212]
[475, 157, -212]
[537, 171, -166]
[477, 170, -81]
[508, 197, -205]
[479, 196, -181]
[605, 289, -161]
[440, 295, 41]
[626, 446, -236]
[405, 424, 67]
[536, 447, -374]
[325, 432, -121]
[506, 456, -416]
[294, 430, -146]
[509, 442, -413]
[289, 416, -179]
[517, 425, -375]
[302, 417, -141]
[558, 549, -65]
[447, 537, 66]
[564, 752, -25]
[456, 750, 177]
[562, 932, 142]
[454, 928, 368]
[571, 961, 151]
[455, 955, 381]
[529, 981, 14]
[439, 981, 255]
[490, 175, -238]
[506, 156, -234]
[515, 157, -234]
[524, 158, -234]
[485, 157, -218]
[480, 157, -218]
[476, 157, -218]
[539, 171, -162]
[478, 170, -82]
[509, 197, -210]
[479, 196, -187]
[605, 289, -162]
[441, 295, 52]
[625, 445, -234]
[407, 424, 107]
[536, 470, -364]
[326, 449, -45]
[510, 489, -406]
[298, 453, -64]
[510, 478, -405]
[292, 438, -100]
[517, 468, -365]
[304, 437, -65]
[558, 548, -68]
[451, 536, 68]
[564, 752, -26]
[455, 749, 164]
[559, 929, 148]
[454, 927, 331]
[568, 956, 159]
[455, 954, 344]
[524, 979, 33]
[437, 978, 212]
[491, 175, -251]
[507, 157, -249]
[516, 157, -249]
[525, 158, -249]
[486, 157, -234]
[481, 157, -234]
[477, 158, -234]
[540, 171, -180]
[479, 170, -104]
[510, 197, -223]
[480, 197, -201]
[606, 290, -176]
[442, 295, 42]
[624, 446, -213]
[408, 424, 87]
[529, 492, -294]
[334, 462, -63]
[508, 520, -330]
[310, 480, -83]
[500, 502, -330]
[298, 458, -121]
[506, 485, -295]
[310, 456, -84]
[558, 548, -67]
[452, 536, 68]
[561, 755, -30]
[453, 752, 129]
[552, 933, 151]
[449, 932, 279]
[560, 959, 162]
[452, 959, 289]
[521, 984, 34]
[430, 984, 150]
[490, 176, -254]
[507, 157, -251]
[516, 157, -251]
[525, 158, -251]
[486, 157, -234]
[482, 157, -234]
[477, 158, -234]
[540, 172, -184]
[480, 170, -101]
[509, 197, -226]
[480, 197, -203]
[607, 290, -185]
[443, 295, 42]
[623, 446, -234]
[410, 424, 124]
[528, 508, -346]
[333, 469, -14]
[507, 532, -390]
[307, 485, -32]
[494, 519, -392]
[298, 474, -75]
[499, 509, -348]
[309, 469, -36]
[558, 548, -69]
[452, 536, 69]
[554, 759, -65]
[450, 753, 98]
[542, 933, 159]
[443, 932, 261]
[549, 959, 175]
[447, 959, 272]
[511, 985, 48]
[423, 985, 134]
[491, 175, -256]
[508, 157, -253]
[517, 157, -253]
[525, 158, -253]
[487, 157, -236]
[482, 157, -236]
[477, 158, -236]
[541, 172, -184]
[480, 170, -109]
[510, 197, -228]
[481, 197, -203]
[607, 290, -185]
[442, 296, 23]
[622, 446, -205]
[410, 426, 94]
[527, 524, -276]
[332, 480, -77]
[505, 561, -314]
[306, 495, -100]
[486, 532, -320]
[298, 486, -137]
[492, 521, -278]
[311, 483, -98]
[561, 548, -68]
[452, 537, 68]
[554, 763, -65]
[447, 759, 103]
[542, 936, 169]
[440, 937, 252]
[551, 961, 184]
[444, 964, 261]
[511, 990, 59]
[419, 989, 127]
[491, 175, -257]
[508, 156, -254]
[516, 157, -254]
[525, 158, -254]
[487, 157, -237]
[482, 157, -237]
[477, 158, -237]
[541, 172, -183]
[480, 170, -113]
[510, 197, -229]
[481, 197, -206]
[608, 290, -184]
[442, 297, 15]
[621, 445, -206]
[409, 429, 81]
[528, 529, -290]
[334, 485, -96]
[512, 571, -329]
[306, 502, -119]
[492, 552, -337]
[299, 491, -145]
[492, 523, -294]
[313, 489, -115]
[564, 550, -66]
[457, 540, 67]
[564, 764, -56]
[455, 763, 88]
[554, 940, 168]
[450, 943, 226]
[562, 965, 182]
[455, 971, 235]
[521, 994, 52]
[430, 993, 98]
[491, 175, -259]
[507, 156, -254]
[516, 157, -254]
[525, 158, -254]
[487, 157, -239]
[483, 157, -239]
[478, 158, -239]
[542, 172, -185]
[480, 171, -117]
[510, 197, -232]
[481, 197, -211]
[608, 290, -189]
[442, 298, 5]
[619, 445, -215]
[408, 432, 73]
[531, 541, -302]
[335, 497, -77]
[522, 577, -342]
[307, 514, -99]
[500, 562, -349]
[308, 497, -137]
[501, 544, -306]
[317, 504, -98]
[563, 550, -66]
[456, 540, 67]
[563, 765, -27]
[452, 763, 107]
[554, 946, 191]
[448, 945, 264]
[562, 972, 204]
[452, 973, 275]
[522, 1000, 67]
[430, 997, 134]
[491, 173, -254]
[508, 155, -249]
[516, 156, -249]
[525, 157, -249]
[487, 156, -234]
[483, 157, -234]
[478, 157, -234]
[542, 171, -181]
[481, 170, -110]
[510, 196, -228]
[482, 196, -207]
[608, 290, -188]
[442, 299, 8]
[617, 446, -220]
[406, 433, 71]
[534, 552, -307]
[335, 506, -78]
[536, 594, -348]
[298, 516, -98]
[512, 584, -355]
[303, 508, -140]
[507, 556, -311]
[316, 502, -100]
[561, 552, -68]
[452, 540, 68]
[550, 771, -27]
[430, 765, 114]
[530, 957, 183]
[417, 953, 265]
[536, 985, 197]
[418, 982, 275]
[497, 1012, 62]
[401, 1008, 126]
[491, 172, -255]
[507, 155, -250]
[516, 155, -250]
[525, 156, -250]
[487, 155, -235]
[483, 156, -235]
[478, 156, -235]
[543, 171, -183]
[481, 170, -109]
[509, 195, -228]
[481, 195, -207]
[607, 290, -192]
[442, 299, 11]
[617, 445, -222]
[406, 432, 73]
[540, 562, -303]
[347, 508, -84]
[539, 605, -346]
[321, 526, -106]
[516, 594, -353]
[328, 517, -146]
[514, 576, -307]
[336, 516, -105]
[551, 554, -73]
[444, 541, 74]
[524, 775, -28]
[404, 765, 117]
[499, 962, 183]
[388, 952, 271]
[504, 990, 193]
[389, 981, 280]
[464, 1015, 44]
[371, 1007, 129]
[491, 172, -235]
[507, 154, -231]
[516, 155, -231]
[525, 156, -231]
[487, 154, -214]
[483, 155, -214]
[478, 155, -214]
[543, 171, -167]
[482, 169, -86]
[509, 195, -211]
[481, 194, -188]
[607, 290, -183]
[441, 299, 33]
[617, 442, -218]
[404, 433, 94]
[555, 557, -315]
[347, 517, -55]
[557, 595, -359]
[320, 540, -77]
[536, 585, -367]
[324, 532, -120]
[531, 565, -320]
[336, 522, -77]
[551, 555, -74]
[444, 542, 75]
[528, 775, -52]
[413, 766, 107]
[509, 963, 141]
[399, 954, 239]
[515, 991, 150]
[400, 983, 246]
[476, 1013, 8]
[381, 1008, 98]
[490, 171, -229]
[507, 154, -226]
[516, 155, -226]
[525, 156, -226]
[487, 154, -208]
[483, 155, -208]
[478, 155, -208]
[543, 171, -168]
[482, 169, -82]
[509, 195, -207]
[481, 194, -182]
[607, 290, -184]
[441, 299, 41]
[617, 441, -221]
[403, 433, 106]
[557, 562, -321]
[348, 518, -33]
[553, 603, -366]
[324, 543, -53]
[533, 591, -373]
[327, 532, -96]
[531, 573, -326]
[339, 521, -56]
[548, 556, -80]
[440, 543, 81]
[527, 774, -93]
[416, 766, 109]
[510, 962, 67]
[404, 954, 225]
[518, 991, 72]
[406, 981, 231]
[478, 1012, -72]
[385, 1003, 89]
[490, 171, -236]
[507, 154, -233]
[516, 155, -233]
[525, 156, -233]
[487, 154, -215]
[483, 155, -215]
[478, 155, -215]
[543, 171, -169]
[482, 169, -87]
[509, 194, -213]
[481, 193, -189]
[607, 291, -190]
[439, 300, 36]
[616, 444, -222]
[403, 441, 101]
[560, 570, -325]
[349, 527, -34]
[555, 616, -370]
[324, 553, -53]
[534, 605, -374]
[325, 541, -97]
[533, 587, -330]
[337, 529, -57]
[548, 557, -81]
[438, 546, 82]
[529, 775, -108]
[419, 766, 112]
[513, 965, 45]
[407, 954, 235]
[521, 996, 50]
[409, 983, 241]
[481, 1012, -99]
[387, 1003, 97]
[490, 171, -253]
[507, 154, -245]
[516, 154, -245]
[525, 156, -245]
[487, 154, -230]
[483, 155, -230]
[478, 155, -230]
[543, 171, -169]
[482, 169, -97]
[509, 194, -225]
[481, 193, -204]
[607, 292, -182]
[436, 300, 19]
[613, 450, -208]
[402, 447, 79]
[565, 577, -313]
[356, 535, -59]
[560, 637, -358]
[339, 562, -85]
[540, 627, -372]
[341, 550, -130]
[537, 608, -322]
[352, 539, -82]
[548, 558, -77]
[438, 547, 79]
[531, 780, -97]
[420, 771, 85]
[516, 969, 80]
[408, 958, 210]
[523, 1000, 87]
[410, 988, 216]
[483, 1016, -63]
[389, 1008, 66]
[490, 171, -253]
[507, 154, -245]
[516, 154, -245]
[525, 155, -245]
[487, 154, -230]
[482, 154, -230]
[477, 155, -230]
[543, 170, -171]
[481, 168, -97]
[509, 194, -225]
[481, 193, -204]
[607, 292, -173]
[434, 300, 17]
[612, 452, -202]
[402, 445, 67]
[570, 581, -312]
[362, 535, -78]
[567, 642, -357]
[347, 563, -105]
[547, 633, -372]
[350, 560, -147]
[543, 613, -321]
[360, 547, -100]
[548, 560, -77]
[438, 548, 78]
[532, 779, -122]
[423, 770, 93]
[517, 968, 30]
[412, 957, 222]
[525, 998, 35]
[413, 987, 228]
[485, 1015, -118]
[393, 1007, 86]
[490, 170, -253]
[507, 153, -245]
[516, 154, -245]
[525, 155, -245]
[487, 153, -231]
[482, 153, -230]
[477, 154, -231]
[543, 169, -167]
[480, 167, -98]
[509, 193, -225]
[481, 192, -205]
[607, 292, -161]
[433, 300, 3]
[612, 453, -190]
[402, 444, 34]
[574, 583, -305]
[369, 537, -124]
[577, 641, -351]
[355, 567, -155]
[557, 634, -367]
[361, 568, -193]
[551, 615, -315]
[370, 552, -145]
[548, 561, -68]
[438, 549, 69]
[534, 779, -101]
[425, 772, 97]
[521, 967, 71]
[419, 957, 236]
[528, 997, 77]
[419, 987, 248]
[491, 1016, -67]
[408, 1009, 93]
[490, 170, -251]
[506, 153, -241]
[516, 153, -241]
[525, 154, -241]
[487, 153, -228]
[482, 153, -228]
[477, 153, -228]
[543, 169, -161]
[479, 166, -94]
[508, 192, -221]
[481, 190, -202]
[607, 292, -154]
[432, 299, 6]
[612, 452, -189]
[402, 443, 41]
[576, 581, -306]
[374, 540, -114]
[579, 634, -352]
[364, 574, -143]
[559, 626, -367]
[368, 573, -181]
[554, 607, -315]
[375, 557, -134]
[549, 561, -66]
[439, 550, 67]
[537, 778, -102]
[428, 772, 101]
[526, 966, 84]
[426, 957, 262]
[532, 996, 92]
[426, 986, 275]
[497, 1015, -55]
[419, 1009, 125]
[490, 170, -251]
[506, 152, -241]
[515, 153, -242]
[525, 154, -242]
[487, 152, -229]
[482, 153, -229]
[476, 153, -229]
[543, 168, -162]
[479, 165, -96]
[508, 192, -221]
[481, 190, -203]
[607, 292, -150]
[432, 298, -2]
[611, 452, -176]
[402, 443, 33]
[578, 580, -293]
[377, 543, -111]
[584, 630, -340]
[368, 579, -140]
[561, 628, -356]
[373, 578, -178]
[556, 609, -303]
[380, 562, -131]
[548, 561, -62]
[439, 550, 63]
[537, 778, -96]
[428, 771, 108]
[526, 964, 98]
[426, 954, 294]
[533, 992, 108]
[426, 982, 308]
[498, 1015, -44]
[420, 1008, 159]
[490, 170, -251]
[506, 152, -242]
[515, 153, -242]
[525, 154, -242]
[487, 152, -229]
[481, 153, -229]
[476, 153, -229]
[543, 168, -161]
[478, 165, -96]
[508, 191, -221]
[481, 190, -203]
[607, 292, -152]
[431, 298, 0]
[611, 452, -182]
[402, 442, 34]
[578, 580, -297]
[378, 542, -116]
[580, 632, -344]
[370, 577, -146]
[559, 627, -359]
[375, 575, -184]
[554, 608, -307]
[382, 559, -136]
[548, 561, -63]
[439, 550, 64]
[536, 778, -93]
[428, 771, 122]
[526, 964, 99]
[426, 954, 307]
[532, 992, 108]
[426, 982, 320]
[498, 1015, -43]
[419, 1008, 169]
[490, 170, -252]
[505, 152, -242]
[514, 153, -242]
[524, 154, -242]
[486, 153, -229]
[480, 153, -229]
[475, 153, -230]
[543, 168, -162]
[477, 165, -95]
[508, 191, -221]
[481, 190, -203]
[607, 293, -153]
[431, 298, 1]
[610, 453, -186]
[402, 442, 31]
[578, 583, -301]
[379, 545, -129]
[580, 634, -348]
[371, 580, -160]
[559, 628, -362]
[378, 571, -197]
[555, 609, -310]
[384, 560, -148]
[548, 562, -64]
[440, 551, 64]
[536, 779, -91]
[427, 773, 122]
[526, 967, 99]
[425, 957, 295]
[532, 996, 109]
[426, 985, 307]
[498, 1018, -45]
[418, 1013, 155]
