[472, 171, -224]
[484, 159, -220]
[491, 159, -220]
[498, 160, -220]
[472, 157, -213]
[470, 157, -213]
[467, 157, -213]
[520, 172, -195]
[476, 169, -147]
[484, 194, -213]
[470, 191, -200]
[595, 286, -187]
[446, 288, -106]
[612, 420, -211]
[418, 424, -90]
[554, 521, -243]
[352, 489, -150]
[553, 561, -265]
[334, 501, -164]
[536, 552, -270]
[333, 498, -189]
[538, 531, -245]
[340, 495, -162]
[552, 472, -21]
[474, 454, 21]
[530, 586, -104]
[433, 534, -21]
[548, 652, 120]
[435, 627, 127]
[552, 655, 139]
[441, 642, 142]
[542, 701, 97]
[417, 670, 94]
[477, 176, -224]
[491, 162, -221]
[498, 162, -221]
[505, 163, -221]
[478, 161, -209]
[475, 160, -209]
[473, 160, -210]
[524, 176, -192]
[485, 172, -123]
[492, 198, -213]
[475, 195, -196]
[599, 292, -191]
[449, 300, -53]
[616, 429, -209]
[422, 421, -12]
[559, 510, -259]
[351, 482, -112]
[559, 544, -290]
[328, 492, -127]
[536, 533, -294]
[324, 487, -162]
[538, 518, -261]
[334, 487, -133]
[563, 505, -43]
[479, 499, 44]
[545, 645, -23]
[470, 635, 149]
[546, 761, 243]
[467, 759, 358]
[554, 783, 264]
[472, 783, 378]
[523, 805, 183]
[443, 806, 294]
[480, 177, -224]
[492, 163, -221]
[500, 164, -221]
[508, 164, -221]
[479, 162, -205]
[477, 162, -205]
[473, 161, -206]
[529, 177, -182]
[482, 174, -98]
[495, 201, -209]
[477, 198, -186]
[604, 296, -178]
[448, 298, 0]
[627, 440, -206]
[417, 430, 56]
[558, 504, -291]
[344, 473, -76]
[559, 546, -331]
[315, 482, -97]
[539, 531, -337]
[308, 474, -136]
[538, 518, -295]
[318, 474, -97]
[550, 524, -55]
[466, 518, 55]
[542, 700, -31]
[463, 688, 99]
[539, 832, 217]
[457, 829, 286]
[548, 856, 235]
[461, 857, 301]
[514, 878, 141]
[442, 875, 193]
[483, 181, -259]
[497, 165, -256]
[505, 166, -256]
[515, 166, -256]
[481, 165, -238]
[477, 164, -238]
[473, 165, -238]
[533, 178, -196]
[479, 176, -112]
[499, 204, -236]
[478, 202, -210]
[605, 300, -186]
[446, 301, 0]
[622, 451, -243]
[414, 434, 30]
[541, 487, -373]
[338, 460, -150]
[516, 512, -421]
[311, 467, -178]
[515, 495, -419]
[305, 458, -214]
[515, 480, -375]
[316, 456, -172]
[557, 533, -62]
[466, 527, 62]
[552, 725, -30]
[458, 719, 145]
[550, 874, 209]
[460, 872, 323]
[560, 900, 225]
[465, 900, 337]
[522, 920, 115]
[440, 921, 212]
[487, 186, -261]
[500, 167, -259]
[509, 167, -259]
[518, 168, -259]
[483, 167, -241]
[478, 167, -241]
[474, 168, -241]
[536, 177, -195]
[479, 178, -109]
[504, 206, -236]
[481, 206, -211]
[606, 295, -185]
[448, 300, 16]
[622, 448, -266]
[417, 430, 45]
[537, 461, -416]
[338, 442, -149]
[505, 480, -461]
[308, 446, -174]
[503, 463, -453]
[301, 438, -206]
[512, 453, -414]
[313, 436, -169]
[559, 539, -63]
[464, 531, 64]
[559, 728, -26]
[458, 724, 156]
[555, 884, 202]
[459, 883, 345]
[564, 910, 217]
[462, 909, 360]
[524, 934, 91]
[443, 936, 228]
[484, 180, -251]
[498, 163, -249]
[506, 163, -249]
[515, 164, -249]
[481, 163, -234]
[477, 163, -234]
[473, 164, -234]
[536, 175, -187]
[479, 173, -97]
[501, 202, -227]
[479, 202, -207]
[606, 291, -177]
[444, 296, 24]
[632, 444, -280]
[411, 425, 36]
[539, 454, -462]
[318, 427, -179]
[512, 468, -512]
[290, 437, -208]
[508, 453, -502]
[285, 433, -238]
[517, 442, -460]
[298, 431, -198]
[559, 538, -65]
[460, 531, 66]
[560, 729, -32]
[459, 726, 176]
[562, 889, 195]
[464, 884, 394]
[572, 915, 210]
[466, 910, 412]
[531, 937, 77]
[449, 936, 282]
[483, 178, -268]
[497, 161, -270]
[505, 161, -270]
[515, 162, -270]
[480, 161, -247]
[476, 161, -247]
[472, 162, -247]
[536, 173, -217]
[479, 172, -106]
[500, 200, -246]
[478, 200, -215]
[607, 291, -211]
[445, 299, 21]
[634, 444, -336]
[408, 425, 55]
[537, 444, -529]
[297, 427, -163]
[501, 461, -581]
[257, 414, -191]
[504, 431, -568]
[254, 403, -225]
[512, 431, -527]
[273, 408, -174]
[560, 543, -74]
[457, 534, 75]
[556, 742, -45]
[455, 735, 208]
[558, 908, 188]
[459, 899, 449]
[568, 936, 203]
[462, 926, 470]
[526, 956, 49]
[447, 951, 331]
[483, 181, -262]
[497, 162, -262]
[505, 162, -262]
[514, 162, -262]
[480, 162, -242]
[475, 163, -242]
[471, 163, -242]
[536, 173, -203]
[478, 172, -103]
[500, 201, -238]
[478, 202, -211]
[603, 290, -188]
[446, 295, 29]
[626, 437, -313]
[416, 423, 46]
[539, 440, -517]
[302, 413, -162]
[510, 430, -565]
[262, 399, -187]
[510, 406, -556]
[270, 383, -211]
[515, 401, -516]
[284, 387, -177]
[555, 542, -71]
[455, 534, 72]
[556, 733, -44]
[456, 729, 188]
[557, 899, 169]
[458, 894, 409]
[567, 926, 183]
[461, 920, 427]
[525, 950, 38]
[446, 946, 293]
[482, 179, -259]
[495, 160, -259]
[504, 160, -259]
[513, 161, -259]
[479, 161, -239]
[474, 161, -239]
[470, 161, -239]
[535, 171, -197]
[477, 171, -92]
[499, 199, -234]
[477, 200, -211]
[601, 288, -189]
[444, 293, 49]
[622, 434, -339]
[413, 425, 37]
[540, 420, -561]
[310, 398, -217]
[513, 408, -615]
[279, 384, -246]
[519, 382, -605]
[281, 367, -264]
[524, 383, -560]
[294, 371, -232]
[558, 542, -74]
[453, 536, 75]
[562, 735, -40]
[459, 733, 215]
[565, 905, 159]
[463, 900, 448]
[575, 932, 170]
[464, 926, 468]
[531, 954, 19]
[450, 950, 329]
[481, 177, -253]
[494, 158, -258]
[502, 158, -258]
[511, 159, -258]
[478, 159, -232]
[473, 159, -232]
[469, 159, -232]
[534, 170, -194]
[477, 169, -90]
[497, 197, -233]
[476, 198, -200]
[601, 287, -187]
[444, 293, 37]
[620, 433, -327]
[412, 422, 36]
[541, 410, -536]
[314, 379, -189]
[516, 399, -586]
[286, 366, -216]
[519, 374, -576]
[286, 350, -236]
[524, 376, -535]
[299, 355, -204]
[557, 544, -72]
[453, 538, 72]
[561, 736, -37]
[459, 732, 212]
[562, 903, 167]
[461, 898, 449]
[573, 930, 179]
[462, 924, 469]
[529, 954, 46]
[449, 950, 340]
[480, 176, -269]
[494, 157, -273]
[501, 158, -273]
[510, 158, -273]
[477, 158, -249]
[473, 158, -249]
[469, 158, -249]
[532, 169, -220]
[476, 168, -106]
[497, 197, -248]
[475, 198, -217]
[602, 286, -206]
[442, 296, 21]
[623, 432, -350]
[411, 429, 2]
[538, 383, -538]
[321, 369, -238]
[501, 362, -581]
[287, 354, -265]
[504, 350, -563]
[289, 339, -277]
[504, 347, -532]
[303, 344, -250]
[563, 546, -66]
[452, 542, 67]
[575, 746, -20]
[469, 746, 208]
[580, 921, 201]
[472, 919, 449]
[591, 951, 216]
[473, 947, 470]
[547, 973, 65]
[462, 975, 333]
[480, 175, -275]
[493, 157, -273]
[501, 157, -273]
[510, 158, -273]
[477, 157, -254]
[473, 157, -254]
[468, 157, -254]
[532, 169, -208]
[476, 167, -109]
[496, 196, -248]
[475, 197, -223]
[601, 285, -192]
[442, 296, 15]
[625, 432, -322]
[409, 426, -71]
[532, 372, -501]
[326, 358, -390]
[487, 356, -544]
[295, 339, -431]
[494, 342, -525]
[299, 326, -439]
[500, 337, -495]
[313, 333, -403]
[564, 545, -63]
[452, 543, 64]
[575, 738, -19]
[470, 741, 201]
[579, 912, 195]
[473, 911, 438]
[589, 942, 209]
[474, 939, 458]
[549, 964, 60]
[464, 966, 324]
[480, 175, -269]
[493, 157, -267]
[501, 157, -267]
[509, 158, -267]
[476, 157, -249]
[472, 157, -249]
[468, 157, -249]
[532, 170, -192]
[476, 166, -103]
[496, 196, -243]
[474, 196, -218]
[599, 283, -174]
[442, 292, 16]
[625, 432, -319]
[403, 425, -73]
[533, 358, -529]
[337, 349, -392]
[495, 343, -575]
[312, 332, -435]
[500, 332, -556]
[311, 319, -442]
[504, 334, -523]
[323, 325, -404]
[561, 539, -62]
[452, 538, 63]
[571, 727, -34]
[469, 729, 192]
[575, 899, 143]
[473, 896, 414]
[584, 927, 152]
[474, 923, 432]
[546, 949, 4]
[466, 948, 301]
[479, 175, -274]
[493, 157, -270]
[500, 157, -270]
[509, 158, -270]
[476, 157, -251]
[472, 157, -251]
[467, 157, -251]
[532, 169, -195]
[475, 166, -104]
[495, 196, -247]
[474, 197, -221]
[598, 283, -176]
[440, 290, 22]
[623, 440, -338]
[402, 426, -53]
[535, 353, -559]
[337, 347, -360]
[498, 337, -606]
[314, 328, -398]
[502, 326, -588]
[313, 313, -404]
[511, 331, -555]
[325, 321, -371]
[560, 539, -62]
[451, 538, 63]
[568, 729, -47]
[467, 730, 192]
[571, 903, 149]
[471, 899, 424]
[580, 932, 160]
[472, 926, 443]
[543, 956, 13]
[463, 952, 308]
[478, 176, -264]
[492, 157, -260]
[500, 157, -260]
[509, 158, -260]
[475, 157, -237]
[470, 157, -237]
[465, 157, -237]
[531, 169, -187]
[474, 166, -85]
[494, 197, -237]
[474, 197, -207]
[597, 282, -170]
[438, 290, 33]
[623, 446, -336]
[402, 430, -63]
[553, 348, -568]
[337, 336, -392]
[533, 326, -617]
[313, 317, -432]
[545, 312, -598]
[312, 303, -437]
[548, 320, -565]
[324, 310, -404]
[559, 540, -62]
[451, 539, 63]
[567, 735, -60]
[466, 738, 198]
[571, 911, 143]
[470, 908, 440]
[581, 940, 155]
[471, 935, 461]
[542, 964, 7]
[464, 964, 323]
[478, 176, -288]
[492, 157, -278]
[501, 158, -278]
[510, 158, -278]
[475, 157, -261]
[470, 157, -261]
[465, 157, -261]
[531, 169, -187]
[471, 166, -101]
[494, 197, -253]
[474, 197, -232]
[592, 283, -167]
[433, 289, 28]
[619, 448, -319]
[391, 427, -84]
[558, 351, -527]
[325, 329, -411]
[551, 333, -572]
[304, 315, -451]
[563, 311, -556]
[301, 300, -457]
[562, 320, -523]
[316, 306, -423]
[558, 539, -62]
[449, 539, 62]
[567, 737, -51]
[465, 741, 202]
[570, 912, 164]
[470, 910, 457]
[580, 941, 177]
[469, 937, 479]
[541, 968, 16]
[463, 967, 337]
[474, 176, -291]
[489, 157, -283]
[498, 157, -283]
[507, 158, -283]
[472, 157, -264]
[467, 157, -264]
[461, 157, -264]
[530, 169, -197]
[468, 166, -104]
[489, 197, -259]
[469, 197, -234]
[587, 283, -180]
[423, 288, 24]
[616, 448, -359]
[366, 420, -87]
[564, 352, -590]
[287, 323, -411]
[559, 335, -639]
[259, 302, -449]
[569, 312, -619]
[273, 282, -452]
[567, 321, -587]
[283, 293, -422]
[554, 540, -66]
[445, 539, 67]
[565, 740, -67]
[458, 743, 203]
[569, 916, 155]
[463, 910, 458]
[580, 946, 168]
[462, 938, 481]
[537, 971, 12]
[459, 967, 338]
[473, 175, -279]
[488, 156, -267]
[497, 157, -268]
[507, 158, -267]
[470, 156, -249]
[465, 156, -249]
[460, 156, -249]
[528, 169, -182]
[467, 165, -93]
[488, 196, -248]
[467, 196, -223]
[585, 283, -169]
[422, 287, 22]
[617, 446, -359]
[370, 417, -92]
[593, 334, -602]
[292, 311, -407]
[579, 314, -653]
[263, 299, -446]
[581, 292, -628]
[272, 276, -449]
[579, 302, -597]
[286, 288, -418]
[554, 539, -65]
[443, 537, 66]
[556, 736, -66]
[445, 739, 201]
[558, 911, 140]
[447, 904, 449]
[568, 940, 152]
[446, 931, 471]
[528, 965, -1]
[448, 961, 329]
[472, 172, -292]
[488, 155, -282]
[497, 156, -282]
[507, 157, -282]
[469, 154, -264]
[465, 154, -264]
[459, 154, -264]
[528, 168, -194]
[467, 164, -108]
[488, 195, -261]
[467, 195, -236]
[585, 282, -170]
[420, 286, 5]
[614, 445, -351]
[371, 417, -105]
[596, 343, -590]
[299, 317, -424]
[582, 321, -638]
[270, 306, -464]
[588, 299, -617]
[278, 286, -467]
[585, 308, -586]
[287, 291, -435]
[553, 538, -64]
[442, 537, 65]
[551, 739, -68]
[437, 741, 181]
[552, 917, 143]
[439, 908, 421]
[561, 946, 155]
[438, 934, 441]
[523, 970, -2]
[442, 967, 285]
[472, 172, -295]
[487, 155, -285]
[496, 156, -285]
[506, 157, -285]
[469, 153, -269]
[464, 153, -269]
[459, 153, -269]
[527, 167, -194]
[467, 163, -118]
[488, 195, -262]
[467, 194, -241]
[584, 282, -169]
[419, 284, -3]
[614, 443, -342]
[366, 404, -100]
[588, 339, -586]
[276, 319, -393]
[571, 329, -624]
[245, 300, -430]
[576, 307, -594]
[251, 285, -436]
[575, 315, -585]
[266, 290, -404]
[552, 538, -62]
[440, 536, 62]
[546, 737, -63]
[431, 738, 153]
[545, 913, 145]
[433, 906, 378]
[554, 941, 156]
[432, 931, 397]
[517, 967, 7]
[437, 964, 246]
[472, 171, -289]
[487, 154, -282]
[496, 155, -282]
[506, 156, -282]
[468, 152, -264]
[463, 152, -264]
[458, 152, -264]
[527, 167, -192]
[467, 162, -117]
[488, 195, -258]
[467, 193, -236]
[584, 283, -164]
[418, 283, -9]
[614, 442, -334]
[330, 400, -123]
[588, 343, -579]
[265, 316, -432]
[571, 331, -618]
[242, 298, -472]
[577, 308, -584]
[250, 284, -476]
[576, 316, -576]
[264, 288, -443]
[551, 537, -55]
[439, 535, 56]
[544, 739, -54]
[428, 741, 155]
[542, 918, 158]
[428, 911, 377]
[550, 947, 170]
[427, 937, 395]
[513, 971, 16]
[431, 971, 244]
[471, 170, -299]
[486, 153, -287]
[496, 154, -287]
[506, 156, -287]
[468, 151, -272]
[463, 151, -272]
[458, 151, -272]
[527, 167, -192]
[467, 161, -119]
[488, 194, -264]
[467, 192, -244]
[582, 283, -159]
[418, 283, -5]
[624, 432, -331]
[340, 399, -106]
[611, 340, -560]
[275, 320, -408]
[601, 323, -604]
[249, 302, -446]
[603, 302, -584]
[256, 287, -451]
[600, 310, -557]
[270, 292, -418]
[551, 537, -57]
[439, 535, 57]
[545, 737, -69]
[431, 740, 149]
[542, 915, 143]
[431, 910, 360]
[551, 943, 154]
[431, 935, 377]
[514, 968, 1]
[433, 968, 226]
[470, 168, -293]
[485, 151, -284]
[494, 152, -285]
[504, 154, -285]
[467, 150, -268]
[462, 150, -268]
[457, 150, -268]
[526, 165, -204]
[466, 160, -118]
[487, 192, -262]
[466, 190, -239]
[582, 284, -169]
[418, 283, -6]
[623, 434, -336]
[367, 408, -109]
[614, 363, -573]
[286, 330, -429]
[604, 346, -622]
[266, 305, -471]
[609, 322, -608]
[277, 290, -477]
[605, 329, -573]
[289, 299, -441]
[549, 536, -59]
[439, 534, 60]
[542, 738, -67]
[431, 739, 148]
[540, 918, 140]
[430, 912, 354]
[548, 947, 151]
[429, 937, 370]
[510, 970, -9]
[429, 969, 212]
[470, 168, -295]
[485, 151, -287]
[494, 152, -287]
[504, 153, -287]
[467, 149, -270]
[462, 149, -270]
[457, 150, -270]
[525, 165, -203]
[465, 160, -120]
[487, 192, -264]
[466, 190, -241]
[583, 284, -170]
[418, 281, -4]
[618, 435, -338]
[375, 409, -106]
[566, 360, -572]
[307, 332, -424]
[565, 338, -619]
[298, 305, -465]
[606, 322, -605]
[298, 292, -470]
[603, 329, -571]
[303, 300, -435]
[545, 536, -60]
[438, 534, 60]
[539, 737, -65]
[429, 739, 143]
[537, 916, 143]
[429, 910, 350]
[546, 944, 154]
[429, 936, 366]
[508, 968, -2]
[428, 967, 212]
[471, 167, -282]
[485, 150, -273]
[494, 151, -273]
[504, 153, -273]
[467, 149, -257]
[462, 149, -257]
[458, 149, -257]
[525, 165, -190]
[465, 160, -112]
[488, 191, -251]
[467, 190, -230]
[583, 282, -166]
[418, 281, -1]
[618, 433, -334]
[380, 415, -102]
[535, 347, -569]
[317, 332, -415]
[506, 331, -618]
[296, 308, -457]
[519, 318, -593]
[299, 296, -462]
[525, 324, -562]
[310, 304, -426]
[544, 537, -58]
[437, 534, 59]
[540, 737, -62]
[431, 738, 149]
[542, 915, 145]
[433, 909, 358]
[551, 943, 157]
[432, 934, 374]
[514, 967, 0]
[433, 966, 222]
[471, 167, -250]
[486, 150, -240]
[495, 150, -240]
[505, 152, -240]
[468, 148, -227]
[463, 148, -227]
[458, 149, -227]
[525, 164, -156]
[465, 159, -93]
[488, 191, -219]
[467, 189, -202]
[585, 277, -141]
[422, 280, 7]
[620, 421, -299]
[384, 416, -101]
[526, 339, -519]
[323, 334, -409]
[495, 328, -566]
[296, 315, -454]
[494, 317, -546]
[301, 301, -459]
[502, 321, -514]
[313, 308, -421]
[544, 535, -53]
[437, 533, 53]
[544, 729, -50]
[438, 730, 146]
[546, 906, 143]
[439, 902, 346]
[556, 934, 153]
[439, 927, 362]
[518, 960, 2]
[436, 958, 222]
[473, 166, -254]
[487, 149, -247]
[496, 150, -247]
[506, 150, -247]
[469, 148, -231]
[465, 148, -231]
[460, 148, -231]
[526, 163, -168]
[466, 159, -95]
[490, 190, -226]
[468, 189, -204]
[590, 277, -149]
[428, 281, 6]
[619, 423, -307]
[388, 418, -92]
[526, 341, -528]
[325, 335, -401]
[496, 328, -574]
[297, 319, -446]
[495, 317, -555]
[301, 305, -454]
[502, 321, -523]
[314, 311, -413]
[544, 535, -51]
[437, 533, 51]
[544, 729, -39]
[439, 730, 149]
[547, 908, 148]
[439, 904, 353]
[556, 936, 158]
[439, 930, 370]
[518, 961, 14]
[436, 961, 229]
[473, 165, -259]
[487, 148, -252]
[497, 148, -252]
[506, 149, -252]
[470, 147, -237]
[465, 147, -237]
[460, 147, -237]
[526, 161, -202]
[467, 158, -110]
[490, 189, -230]
[469, 188, -210]
[592, 277, -189]
[431, 281, 0]
[613, 424, -314]
[395, 417, -24]
[518, 347, -497]
[322, 342, -248]
[477, 331, -534]
[288, 329, -275]
[468, 318, -516]
[291, 315, -288]
[478, 321, -491]
[304, 320, -260]
[544, 537, -51]
[436, 533, 52]
[545, 732, -32]
[439, 733, 151]
[547, 912, 159]
[439, 908, 354]
[556, 940, 170]
[439, 934, 371]
[518, 964, 34]
[432, 966, 234]
[474, 164, -261]
[488, 147, -255]
[498, 147, -255]
[508, 148, -255]
[471, 146, -237]
[466, 146, -237]
[462, 146, -237]
[527, 160, -201]
[468, 157, -112]
[491, 188, -231]
[469, 187, -212]
[593, 277, -186]
[432, 281, 6]
[613, 424, -331]
[396, 417, -9]
[527, 357, -548]
[321, 349, -246]
[494, 338, -594]
[288, 338, -274]
[493, 326, -577]
[290, 323, -291]
[500, 331, -544]
[304, 327, -260]
[542, 539, -58]
[432, 533, 59]
[538, 733, -44]
[435, 733, 166]
[537, 912, 144]
[433, 908, 365]
[547, 940, 155]
[434, 934, 381]
[504, 964, 25]
[421, 965, 253]
[475, 163, -259]
[489, 146, -254]
[499, 147, -254]
[508, 148, -254]
[472, 145, -236]
[467, 145, -236]
[462, 145, -237]
[528, 160, -186]
[468, 156, -101]
[492, 187, -230]
[470, 186, -208]
[594, 277, -183]
[431, 282, 28]
[612, 424, -331]
[395, 411, 51]
[527, 381, -567]
[306, 354, -139]
[498, 377, -621]
[272, 345, -162]
[502, 352, -613]
[270, 330, -182]
[509, 355, -568]
[285, 334, -153]
[540, 540, -63]
[432, 533, 64]
[533, 734, -50]
[431, 731, 186]
[528, 911, 153]
[427, 902, 424]
[538, 939, 168]
[427, 928, 445]
[494, 963, 34]
[415, 957, 312]
[476, 162, -234]
[490, 145, -232]
[499, 146, -233]
[509, 147, -233]
[472, 144, -214]
[467, 144, -214]
[462, 144, -214]
[528, 159, -177]
[468, 155, -90]
[493, 186, -212]
[470, 185, -187]
[595, 277, -182]
[433, 281, 34]
[612, 425, -291]
[394, 407, 97]
[524, 397, -496]
[300, 364, -47]
[494, 398, -544]
[263, 356, -65]
[500, 371, -538]
[262, 341, -93]
[506, 372, -497]
[277, 345, -63]
[536, 540, -64]
[430, 533, 64]
[526, 735, -36]
[428, 731, 157]
[519, 911, 173]
[422, 902, 342]
[529, 938, 188]
[424, 928, 357]
[483, 962, 64]
[406, 956, 232]
[476, 162, -257]
[490, 144, -258]
[499, 145, -258]
[509, 146, -259]
[472, 144, -240]
[467, 144, -240]
[462, 144, -240]
[528, 158, -202]
[468, 154, -116]
[494, 185, -234]
[470, 184, -209]
[595, 277, -196]
[433, 281, 21]
[609, 426, -287]
[396, 407, 67]
[511, 407, -448]
[298, 372, -84]
[475, 403, -490]
[261, 363, -102]
[480, 384, -483]
[259, 348, -131]
[492, 382, -447]
[271, 351, -101]
[536, 541, -65]
[430, 533, 66]
[528, 738, -23]
[429, 732, 168]
[523, 911, 204]
[424, 903, 365]
[533, 938, 220]
[424, 929, 382]
[489, 961, 91]
[410, 957, 259]
[477, 160, -278]
[490, 143, -279]
[499, 144, -279]
[509, 145, -279]
[472, 142, -260]
[467, 142, -260]
[462, 142, -260]
[528, 157, -220]
[468, 153, -131]
[494, 183, -254]
[471, 183, -228]
[595, 277, -205]
[433, 281, 9]
[607, 429, -278]
[400, 408, 78]
[514, 438, -414]
[297, 381, -51]
[475, 430, -453]
[264, 376, -65]
[481, 414, -448]
[259, 361, -96]
[492, 417, -413]
[273, 364, -68]
[536, 540, -67]
[430, 532, 68]
[529, 738, -24]
[429, 732, 181]
[524, 908, 210]
[428, 902, 403]
[534, 935, 227]
[432, 928, 422]
[490, 959, 95]
[412, 955, 292]
[477, 160, -269]
[490, 143, -269]
[499, 143, -269]
[509, 144, -269]
[472, 142, -250]
[467, 142, -250]
[462, 142, -250]
[528, 156, -203]
[468, 152, -112]
[494, 182, -242]
[471, 182, -216]
[595, 276, -203]
[433, 280, 28]
[607, 428, -279]
[400, 408, 53]
[512, 420, -447]
[316, 398, -147]
[474, 416, -494]
[293, 397, -173]
[480, 394, -484]
[290, 382, -197]
[492, 397, -446]
[302, 381, -164]
[536, 540, -69]
[430, 530, 70]
[528, 738, -28]
[429, 732, 178]
[524, 909, 200]
[428, 902, 395]
[535, 936, 214]
[432, 928, 411]
[489, 959, 88]
[411, 954, 286]
[476, 160, -271]
[490, 142, -271]
[499, 143, -272]
[509, 144, -272]
[472, 141, -253]
[467, 141, -253]
[462, 142, -253]
[528, 155, -209]
[468, 152, -119]
[494, 182, -245]
[470, 182, -219]
[596, 276, -199]
[433, 279, 18]
[609, 434, -267]
[398, 410, 43]
[514, 432, -401]
[304, 399, -147]
[478, 438, -442]
[286, 398, -172]
[481, 417, -437]
[271, 384, -200]
[493, 409, -400]
[284, 385, -165]
[535, 541, -68]
[427, 530, 69]
[525, 739, -17]
[424, 733, 181]
[519, 910, 199]
[422, 903, 391]
[529, 937, 213]
[425, 929, 407]
[484, 960, 79]
[403, 955, 277]
[476, 159, -266]
[490, 141, -266]
[499, 142, -267]
[508, 143, -267]
[472, 140, -247]
[467, 141, -247]
[462, 141, -247]
[528, 155, -208]
[468, 151, -111]
[494, 181, -240]
[470, 181, -213]
[596, 276, -195]
[432, 279, 31]
[609, 435, -263]
[398, 410, 83]
[516, 447, -412]
[303, 406, -100]
[480, 466, -458]
[283, 405, -124]
[484, 439, -454]
[266, 392, -158]
[495, 422, -412]
[280, 394, -120]
[536, 541, -70]
[429, 530, 71]
[526, 740, -22]
[423, 733, 180]
[519, 910, 205]
[420, 903, 390]
[529, 937, 221]
[423, 929, 407]
[485, 960, 88]
[402, 955, 274]
[475, 158, -256]
[489, 140, -257]
[498, 141, -257]
[507, 142, -257]
[471, 139, -238]
[466, 140, -237]
[462, 140, -238]
[528, 154, -205]
[468, 150, -108]
[493, 180, -233]
[469, 180, -206]
[596, 276, -192]
[432, 278, 28]
[604, 435, -247]
[396, 410, 120]
[517, 459, -387]
[302, 411, -5]
[482, 478, -430]
[277, 410, -20]
[485, 459, -430]
[262, 398, -59]
[493, 444, -388]
[276, 400, -25]
[536, 540, -70]
[429, 530, 70]
[525, 740, -27]
[420, 734, 140]
[517, 910, 205]
[417, 905, 327]
[526, 937, 222]
[420, 930, 342]
[484, 961, 96]
[400, 959, 211]
[474, 157, -240]
[488, 139, -240]
[496, 140, -240]
[506, 141, -240]
[470, 139, -221]
[466, 139, -221]
[461, 139, -221]
[527, 153, -183]
[468, 149, -95]
[492, 179, -216]
[469, 179, -191]
[596, 274, -182]
[432, 278, 34]
[604, 430, -229]
[395, 410, 115]
[517, 476, -358]
[304, 427, -22]
[484, 498, -403]
[279, 433, -42]
[485, 483, -406]
[264, 419, -79]
[492, 470, -360]
[278, 419, -42]
[536, 539, -67]
[430, 529, 68]
[528, 740, -29]
[421, 733, 139]
[517, 910, 208]
[417, 905, 335]
[527, 936, 226]
[420, 931, 350]
[485, 962, 98]
[400, 960, 219]
[473, 155, -234]
[487, 137, -234]
[495, 138, -234]
[505, 139, -234]
[470, 137, -214]
[465, 137, -214]
[460, 137, -214]
[527, 152, -180]
[468, 147, -86]
[491, 178, -211]
[468, 178, -184]
[596, 272, -182]
[432, 275, 46]
[604, 428, -233]
[395, 409, 116]
[516, 488, -352]
[307, 443, -42]
[485, 509, -397]
[283, 453, -65]
[477, 497, -402]
[270, 440, -106]
[483, 486, -354]
[283, 438, -65]
[534, 537, -68]
[430, 529, 68]
[524, 740, -46]
[418, 732, 117]
[514, 909, 202]
[413, 904, 295]
[524, 933, 219]
[417, 930, 309]
[481, 961, 91]
[393, 959, 178]
[472, 155, -240]
[486, 136, -240]
[494, 137, -240]
[504, 138, -240]
[469, 136, -220]
[464, 136, -220]
[459, 136, -220]
[527, 151, -182]
[468, 146, -90]
[489, 177, -216]
[467, 177, -190]
[595, 271, -182]
[432, 274, 47]
[604, 425, -222]
[395, 408, 144]
[517, 493, -337]
[308, 455, 14]
[486, 518, -380]
[284, 470, -4]
[475, 507, -390]
[272, 460, -48]
[480, 496, -341]
[284, 456, -7]
[533, 536, -67]
[430, 528, 67]
[521, 741, -80]
[419, 733, 60]
[507, 910, 156]
[412, 910, 215]
[514, 934, 171]
[416, 935, 224]
[476, 964, 43]
[391, 965, 86]
[471, 155, -243]
[486, 136, -242]
[494, 137, -242]
[504, 138, -242]
[468, 135, -223]
[464, 136, -223]
[459, 136, -223]
[527, 151, -181]
[468, 146, -91]
[489, 177, -218]
[466, 177, -193]
[594, 270, -180]
[431, 273, 44]
[603, 424, -222]
[395, 407, 111]
[516, 506, -339]
[312, 462, -45]
[487, 533, -384]
[291, 478, -62]
[470, 522, -393]
[281, 471, -69]
[476, 510, -343]
[292, 466, -63]
[532, 535, -66]
[429, 526, 67]
[514, 743, -80]
[410, 733, 71]
[497, 911, 166]
[402, 911, 240]
[503, 934, 182]
[406, 936, 251]
[467, 967, 52]
[383, 968, 111]
[471, 155, -244]
[486, 136, -241]
[494, 137, -241]
[503, 138, -241]
[468, 135, -223]
[463, 135, -223]
[458, 136, -223]
[527, 150, -173]
[467, 145, -91]
[489, 177, -217]
[466, 177, -193]
[594, 270, -172]
[429, 273, 43]
[602, 423, -209]
[394, 408, 105]
[516, 516, -331]
[315, 473, -58]
[490, 542, -376]
[292, 490, -81]
[472, 528, -386]
[282, 482, -110]
[479, 516, -335]
[295, 478, -78]
[533, 537, -66]
[430, 527, 66]
[516, 747, -75]
[412, 738, 79]
[501, 916, 168]
[405, 917, 244]
[507, 939, 185]
[408, 942, 255]
[470, 973, 55]
[386, 974, 118]
[471, 154, -238]
[486, 135, -235]
[494, 136, -235]
[503, 137, -235]
[468, 135, -218]
[463, 135, -218]
[458, 135, -218]
[527, 149, -169]
[466, 145, -90]
[489, 175, -212]
[465, 175, -189]
[594, 270, -165]
[426, 271, 42]
[599, 423, -195]
[392, 408, 100]
[517, 524, -306]
[327, 481, -59]
[493, 551, -350]
[306, 500, -83]
[474, 537, -359]
[300, 494, -119]
[481, 526, -310]
[313, 488, -79]
[531, 538, -63]
[425, 527, 64]
[517, 747, -70]
[409, 739, 77]
[503, 918, 171]
[403, 917, 245]
[511, 940, 187]
[407, 942, 256]
[472, 975, 55]
[386, 974, 120]
[471, 152, -255]
[486, 134, -249]
[494, 135, -249]
[504, 136, -249]
[467, 133, -235]
[462, 134, -235]
[457, 134, -235]
[527, 148, -172]
[464, 143, -103]
[489, 173, -224]
[465, 173, -205]
[593, 269, -166]
[421, 267, 23]
[598, 424, -202]
[387, 407, 79]
[518, 537, -303]
[329, 495, -75]
[497, 577, -348]
[310, 517, -103]
[474, 561, -359]
[307, 512, -145]
[484, 542, -308]
[320, 506, -97]
[522, 540, -65]
[411, 527, 65]
[501, 749, -42]
[389, 739, 105]
[485, 923, 200]
[379, 916, 275]
[492, 948, 215]
[382, 942, 288]
[452, 979, 82]
[360, 973, 144]
[471, 151, -255]
[486, 133, -249]
[494, 133, -249]
[504, 134, -249]
[467, 132, -235]
[462, 132, -235]
[457, 132, -235]
[527, 147, -172]
[463, 142, -103]
[489, 172, -224]
[465, 171, -205]
[592, 269, -164]
[420, 267, 11]
[598, 422, -191]
[386, 407, 70]
[520, 536, -292]
[334, 495, -76]
[504, 570, -337]
[316, 519, -106]
[480, 558, -349]
[311, 514, -149]
[487, 537, -298]
[321, 506, -99]
[522, 540, -62]
[411, 527, 62]
[504, 749, -31]
[394, 739, 105]
[489, 923, 203]
[384, 916, 274]
[496, 948, 218]
[387, 942, 287]
[456, 978, 81]
[367, 973, 144]
[471, 150, -246]
[486, 132, -240]
[494, 133, -240]
[503, 134, -240]
[467, 131, -226]
[462, 131, -226]
[456, 131, -226]
[526, 146, -169]
[462, 141, -97]
[489, 171, -218]
[465, 170, -198]
[591, 269, -167]
[419, 267, 15]
[598, 422, -194]
[383, 409, 79]
[524, 539, -285]
[332, 500, -54]
[511, 575, -330]
[311, 520, -79]
[487, 564, -340]
[308, 511, -121]
[489, 539, -290]
[321, 501, -75]
[522, 542, -63]
[411, 528, 64]
[503, 753, -24]
[392, 741, 121]
[488, 934, 208]
[383, 921, 286]
[495, 962, 223]
[386, 948, 298]
[455, 985, 88]
[367, 978, 152]
[470, 148, -240]
[485, 130, -236]
[493, 131, -236]
[502, 132, -236]
[466, 130, -220]
[461, 130, -220]
[455, 130, -220]
[524, 145, -171]
[460, 140, -95]
[487, 169, -215]
[463, 169, -193]
[589, 267, -174]
[419, 267, 16]
[598, 421, -193]
[384, 407, 95]
[531, 544, -270]
[338, 499, -27]
[522, 590, -312]
[319, 522, -47]
[499, 578, -324]
[318, 513, -89]
[499, 547, -275]
[328, 510, -48]
[523, 542, -71]
[412, 527, 71]
[504, 753, -25]
[394, 740, 124]
[490, 932, 179]
[387, 921, 280]
[498, 959, 192]
[389, 947, 291]
[457, 984, 66]
[368, 974, 156]
[470, 147, -240]
[484, 129, -237]
[493, 130, -237]
[502, 131, -237]
[465, 128, -221]
[460, 128, -221]
[454, 128, -221]
[524, 144, -174]
[458, 138, -93]
[486, 168, -215]
[462, 167, -193]
[588, 267, -185]
[418, 266, 33]
[598, 421, -200]
[383, 406, 108]
[533, 550, -296]
[339, 504, -32]
[520, 591, -341]
[321, 529, -53]
[498, 577, -350]
[318, 526, -96]
[498, 556, -301]
[330, 519, -54]
[521, 542, -80]
[413, 527, 81]
[498, 753, -53]
[390, 740, 130]
[480, 932, 177]
[381, 920, 300]
[488, 959, 191]
[383, 946, 312]
[448, 983, 59]
[360, 973, 174]
[469, 145, -249]
[484, 127, -246]
[492, 128, -246]
[501, 130, -246]
[464, 126, -229]
[459, 127, -229]
[453, 127, -229]
[523, 143, -181]
[457, 137, -98]
[485, 166, -224]
[461, 166, -201]
[587, 267, -188]
[415, 265, 29]
[597, 421, -204]
[382, 406, 103]
[537, 553, -302]
[337, 509, -43]
[526, 598, -348]
[319, 528, -65]
[504, 585, -358]
[315, 520, -106]
[503, 566, -308]
[329, 522, -64]
[520, 542, -78]
[413, 527, 79]
[497, 754, -63]
[387, 740, 120]
[481, 933, 165]
[379, 920, 284]
[489, 960, 179]
[382, 946, 295]
[450, 984, 44]
[358, 973, 156]
