[316, 8, -269]
[325, -10, -270]
[333, -8, -270]
[340, -7, -270]
[303, -12, -261]
[294, -12, -261]
[287, -13, -261]
[350, 4, -199]
[280, -2, -187]
[326, 26, -253]
[304, 29, -240]
[405, 126, -157]
[220, 105, -139]
[414, 262, -107]
[188, 237, -90]
[417, 368, -126]
[165, 354, -123]
[427, 413, -137]
[137, 380, -133]
[416, 408, -152]
[147, 386, -158]
[406, 395, -132]
[158, 372, -134]
[355, 341, -11]
[253, 336, 11]
[352, 519, 43]
[252, 514, 71]
[349, 668, 243]
[254, 662, 225]
[351, 692, 258]
[252, 687, 238]
[337, 724, 171]
[253, 719, 129]
[313, 10, -259]
[323, -8, -250]
[331, -7, -250]
[339, -5, -250]
[301, -10, -258]
[294, -10, -258]
[286, -11, -258]
[346, 4, -179]
[276, -1, -177]
[323, 27, -228]
[300, 29, -237]
[400, 119, -139]
[211, 107, -117]
[410, 252, -87]
[181, 239, -66]
[425, 370, -102]
[164, 352, -113]
[436, 414, -116]
[138, 383, -124]
[424, 414, -130]
[154, 388, -151]
[413, 400, -108]
[164, 372, -125]
[345, 341, -13]
[242, 337, 13]
[344, 525, 32]
[238, 524, 72]
[341, 676, 220]
[244, 672, 211]
[342, 698, 228]
[242, 695, 222]
[332, 734, 120]
[251, 728, 115]
[307, 11, -257]
[318, -6, -251]
[326, -5, -251]
[334, -4, -251]
[297, -9, -253]
[290, -9, -253]
[282, -9, -253]
[343, 3, -188]
[272, -2, -180]
[317, 28, -228]
[293, 29, -230]
[397, 115, -147]
[208, 107, -117]
[409, 246, -99]
[180, 236, -49]
[421, 362, -122]
[164, 338, -67]
[435, 410, -136]
[144, 366, -72]
[424, 409, -151]
[159, 370, -95]
[414, 389, -129]
[168, 356, -76]
[346, 341, -12]
[241, 338, 12]
[347, 519, 48]
[242, 519, 76]
[344, 665, 239]
[244, 663, 228]
[346, 686, 253]
[243, 686, 241]
[333, 724, 154]
[251, 718, 139]
[302, 9, -255]
[314, -8, -250]
[322, -7, -250]
[329, -5, -250]
[293, -10, -250]
[286, -11, -250]
[279, -11, -250]
[338, 2, -184]
[271, -3, -175]
[313, 25, -226]
[289, 26, -227]
[393, 113, -143]
[208, 107, -113]
[409, 244, -101]
[177, 234, -59]
[421, 360, -136]
[160, 340, -97]
[435, 394, -150]
[144, 370, -107]
[428, 408, -167]
[159, 375, -131]
[420, 381, -143]
[168, 360, -107]
[348, 342, -11]
[242, 340, 11]
[347, 522, 38]
[243, 522, 58]
[344, 672, 225]
[243, 674, 196]
[346, 693, 239]
[243, 697, 207]
[332, 731, 146]
[250, 729, 101]
[303, 10, -255]
[314, -7, -246]
[322, -6, -246]
[329, -4, -246]
[292, -10, -249]
[285, -10, -249]
[279, -11, -249]
[338, 2, -169]
[271, -3, -162]
[314, 27, -221]
[288, 27, -222]
[392, 112, -121]
[210, 106, -100]
[409, 238, -82]
[179, 228, -50]
[426, 331, -150]
[161, 333, -117]
[442, 349, -172]
[145, 350, -138]
[437, 352, -191]
[159, 355, -164]
[428, 345, -160]
[169, 343, -130]
[347, 339, -12]
[243, 337, 13]
[349, 514, 76]
[245, 514, 64]
[345, 658, 261]
[245, 661, 206]
[348, 680, 276]
[243, 686, 212]
[333, 713, 180]
[256, 712, 142]
[305, 11, -187]
[317, -6, -179]
[324, -5, -179]
[331, -4, -179]
[295, -9, -180]
[288, -10, -180]
[281, -10, -181]
[340, 1, -104]
[273, -2, -107]
[316, 27, -158]
[291, 27, -159]
[391, 110, -60]
[211, 105, -66]
[408, 229, -44]
[180, 223, -81]
[432, 303, -149]
[161, 303, -226]
[448, 319, -175]
[146, 328, -255]
[446, 317, -196]
[159, 323, -277]
[437, 312, -161]
[168, 313, -239]
[346, 341, 1]
[242, 340, -1]
[350, 512, 72]
[247, 513, 63]
[347, 658, 243]
[247, 659, 197]
[349, 680, 256]
[245, 682, 207]
[334, 713, 169]
[260, 710, 110]
[305, 11, -204]
[317, -6, -196]
[325, -5, -196]
[331, -4, -196]
[295, -9, -196]
[287, -9, -196]
[281, -10, -196]
[341, 1, -118]
[271, -2, -117]
[317, 27, -173]
[291, 27, -172]
[392, 109, -64]
[212, 104, -60]
[408, 232, -47]
[178, 221, -75]
[445, 282, -159]
[157, 278, -227]
[463, 297, -181]
[144, 300, -253]
[462, 291, -209]
[154, 291, -277]
[450, 285, -164]
[163, 284, -241]
[346, 343, 0]
[242, 342, 0]
[351, 511, 58]
[247, 515, 73]
[348, 659, 209]
[247, 660, 214]
[350, 681, 219]
[245, 683, 225]
[335, 713, 123]
[261, 712, 124]
[306, 11, -211]
[318, -6, -203]
[325, -5, -203]
[331, -4, -203]
[295, -8, -203]
[287, -9, -203]
[280, -10, -203]
[340, 0, -121]
[271, -2, -120]
[317, 27, -180]
[291, 27, -179]
[390, 107, -70]
[212, 103, -55]
[409, 233, -75]
[172, 234, -104]
[442, 255, -220]
[160, 234, -303]
[462, 261, -250]
[156, 242, -335]
[461, 253, -269]
[158, 218, -349]
[469, 242, -231]
[165, 218, -313]
[347, 343, -3]
[243, 342, 3]
[352, 510, 41]
[248, 514, 75]
[349, 659, 182]
[248, 660, 217]
[351, 681, 191]
[246, 682, 225]
[337, 713, 85]
[264, 712, 130]
[306, 11, -218]
[317, -6, -211]
[324, -5, -211]
[331, -4, -211]
[295, -8, -209]
[288, -9, -209]
[280, -10, -209]
[339, 0, -135]
[270, -2, -126]
[317, 27, -189]
[291, 27, -185]
[387, 104, -83]
[214, 101, -62]
[410, 235, -84]
[175, 236, -112]
[436, 237, -223]
[167, 225, -286]
[452, 238, -250]
[163, 223, -312]
[450, 224, -266]
[164, 207, -325]
[447, 222, -232]
[171, 207, -295]
[348, 342, -2]
[245, 341, 2]
[358, 500, 21]
[253, 511, 74]
[357, 656, 155]
[257, 654, 214]
[359, 677, 163]
[253, 677, 224]
[346, 711, 65]
[276, 705, 121]
[306, 13, -220]
[317, -4, -214]
[324, -3, -214]
[330, -3, -214]
[296, -7, -212]
[288, -8, -212]
[281, -9, -212]
[338, 0, -135]
[271, -3, -129]
[317, 27, -191]
[292, 27, -188]
[384, 100, -78]
[214, 98, -51]
[412, 233, -96]
[178, 235, -103]
[437, 220, -284]
[169, 211, -310]
[450, 220, -316]
[162, 208, -342]
[451, 205, -329]
[164, 192, -354]
[443, 203, -293]
[171, 193, -320]
[347, 339, -4]
[246, 339, 4]
[360, 498, 24]
[254, 507, 77]
[358, 653, 175]
[257, 650, 227]
[360, 674, 185]
[254, 673, 239]
[346, 707, 78]
[273, 702, 128]
[306, 17, -235]
[318, 0, -229]
[324, 0, -229]
[330, 1, -229]
[296, -1, -229]
[289, -3, -229]
[281, -4, -229]
[338, 4, -141]
[272, 0, -145]
[317, 29, -203]
[292, 28, -202]
[383, 99, -88]
[214, 98, -59]
[415, 234, -129]
[179, 250, -116]
[440, 201, -317]
[175, 197, -312]
[454, 192, -347]
[168, 189, -339]
[454, 178, -350]
[167, 171, -343]
[447, 180, -321]
[173, 173, -317]
[348, 340, -4]
[245, 341, 5]
[362, 499, 14]
[255, 507, 80]
[361, 653, 162]
[260, 652, 242]
[363, 674, 171]
[256, 673, 255]
[347, 708, 67]
[276, 705, 144]
[306, 21, -166]
[316, 4, -161]
[322, 4, -161]
[328, 4, -161]
[296, 3, -159]
[289, 1, -159]
[282, 0, -160]
[336, 7, -97]
[271, 3, -88]
[315, 33, -140]
[292, 31, -137]
[381, 99, -53]
[215, 97, -20]
[415, 235, -106]
[175, 245, -87]
[437, 191, -263]
[176, 187, -259]
[450, 178, -307]
[169, 174, -289]
[450, 164, -288]
[169, 161, -283]
[442, 169, -281]
[175, 166, -278]
[346, 340, -5]
[243, 341, 5]
[360, 499, 5]
[255, 506, 74]
[361, 652, 117]
[260, 650, 200]
[363, 673, 124]
[256, 673, 210]
[347, 707, 33]
[274, 703, 117]
[305, 23, -153]
[316, 6, -148]
[322, 6, -148]
[328, 6, -148]
[297, 4, -145]
[289, 3, -145]
[282, 1, -145]
[337, 9, -86]
[271, 4, -74]
[315, 34, -128]
[292, 33, -125]
[381, 100, -44]
[216, 97, -11]
[419, 239, -100]
[174, 246, -81]
[435, 184, -246]
[176, 182, -248]
[448, 164, -299]
[178, 171, -269]
[449, 149, -257]
[171, 150, -275]
[440, 157, -277]
[177, 157, -256]
[347, 341, -5]
[243, 342, 6]
[360, 500, 1]
[255, 506, 76]
[362, 652, 105]
[262, 650, 194]
[365, 672, 111]
[259, 672, 203]
[347, 706, 22]
[276, 702, 113]
[305, 24, -166]
[316, 6, -159]
[322, 6, -159]
[328, 6, -159]
[297, 4, -156]
[290, 3, -156]
[282, 2, -156]
[337, 10, -92]
[272, 5, -78]
[315, 36, -139]
[293, 34, -135]
[380, 100, -49]
[216, 97, -9]
[420, 240, -105]
[172, 247, -76]
[434, 180, -258]
[176, 175, -246]
[447, 162, -284]
[179, 161, -265]
[449, 143, -270]
[170, 140, -273]
[439, 150, -263]
[176, 148, -250]
[347, 341, -7]
[243, 341, 8]
[359, 501, 5]
[255, 506, 76]
[362, 654, 119]
[262, 652, 190]
[365, 675, 126]
[259, 673, 199]
[346, 707, 35]
[275, 703, 106]
[306, 24, -181]
[316, 7, -175]
[322, 7, -175]
[328, 7, -175]
[297, 5, -173]
[290, 3, -173]
[283, 2, -173]
[337, 11, -107]
[271, 5, -94]
[315, 38, -154]
[293, 36, -151]
[380, 101, -60]
[217, 97, -26]
[422, 242, -122]
[172, 247, -99]
[436, 169, -268]
[174, 159, -268]
[450, 148, -290]
[173, 135, -287]
[452, 131, -279]
[168, 121, -282]
[443, 138, -268]
[175, 130, -269]
[347, 342, -7]
[244, 343, 8]
[358, 506, 9]
[255, 511, 80]
[361, 658, 135]
[262, 657, 200]
[364, 679, 144]
[259, 678, 211]
[347, 713, 51]
[277, 707, 118]
[306, 25, -186]
[317, 7, -181]
[323, 8, -181]
[329, 8, -181]
[298, 5, -179]
[290, 3, -179]
[283, 2, -179]
[338, 12, -112]
[271, 5, -98]
[316, 39, -160]
[293, 37, -156]
[380, 102, -64]
[217, 98, -31]
[423, 243, -128]
[173, 250, -112]
[437, 165, -273]
[173, 157, -296]
[450, 144, -294]
[170, 132, -317]
[453, 128, -284]
[167, 118, -309]
[443, 136, -272]
[172, 126, -296]
[347, 345, -7]
[244, 345, 8]
[358, 513, 11]
[255, 516, 83]
[361, 664, 141]
[262, 661, 213]
[363, 684, 150]
[258, 682, 226]
[347, 719, 57]
[276, 711, 131]
[307, 26, -208]
[318, 9, -202]
[325, 9, -202]
[331, 9, -202]
[299, 5, -198]
[292, 4, -198]
[285, 2, -198]
[339, 13, -127]
[271, 5, -109]
[316, 40, -179]
[294, 38, -174]
[380, 102, -71]
[218, 98, -39]
[424, 245, -137]
[173, 251, -114]
[437, 160, -274]
[171, 152, -280]
[450, 139, -294]
[166, 130, -299]
[452, 124, -284]
[165, 118, -294]
[443, 131, -273]
[171, 124, -280]
[347, 345, -10]
[244, 345, 11]
[357, 515, 12]
[256, 519, 100]
[361, 667, 142]
[262, 666, 249]
[363, 688, 150]
[258, 687, 262]
[347, 722, 59]
[276, 716, 165]
[307, 26, -206]
[319, 8, -199]
[325, 9, -198]
[331, 9, -198]
[300, 5, -195]
[292, 4, -195]
[285, 2, -195]
[339, 13, -121]
[271, 5, -105]
[316, 40, -177]
[294, 38, -172]
[380, 102, -68]
[218, 98, -38]
[424, 245, -133]
[174, 251, -115]
[437, 165, -276]
[171, 160, -295]
[450, 143, -297]
[165, 137, -317]
[453, 127, -288]
[165, 121, -310]
[445, 135, -275]
[171, 130, -296]
[347, 346, -10]
[244, 346, 11]
[357, 516, 14]
[256, 519, 98]
[361, 667, 143]
[262, 666, 240]
[363, 688, 152]
[257, 687, 252]
[347, 723, 60]
[276, 716, 158]
[307, 25, -207]
[319, 8, -199]
[325, 9, -199]
[332, 9, -199]
[300, 5, -197]
[293, 4, -197]
[285, 2, -197]
[339, 12, -122]
[272, 5, -108]
[316, 40, -178]
[294, 38, -174]
[380, 102, -69]
[218, 98, -39]
[424, 246, -134]
[174, 253, -116]
[438, 167, -280]
[171, 163, -300]
[451, 148, -301]
[165, 138, -321]
[455, 131, -293]
[165, 122, -315]
[446, 138, -279]
[171, 131, -301]
[347, 346, -10]
[244, 346, 10]
[358, 516, 13]
[256, 519, 87]
[361, 667, 144]
[262, 666, 222]
[363, 687, 153]
[257, 687, 233]
[347, 722, 61]
[276, 716, 137]
[308, 25, -207]
[319, 8, -198]
[325, 8, -198]
[332, 9, -198]
[300, 5, -196]
[293, 4, -196]
[285, 2, -197]
[339, 12, -119]
[271, 5, -109]
[316, 40, -177]
[294, 38, -174]
[379, 102, -66]
[217, 98, -39]
[423, 246, -132]
[174, 252, -117]
[438, 174, -283]
[173, 162, -313]
[451, 156, -306]
[166, 141, -337]
[456, 139, -301]
[165, 126, -332]
[447, 145, -284]
[171, 134, -315]
[347, 346, -9]
[244, 346, 9]
[358, 515, 12]
[256, 518, 76]
[361, 666, 144]
[262, 665, 207]
[363, 686, 152]
[257, 686, 218]
[347, 721, 56]
[276, 715, 116]
[308, 25, -181]
[319, 8, -174]
[325, 8, -174]
[332, 9, -174]
[300, 5, -173]
[293, 4, -173]
[285, 2, -173]
[339, 12, -100]
[271, 5, -96]
[316, 40, -152]
[294, 38, -151]
[379, 103, -49]
[217, 97, -29]
[423, 247, -110]
[175, 252, -104]
[438, 175, -268]
[183, 166, -296]
[451, 157, -290]
[185, 150, -317]
[456, 141, -282]
[175, 132, -307]
[446, 147, -267]
[179, 139, -295]
[347, 346, -7]
[244, 346, 8]
[357, 515, 10]
[255, 518, 77]
[360, 665, 128]
[261, 664, 204]
[363, 685, 134]
[257, 685, 214]
[345, 720, 40]
[275, 715, 116]
[308, 26, -178]
[319, 9, -172]
[325, 9, -172]
[332, 9, -172]
[300, 6, -171]
[293, 4, -171]
[285, 3, -171]
[339, 13, -101]
[271, 5, -95]
[316, 40, -150]
[294, 38, -148]
[380, 102, -50]
[217, 97, -29]
[421, 246, -105]
[179, 251, -105]
[439, 176, -260]
[182, 167, -291]
[456, 159, -280]
[184, 155, -313]
[466, 144, -278]
[174, 134, -307]
[478, 150, -262]
[179, 140, -292]
[347, 346, -7]
[243, 346, 8]
[357, 514, 3]
[255, 517, 69]
[359, 665, 115]
[260, 663, 190]
[362, 685, 121]
[256, 685, 200]
[344, 720, 23]
[273, 714, 100]
[308, 27, -203]
[319, 9, -198]
[325, 9, -198]
[332, 9, -198]
[301, 6, -198]
[293, 4, -198]
[285, 3, -198]
[340, 13, -123]
[271, 5, -119]
[316, 41, -172]
[294, 38, -171]
[380, 102, -59]
[216, 98, -41]
[420, 246, -107]
[179, 254, -98]
[440, 188, -289]
[181, 185, -287]
[456, 177, -316]
[181, 181, -311]
[464, 163, -320]
[173, 158, -305]
[476, 166, -293]
[179, 160, -291]
[347, 347, -6]
[243, 347, 7]
[358, 514, 12]
[254, 517, 70]
[359, 665, 153]
[257, 664, 192]
[361, 686, 162]
[253, 686, 203]
[344, 721, 57]
[272, 717, 109]
[308, 27, -224]
[319, 9, -218]
[325, 9, -218]
[332, 9, -218]
[301, 6, -218]
[293, 4, -218]
[286, 3, -218]
[339, 13, -138]
[271, 5, -136]
[316, 40, -191]
[294, 38, -191]
[381, 101, -74]
[216, 98, -51]
[420, 242, -112]
[180, 254, -100]
[447, 198, -301]
[179, 196, -294]
[462, 191, -330]
[164, 190, -320]
[471, 176, -336]
[160, 171, -326]
[469, 178, -307]
[171, 174, -300]
[348, 346, -7]
[243, 346, 8]
[358, 512, 12]
[253, 517, 68]
[359, 665, 154]
[257, 664, 199]
[361, 686, 163]
[253, 685, 209]
[343, 721, 57]
[272, 717, 103]
[308, 26, -242]
[319, 9, -236]
[325, 9, -236]
[331, 9, -236]
[301, 6, -236]
[293, 4, -236]
[286, 3, -237]
[339, 12, -153]
[271, 5, -155]
[316, 40, -209]
[294, 38, -209]
[381, 101, -90]
[215, 98, -75]
[419, 240, -113]
[180, 243, -121]
[446, 220, -291]
[177, 210, -323]
[461, 220, -321]
[161, 207, -354]
[466, 205, -333]
[160, 192, -367]
[468, 203, -298]
[170, 194, -332]
[348, 343, -6]
[243, 344, 6]
[358, 507, 18]
[253, 513, 61]
[359, 661, 162]
[257, 662, 192]
[361, 681, 170]
[253, 683, 202]
[343, 718, 63]
[272, 716, 87]
[307, 26, -243]
[319, 9, -236]
[325, 9, -236]
[331, 9, -236]
[300, 6, -237]
[292, 4, -237]
[285, 3, -237]
[339, 12, -150]
[271, 5, -150]
[316, 40, -208]
[293, 38, -208]
[383, 101, -88]
[215, 98, -71]
[417, 239, -108]
[180, 240, -122]
[441, 236, -286]
[177, 219, -334]
[461, 240, -320]
[162, 219, -370]
[464, 229, -339]
[160, 206, -386]
[455, 226, -297]
[171, 206, -346]
[348, 343, -5]
[243, 344, 5]
[359, 504, 33]
[252, 512, 71]
[358, 659, 180]
[255, 661, 219]
[361, 680, 189]
[252, 682, 230]
[342, 716, 76]
[270, 715, 100]
[307, 27, -239]
[318, 9, -231]
[324, 9, -231]
[331, 9, -231]
[299, 6, -236]
[292, 5, -236]
[284, 3, -236]
[339, 12, -132]
[271, 5, -137]
[316, 40, -196]
[293, 38, -198]
[385, 102, -78]
[215, 98, -68]
[416, 236, -92]
[179, 237, -120]
[442, 252, -268]
[167, 235, -325]
[462, 261, -309]
[155, 244, -362]
[464, 252, -327]
[159, 229, -380]
[455, 248, -284]
[168, 225, -337]
[348, 345, -3]
[243, 344, 4]
[359, 504, 44]
[250, 512, 72]
[357, 659, 188]
[253, 662, 217]
[359, 680, 197]
[250, 682, 229]
[340, 716, 89]
[267, 715, 103]
[306, 28, -237]
[318, 10, -230]
[324, 9, -230]
[331, 9, -230]
[299, 8, -231]
[291, 6, -231]
[284, 5, -231]
[339, 12, -134]
[271, 6, -134]
[316, 41, -198]
[292, 39, -198]
[386, 102, -75]
[215, 98, -63]
[413, 234, -80]
[179, 232, -117]
[442, 269, -252]
[164, 251, -343]
[464, 280, -291]
[151, 268, -386]
[465, 273, -324]
[156, 258, -409]
[455, 269, -269]
[166, 254, -359]
[348, 345, -3]
[243, 343, 4]
[359, 507, 54]
[250, 513, 70]
[357, 662, 225]
[252, 665, 218]
[359, 682, 237]
[250, 686, 229]
[338, 721, 124]
[266, 719, 102]
[306, 30, -231]
[318, 11, -225]
[324, 11, -225]
[330, 10, -225]
[299, 10, -228]
[291, 9, -228]
[284, 7, -228]
[339, 12, -131]
[271, 7, -134]
[315, 43, -191]
[292, 41, -192]
[388, 103, -73]
[215, 98, -64]
[412, 230, -59]
[179, 228, -88]
[442, 292, -193]
[163, 277, -255]
[462, 307, -225]
[150, 296, -291]
[460, 304, -254]
[156, 288, -318]
[450, 299, -208]
[166, 281, -270]
[348, 344, -1]
[244, 341, 2]
[359, 508, 68]
[250, 513, 60]
[356, 662, 243]
[252, 665, 197]
[358, 682, 257]
[250, 686, 207]
[338, 720, 161]
[265, 719, 91]
[306, 31, -198]
[317, 13, -194]
[324, 12, -194]
[330, 11, -194]
[299, 12, -195]
[291, 11, -195]
[284, 9, -195]
[339, 12, -120]
[271, 8, -122]
[315, 44, -166]
[292, 43, -166]
[388, 105, -69]
[215, 99, -64]
[411, 229, -32]
[180, 218, -26]
[439, 312, -116]
[164, 298, -90]
[456, 329, -138]
[150, 321, -109]
[450, 329, -163]
[156, 320, -133]
[441, 324, -128]
[166, 313, -101]
[348, 342, -1]
[244, 339, 1]
[351, 511, 60]
[244, 513, 49]
[349, 663, 225]
[246, 666, 173]
[350, 683, 239]
[245, 688, 183]
[333, 722, 151]
[257, 719, 79]
[306, 32, -243]
[317, 14, -239]
[324, 13, -239]
[330, 12, -239]
[299, 13, -241]
[291, 12, -241]
[284, 10, -241]
[339, 13, -164]
[271, 9, -170]
[315, 45, -210]
[292, 44, -212]
[389, 107, -103]
[214, 101, -106]
[411, 232, -52]
[181, 221, -50]
[433, 329, -118]
[164, 318, -94]
[448, 357, -136]
[150, 341, -110]
[441, 357, -160]
[157, 342, -134]
[432, 350, -129]
[167, 335, -105]
[351, 343, -1]
[246, 340, 1]
[351, 520, 56]
[245, 521, 47]
[349, 669, 234]
[246, 674, 178]
[350, 688, 248]
[246, 696, 189]
[335, 728, 158]
[256, 728, 83]
[306, 32, -254]
[317, 13, -251]
[324, 13, -251]
[330, 12, -251]
[299, 13, -252]
[291, 11, -252]
[284, 10, -252]
[340, 13, -178]
[270, 9, -182]
[315, 45, -222]
[293, 44, -223]
[390, 108, -119]
[213, 102, -114]
[410, 234, -62]
[181, 223, -49]
[430, 340, -110]
[164, 333, -72]
[444, 371, -123]
[151, 360, -81]
[437, 373, -145]
[160, 362, -103]
[429, 362, -119]
[168, 353, -81]
[352, 345, -2]
[246, 340, 2]
[349, 527, 33]
[244, 524, 37]
[349, 673, 219]
[245, 676, 170]
[351, 692, 233]
[245, 697, 181]
[335, 733, 148]
[253, 731, 82]
[306, 32, -292]
[318, 13, -289]
[324, 13, -289]
[330, 12, -290]
[299, 13, -290]
[291, 11, -290]
[284, 10, -290]
[340, 13, -218]
[271, 9, -221]
[315, 45, -260]
[293, 44, -260]
[392, 109, -157]
[213, 104, -143]
[409, 235, -90]
[181, 223, -62]
[428, 344, -131]
[164, 338, -80]
[442, 375, -144]
[151, 366, -87]
[435, 378, -165]
[162, 369, -109]
[425, 367, -140]
[169, 357, -88]
[352, 345, -5]
[246, 340, 5]
[349, 526, 44]
[244, 524, 50]
[349, 672, 238]
[246, 675, 196]
[351, 692, 253]
[245, 696, 208]
[335, 732, 171]
[253, 729, 116]
[307, 31, -281]
[318, 11, -279]
[325, 11, -279]
[331, 10, -279]
[299, 11, -279]
[291, 9, -279]
[284, 8, -279]
[341, 12, -212]
[271, 8, -210]
[316, 44, -251]
[293, 44, -250]
[393, 110, -159]
[212, 105, -139]
[408, 238, -105]
[182, 225, -65]
[425, 352, -139]
[164, 346, -105]
[437, 386, -153]
[151, 377, -115]
[428, 388, -172]
[162, 381, -138]
[418, 373, -147]
[170, 366, -115]
[352, 345, -7]
[247, 340, 7]
[349, 529, 48]
[244, 526, 55]
[349, 679, 228]
[246, 678, 195]
[351, 700, 242]
[245, 700, 207]
[335, 739, 155]
[252, 734, 112]
[307, 30, -288]
[318, 11, -287]
[325, 10, -286]
[332, 9, -287]
[299, 10, -287]
[291, 9, -287]
[284, 7, -287]
[342, 12, -216]
[271, 8, -214]
[316, 44, -258]
[293, 44, -257]
[395, 111, -163]
[212, 107, -148]
[408, 245, -117]
[182, 234, -93]
[421, 364, -152]
[166, 356, -139]
[431, 404, -170]
[152, 393, -152]
[419, 405, -188]
[164, 394, -176]
[410, 385, -161]
[174, 375, -149]
[352, 346, -8]
[247, 340, 8]
[346, 536, 47]
[238, 531, 55]
[342, 695, 209]
[237, 689, 172]
[343, 717, 220]
[237, 711, 181]
[325, 756, 120]
[241, 750, 67]
[307, 29, -293]
[318, 9, -290]
[325, 8, -290]
[332, 8, -290]
[299, 8, -290]
[291, 7, -290]
[284, 6, -290]
[342, 11, -219]
[270, 7, -214]
[316, 44, -262]
[293, 43, -260]
[395, 112, -168]
[211, 109, -148]
[408, 250, -125]
[182, 240, -97]
[420, 373, -160]
[168, 361, -147]
[430, 414, -178]
[152, 401, -160]
[417, 413, -197]
[166, 403, -186]
[407, 393, -168]
[177, 381, -158]
[352, 349, -11]
[247, 341, 11]
[344, 541, 42]
[234, 535, 54]
[335, 704, 200]
[231, 696, 170]
[336, 727, 210]
[231, 718, 179]
[317, 766, 102]
[234, 758, 57]
[307, 29, -297]
[318, 8, -294]
[325, 8, -294]
[332, 8, -294]
[299, 8, -295]
[291, 7, -295]
[284, 6, -295]
[342, 11, -220]
[270, 7, -220]
[316, 44, -265]
[293, 44, -265]
[396, 113, -164]
[211, 110, -156]
[408, 252, -118]
[182, 244, -107]
[419, 371, -156]
[170, 365, -152]
[429, 412, -173]
[154, 406, -167]
[415, 412, -192]
[169, 408, -191]
[406, 391, -164]
[182, 385, -163]
[352, 351, -11]
[247, 342, 11]
[343, 543, 46]
[232, 537, 52]
[334, 706, 207]
[229, 699, 170]
[335, 729, 217]
[229, 720, 179]
[316, 768, 110]
[233, 761, 57]
[306, 29, -315]
[318, 8, -313]
[325, 8, -313]
[332, 7, -313]
[298, 8, -313]
[290, 7, -313]
[283, 6, -313]
[342, 11, -240]
[270, 7, -237]
[316, 44, -282]
[293, 44, -281]
[397, 115, -177]
[211, 111, -168]
[408, 253, -124]
[182, 246, -116]
[417, 369, -158]
[173, 366, -154]
[427, 410, -175]
[158, 407, -170]
[413, 411, -194]
[174, 408, -193]
[404, 390, -167]
[186, 384, -165]
[352, 351, -10]
[247, 343, 10]
[343, 544, 56]
[231, 538, 52]
[335, 706, 224]
[229, 699, 172]
[336, 729, 235]
[229, 721, 181]
[317, 768, 127]
[234, 762, 67]
[307, 29, -327]
[318, 8, -325]
[325, 8, -325]
[332, 7, -325]
[298, 8, -326]
[290, 7, -326]
[283, 6, -326]
[342, 11, -251]
[270, 7, -249]
[316, 44, -294]
[293, 44, -293]
[398, 115, -184]
[211, 111, -176]
[408, 254, -128]
[182, 247, -123]
[416, 368, -160]
[175, 364, -161]
[426, 408, -178]
[160, 404, -175]
[413, 409, -197]
[177, 404, -200]
[404, 389, -169]
[187, 383, -171]
[352, 351, -9]
[247, 343, 9]
[344, 543, 56]
[232, 538, 52]
[336, 705, 229]
[230, 699, 175]
[337, 728, 242]
[230, 722, 185]
[319, 767, 136]
[236, 761, 71]
[307, 29, -323]
[318, 8, -321]
[325, 7, -321]
[332, 7, -321]
[298, 7, -322]
[290, 6, -322]
[283, 5, -322]
[343, 11, -246]
[270, 7, -247]
[317, 43, -291]
[293, 44, -291]
[398, 116, -183]
[210, 111, -177]
[408, 255, -130]
[182, 247, -125]
[415, 370, -161]
[176, 366, -164]
[425, 410, -178]
[161, 406, -179]
[412, 413, -198]
[177, 408, -204]
[402, 400, -170]
[188, 385, -175]
[352, 351, -7]
[247, 344, 7]
[344, 544, 58]
[232, 539, 53]
[336, 706, 228]
[231, 701, 177]
[338, 730, 240]
[231, 724, 187]
[319, 769, 135]
[237, 763, 68]
[307, 29, -315]
[319, 7, -310]
[326, 7, -310]
[333, 7, -310]
[299, 7, -310]
[290, 5, -311]
[283, 4, -311]
[344, 11, -232]
[270, 7, -232]
[317, 43, -280]
[294, 43, -280]
[399, 117, -172]
[210, 111, -163]
[407, 255, -125]
[182, 247, -117]
[414, 365, -150]
[176, 365, -160]
[423, 404, -166]
[162, 405, -174]
[411, 406, -184]
[178, 405, -199]
[402, 389, -158]
[189, 383, -171]
[352, 351, -7]
[247, 344, 7]
[344, 543, 54]
[233, 538, 50]
[337, 704, 208]
[232, 699, 164]
[338, 727, 218]
[232, 722, 172]
[320, 767, 114]
[238, 760, 54]
[308, 28, -309]
[320, 7, -307]
[327, 7, -307]
[334, 7, -307]
[299, 6, -309]
[291, 5, -309]
[283, 4, -309]
[346, 11, -228]
[271, 7, -227]
[318, 43, -277]
[294, 43, -278]
[399, 117, -167]
[210, 111, -158]
[407, 255, -124]
[182, 248, -113]
[414, 363, -146]
[178, 364, -159]
[422, 402, -163]
[170, 402, -173]
[411, 404, -181]
[181, 399, -198]
[403, 386, -155]
[190, 380, -170]
[352, 351, -7]
[247, 344, 7]
[346, 542, 52]
[233, 538, 50]
[338, 703, 204]
[232, 698, 163]
[340, 726, 214]
[232, 720, 171]
[321, 765, 110]
[238, 759, 53]
[309, 28, -303]
[320, 7, -301]
[328, 6, -301]
[335, 6, -301]
[300, 6, -302]
[292, 5, -302]
[284, 4, -302]
[346, 11, -225]
[271, 7, -224]
[318, 43, -271]
[295, 43, -271]
[399, 117, -167]
[210, 111, -157]
[407, 255, -121]
[183, 248, -112]
[413, 362, -150]
[178, 364, -160]
[422, 402, -167]
[173, 402, -173]
[411, 403, -185]
[182, 397, -200]
[403, 385, -158]
[191, 379, -171]
[352, 351, -7]
[247, 345, 8]
[346, 542, 51]
[233, 537, 50]
[339, 702, 204]
[232, 697, 167]
[340, 725, 214]
[232, 720, 176]
[321, 765, 111]
[238, 758, 58]
[309, 28, -301]
[321, 7, -298]
[328, 6, -298]
[336, 6, -298]
[300, 6, -299]
[292, 4, -299]
[285, 3, -300]
[347, 11, -224]
[271, 7, -225]
[319, 43, -269]
[296, 43, -269]
[399, 117, -167]
[210, 111, -159]
[407, 255, -120]
[183, 248, -114]
[413, 363, -152]
[178, 363, -161]
[422, 403, -170]
[173, 401, -174]
[410, 404, -188]
[182, 400, -201]
[403, 385, -160]
[191, 379, -172]
[352, 351, -7]
[247, 345, 8]
[347, 541, 51]
[233, 537, 50]
[339, 702, 205]
[232, 697, 166]
[340, 725, 215]
[233, 719, 175]
[321, 765, 112]
[239, 757, 57]
[310, 28, -292]
[322, 6, -290]
[329, 6, -290]
[336, 6, -290]
[301, 5, -291]
[293, 4, -291]
[285, 3, -291]
[348, 11, -219]
[272, 6, -220]
[320, 43, -261]
[296, 42, -261]
[399, 117, -166]
[210, 111, -158]
[406, 255, -117]
[183, 248, -113]
[413, 364, -148]
[178, 364, -159]
[422, 403, -166]
[173, 403, -173]
[411, 405, -183]
[182, 402, -199]
[403, 385, -156]
[191, 379, -170]
[352, 351, -7]
[247, 345, 8]
[347, 541, 48]
[234, 537, 50]
[340, 702, 199]
[233, 696, 162]
[341, 724, 209]
[233, 719, 170]
[322, 765, 107]
[239, 757, 53]
[310, 28, -285]
[322, 6, -283]
[329, 6, -283]
[337, 6, -283]
[302, 5, -284]
[294, 4, -284]
[286, 3, -284]
[348, 11, -213]
[272, 6, -214]
[320, 42, -254]
[297, 42, -255]
[399, 117, -161]
[210, 111, -155]
[406, 255, -111]
[182, 248, -111]
[413, 364, -143]
[178, 364, -157]
[422, 402, -160]
[172, 405, -170]
[411, 405, -178]
[182, 403, -196]
[403, 385, -151]
[191, 381, -167]
[352, 352, -7]
[247, 346, 8]
[347, 541, 45]
[234, 536, 48]
[340, 702, 194]
[233, 696, 157]
[341, 724, 204]
[233, 719, 165]
[322, 764, 104]
[239, 756, 50]
[311, 27, -303]
[322, 6, -300]
[330, 6, -300]
[337, 6, -300]
[302, 5, -302]
[294, 4, -302]
[286, 3, -302]
[348, 10, -225]
[273, 6, -231]
[320, 42, -271]
[297, 42, -272]
[399, 117, -166]
[210, 111, -168]
[406, 255, -112]
[182, 248, -121]
[413, 368, -144]
[178, 365, -164]
[422, 409, -162]
[171, 406, -179]
[411, 411, -183]
[181, 405, -204]
[403, 389, -154]
[191, 384, -175]
[352, 352, -5]
[247, 346, 5]
[346, 543, 51]
[233, 538, 45]
[338, 705, 206]
[231, 699, 159]
[339, 728, 216]
[231, 721, 167]
[321, 768, 114]
[237, 760, 49]
[311, 27, -296]
[322, 6, -294]
[330, 6, -294]
[337, 6, -294]
[302, 5, -296]
[294, 4, -296]
[286, 3, -296]
[348, 10, -220]
[273, 6, -230]
[321, 42, -264]
[298, 42, -266]
[399, 117, -162]
[210, 111, -165]
[406, 255, -107]
[182, 247, -120]
[413, 369, -139]
[178, 364, -158]
[422, 409, -155]
[171, 405, -171]
[411, 411, -175]
[181, 404, -196]
[403, 390, -148]
[191, 383, -168]
[352, 352, -4]
[247, 347, 4]
[346, 543, 51]
[232, 538, 43]
[338, 705, 206]
[231, 698, 155]
[339, 728, 216]
[231, 721, 164]
[321, 768, 114]
[237, 760, 47]
[311, 27, -309]
[322, 6, -307]
[330, 6, -307]
[337, 6, -307]
[302, 5, -309]
[294, 4, -309]
[287, 3, -309]
[348, 10, -232]
[273, 6, -238]
[321, 42, -276]
[298, 42, -278]
[399, 117, -172]
[210, 111, -171]
[406, 255, -119]
[182, 246, -123]
[414, 368, -152]
[177, 363, -161]
[422, 408, -168]
[167, 404, -175]
[411, 410, -188]
[180, 404, -200]
[404, 389, -161]
[190, 382, -172]
[352, 352, -4]
[247, 346, 4]
[344, 543, 52]
[231, 538, 44]
[335, 705, 206]
[229, 698, 157]
[335, 728, 216]
[229, 721, 165]
[319, 767, 114]
[234, 760, 48]
[311, 28, -331]
[322, 7, -330]
[329, 7, -330]
[336, 7, -330]
[302, 7, -331]
[294, 5, -331]
[286, 4, -331]
[347, 11, -254]
[273, 7, -258]
[320, 43, -297]
[298, 43, -298]
[399, 117, -186]
[210, 111, -183]
[406, 254, -129]
[182, 244, -126]
[415, 368, -163]
[175, 363, -162]
[424, 408, -178]
[161, 404, -175]
[412, 409, -200]
[174, 403, -200]
[404, 389, -172]
[185, 382, -172]
[353, 349, -4]
[247, 345, 4]
[342, 543, 54]
[230, 536, 48]
[333, 703, 222]
[227, 696, 172]
[333, 726, 235]
[228, 719, 182]
[317, 765, 139]
[232, 758, 72]
[310, 29, -302]
[321, 8, -301]
[328, 8, -301]
[335, 7, -301]
[301, 8, -301]
[294, 6, -301]
[286, 5, -301]
[346, 11, -236]
[273, 8, -234]
[320, 43, -271]
[297, 44, -270]
[399, 117, -176]
[210, 111, -156]
[406, 248, -115]
[182, 237, -91]
[417, 358, -142]
[172, 352, -112]
[428, 391, -154]
[159, 382, -122]
[420, 394, -174]
[172, 385, -144]
[411, 380, -150]
[181, 371, -121]
[352, 347, -5]
[247, 342, 5]
[342, 534, 54]
[233, 528, 58]
[336, 682, 229]
[234, 680, 191]
[337, 703, 244]
[234, 702, 202]
[324, 741, 160]
[239, 736, 106]
[310, 29, -340]
[321, 8, -338]
[328, 8, -338]
[335, 8, -338]
[301, 8, -338]
[293, 7, -338]
[285, 6, -338]
[346, 11, -264]
[272, 8, -262]
[319, 43, -306]
[296, 44, -305]
[399, 117, -191]
[210, 111, -174]
[407, 248, -115]
[182, 237, -94]
[420, 358, -136]
[171, 348, -99]
[432, 392, -145]
[158, 375, -108]
[423, 394, -167]
[170, 377, -127]
[415, 379, -144]
[178, 364, -107]
[353, 344, -4]
[247, 339, 4]
[350, 514, 68]
[235, 515, 77]
[347, 650, 316]
[241, 655, 268]
[347, 668, 339]
[243, 673, 286]
[338, 713, 262]
[250, 714, 193]
[310, 30, -279]
[321, 9, -275]
[328, 9, -275]
[335, 8, -276]
[301, 9, -277]
[293, 8, -277]
[285, 7, -277]
[346, 11, -199]
[272, 8, -206]
[319, 44, -245]
[296, 44, -247]
[399, 116, -134]
[210, 110, -136]
[408, 247, -74]
[183, 232, -74]
[420, 347, -122]
[168, 337, -106]
[433, 378, -136]
[155, 361, -119]
[425, 377, -160]
[167, 363, -141]
[417, 365, -132]
[175, 353, -115]
[353, 344, -3]
[247, 340, 3]
[350, 517, 54]
[237, 520, 50]
[349, 657, 265]
[243, 667, 191]
[350, 679, 287]
[244, 685, 203]
[339, 722, 250]
[251, 720, 104]
[310, 31, -208]
[321, 11, -204]
[327, 10, -204]
[334, 9, -204]
[301, 11, -206]
[293, 10, -206]
[285, 8, -206]
[345, 11, -129]
[272, 8, -134]
[319, 44, -177]
[296, 44, -178]
[396, 115, -79]
[211, 108, -78]
[408, 237, -39]
[182, 225, -27]
[426, 319, -120]
[168, 312, -80]
[439, 338, -140]
[155, 335, -97]
[435, 339, -165]
[166, 333, -122]
[427, 331, -132]
[174, 326, -92]
[351, 344, -1]
[247, 339, 2]
[350, 519, 59]
[237, 520, 49]
[347, 667, 229]
[243, 671, 167]
[348, 689, 241]
[244, 691, 176]
[335, 730, 160]
[250, 726, 67]
[309, 30, -200]
[320, 11, -195]
[327, 10, -196]
[333, 9, -196]
[300, 11, -195]
[292, 9, -195]
[285, 8, -195]
[344, 11, -117]
[272, 8, -112]
[319, 44, -168]
[296, 44, -166]
[395, 112, -64]
[212, 104, -57]
[408, 233, -50]
[181, 224, -54]
[433, 294, -169]
[166, 282, -250]
[446, 307, -200]
[153, 303, -285]
[445, 303, -227]
[161, 296, -307]
[437, 298, -184]
[170, 289, -264]
[351, 344, -1]
[246, 340, 1]
[353, 520, 67]
[241, 521, 52]
[348, 672, 227]
[244, 673, 171]
[350, 693, 238]
[244, 693, 181]
[334, 733, 144]
[255, 727, 69]
[309, 30, -205]
[320, 11, -200]
[326, 10, -200]
[333, 9, -200]
[300, 10, -200]
[292, 9, -200]
[285, 8, -200]
[344, 11, -118]
[272, 8, -116]
[319, 44, -172]
[295, 43, -171]
[395, 109, -64]
[213, 102, -48]
[411, 234, -67]
[179, 228, -87]
[440, 269, -227]
[164, 246, -302]
[458, 276, -260]
[153, 254, -336]
[461, 269, -283]
[161, 238, -355]
[451, 266, -240]
[164, 224, -315]
[350, 344, -1]
[246, 340, 1]
[359, 515, 43]
[251, 519, 60]
[357, 669, 172]
[255, 670, 173]
[359, 689, 180]
[253, 690, 183]
[342, 726, 80]
[270, 723, 72]
[309, 29, -203]
[320, 10, -198]
[326, 9, -198]
[332, 9, -198]
[300, 10, -197]
[292, 9, -197]
[284, 7, -198]
[343, 11, -118]
[271, 8, -114]
[319, 43, -171]
[295, 42, -170]
[393, 106, -65]
[214, 101, -44]
[415, 235, -73]
[176, 229, -107]
[439, 250, -234]
[165, 224, -327]
[458, 256, -267]
[155, 221, -362]
[459, 248, -287]
[161, 206, -375]
[451, 245, -246]
[165, 192, -338]
[350, 344, -1]
[246, 340, 2]
[359, 510, 31]
[250, 516, 77]
[356, 665, 156]
[254, 666, 198]
[358, 685, 164]
[252, 686, 208]
[341, 721, 64]
[268, 718, 100]
[309, 27, -214]
[320, 8, -209]
[326, 8, -209]
[332, 8, -209]
[300, 8, -209]
[292, 7, -209]
[284, 6, -209]
[343, 10, -133]
[271, 6, -131]
[319, 42, -183]
[295, 41, -183]
[392, 104, -75]
[214, 99, -59]
[417, 235, -76]
[176, 234, -106]
[438, 238, -229]
[170, 224, -294]
[456, 236, -258]
[159, 221, -321]
[456, 223, -273]
[163, 208, -334]
[459, 220, -238]
[169, 207, -303]
[349, 342, -1]
[246, 339, 2]
[359, 504, 19]
[252, 511, 74]
[356, 660, 146]
[255, 661, 185]
[359, 680, 154]
[253, 680, 193]
[343, 715, 57]
[270, 712, 88]
[309, 27, -202]
[320, 8, -196]
[326, 8, -196]
[332, 8, -196]
[300, 7, -195]
[292, 6, -195]
[284, 5, -195]
[343, 10, -117]
[271, 6, -113]
[319, 42, -170]
[295, 40, -169]
[389, 101, -57]
[215, 97, -30]
[419, 234, -77]
[177, 239, -94]
[447, 213, -261]
[172, 208, -304]
[462, 211, -293]
[162, 205, -334]
[465, 196, -304]
[163, 186, -344]
[460, 196, -269]
[169, 188, -312]
[349, 341, -3]
[245, 339, 4]
[361, 506, 13]
[253, 510, 71]
[358, 661, 148]
[256, 661, 200]
[360, 681, 156]
[253, 682, 210]
[342, 718, 54]
[272, 715, 101]
[309, 27, -212]
[320, 8, -206]
[326, 8, -206]
[333, 8, -206]
[300, 7, -205]
[292, 6, -205]
[285, 5, -205]
[343, 11, -127]
[271, 6, -121]
[319, 42, -180]
[295, 40, -178]
[387, 101, -64]
[216, 97, -34]
[420, 237, -98]
[176, 253, -95]
[446, 200, -276]
[178, 192, -305]
[460, 193, -305]
[176, 185, -332]
[462, 178, -308]
[172, 167, -335]
[456, 180, -280]
[177, 171, -309]
[349, 343, -6]
[245, 340, 7]
[364, 508, 13]
[257, 511, 80]
[363, 663, 155]
[262, 663, 228]
[365, 684, 164]
[259, 683, 240]
[348, 720, 62]
[277, 717, 133]
[309, 27, -177]
[320, 8, -172]
[326, 8, -172]
[333, 8, -172]
[301, 7, -170]
[293, 6, -170]
[285, 5, -170]
[343, 11, -105]
[271, 6, -97]
[319, 42, -149]
[295, 40, -147]
[387, 101, -53]
[218, 97, -28]
[420, 246, -102]
[176, 255, -95]
[445, 187, -258]
[177, 181, -285]
[459, 171, -280]
[174, 168, -307]
[461, 158, -280]
[171, 151, -310]
[454, 163, -259]
[175, 157, -289]
[349, 344, -6]
[245, 342, 7]
[363, 509, 0]
[257, 512, 78]
[363, 665, 109]
[264, 664, 213]
[365, 684, 116]
[261, 685, 224]
[350, 722, 25]
[278, 718, 121]
[309, 27, -172]
[320, 8, -166]
[326, 7, -166]
[333, 7, -166]
[301, 7, -164]
[293, 6, -164]
[285, 4, -164]
[343, 11, -97]
[271, 6, -90]
[319, 42, -144]
[295, 40, -142]
[386, 101, -51]
[219, 96, -22]
[422, 251, -106]
[175, 254, -95]
[443, 183, -257]
[177, 172, -278]
[458, 165, -278]
[172, 158, -298]
[459, 149, -273]
[170, 140, -302]
[453, 156, -257]
[175, 147, -281]
[349, 345, -6]
[245, 343, 7]
[363, 510, 2]
[259, 513, 79]
[365, 665, 115]
[267, 665, 210]
[368, 685, 122]
[264, 685, 222]
[352, 722, 32]
[280, 719, 116]
[309, 27, -168]
[320, 7, -161]
[327, 7, -161]
[333, 7, -161]
[301, 6, -160]
[293, 5, -160]
[285, 4, -160]
[343, 11, -91]
[271, 6, -84]
[319, 42, -140]
[295, 40, -138]
[386, 101, -46]
[220, 95, -18]
[424, 250, -103]
[174, 253, -98]
[442, 185, -243]
[176, 165, -292]
[456, 169, -266]
[172, 145, -313]
[459, 147, -262]
[165, 127, -308]
[452, 155, -246]
[171, 134, -293]
[349, 345, -6]
[244, 343, 7]
[362, 511, 5]
[259, 513, 76]
[365, 665, 119]
[267, 665, 194]
[369, 685, 126]
[264, 686, 204]
[352, 722, 39]
[280, 719, 113]
[310, 26, -177]
[321, 7, -170]
[327, 7, -170]
[334, 7, -170]
[301, 6, -169]
[294, 5, -169]
[286, 4, -169]
[344, 11, -95]
[271, 5, -90]
[319, 42, -148]
[295, 40, -147]
[384, 101, -49]
[220, 94, -20]
[424, 250, -112]
[173, 252, -105]
[442, 176, -269]
[175, 159, -307]
[456, 160, -292]
[172, 139, -329]
[458, 142, -284]
[164, 119, -324]
[451, 148, -268]
[170, 128, -309]
[349, 345, -7]
[244, 343, 8]
[362, 511, 7]
[259, 514, 76]
[365, 665, 127]
[266, 665, 188]
[368, 685, 135]
[263, 686, 197]
[351, 722, 43]
[279, 718, 105]
[310, 25, -175]
[321, 6, -168]
[327, 6, -168]
[334, 6, -168]
[302, 5, -167]
[294, 4, -167]
[286, 3, -167]
[344, 10, -94]
[271, 4, -90]
[319, 41, -147]
[295, 39, -145]
[383, 100, -49]
[220, 94, -22]
[424, 250, -111]
[173, 252, -104]
[441, 177, -262]
[174, 161, -295]
[456, 161, -284]
[171, 138, -317]
[458, 143, -278]
[162, 118, -314]
[450, 149, -262]
[169, 128, -297]
[349, 345, -7]
[245, 344, 8]
[362, 511, 7]
[259, 514, 75]
[364, 665, 125]
[265, 665, 184]
[367, 685, 133]
[262, 686, 194]
[351, 723, 42]
[279, 718, 102]
[310, 25, -178]
[321, 6, -175]
[328, 6, -175]
[335, 6, -175]
[302, 4, -174]
[294, 3, -174]
[286, 2, -174]
[344, 10, -102]
[272, 4, -98]
[319, 40, -151]
[296, 39, -149]
[383, 101, -54]
[220, 94, -28]
[424, 249, -120]
[173, 252, -111]
[441, 175, -285]
[173, 162, -310]
[455, 160, -309]
[171, 141, -333]
[457, 142, -301]
[162, 122, -329]
[450, 147, -284]
[169, 130, -312]
[349, 346, -7]
[245, 344, 8]
[362, 512, 9]
[259, 515, 75]
[364, 666, 131]
[265, 666, 189]
[367, 685, 139]
[262, 688, 199]
[351, 723, 48]
[279, 718, 103]
[311, 25, -183]
[321, 6, -179]
[328, 6, -179]
[335, 6, -179]
[302, 4, -179]
[294, 3, -179]
[286, 2, -179]
[344, 10, -106]
[272, 4, -102]
[319, 40, -155]
[296, 39, -154]
[383, 101, -56]
[220, 94, -31]
[424, 249, -124]
[173, 252, -113]
[441, 178, -288]
[173, 164, -313]
[455, 163, -313]
[171, 144, -337]
[457, 145, -305]
[162, 126, -334]
[450, 150, -287]
[169, 133, -316]
[349, 346, -7]
[244, 344, 8]
[362, 512, 9]
[259, 516, 74]
[364, 667, 135]
[265, 667, 194]
[366, 686, 143]
[262, 688, 205]
[351, 724, 49]
[279, 718, 106]
[310, 25, -192]
[321, 6, -187]
[328, 6, -187]
[335, 6, -187]
[302, 4, -185]
[294, 3, -185]
[286, 2, -185]
[344, 10, -110]
[272, 4, -103]
[319, 40, -163]
[296, 39, -160]
[383, 101, -57]
[221, 94, -32]
[424, 249, -124]
[174, 252, -111]
[436, 183, -288]
[175, 164, -309]
[448, 170, -313]
[171, 147, -334]
[454, 152, -307]
[164, 129, -332]
[445, 157, -288]
[170, 135, -312]
[349, 346, -8]
[244, 344, 8]
[361, 512, 10]
[259, 515, 76]
[364, 666, 135]
[265, 667, 203]
[366, 686, 143]
[261, 688, 214]
[350, 723, 43]
[279, 718, 108]
[310, 25, -191]
[321, 6, -185]
[328, 6, -185]
[335, 6, -185]
[302, 4, -183]
[294, 3, -183]
[286, 2, -183]
[344, 10, -109]
[272, 4, -102]
[319, 40, -161]
[296, 39, -158]
[384, 102, -54]
[221, 94, -29]
[422, 249, -122]
[178, 251, -108]
[437, 185, -279]
[177, 169, -304]
[450, 171, -304]
[178, 153, -328]
[456, 154, -300]
[165, 136, -331]
[447, 159, -281]
[174, 142, -308]
[348, 346, -7]
[244, 343, 7]
[360, 512, 8]
[256, 515, 75]
[362, 667, 128]
[262, 667, 202]
[365, 686, 135]
[259, 688, 212]
[348, 723, 32]
[277, 718, 108]
[310, 25, -189]
[321, 6, -184]
[328, 6, -184]
[335, 6, -184]
[302, 5, -182]
[294, 3, -182]
[286, 2, -182]
[344, 10, -109]
[272, 4, -101]
[319, 40, -159]
[296, 39, -157]
[384, 102, -52]
[221, 94, -28]
[421, 249, -120]
[179, 251, -102]
[441, 187, -282]
[176, 172, -301]
[455, 174, -307]
[176, 158, -324]
[458, 158, -306]
[165, 140, -326]
[449, 163, -284]
[173, 146, -305]
[348, 346, -7]
[244, 344, 7]
[361, 513, 6]
[256, 515, 65]
[362, 668, 125]
[262, 667, 187]
[365, 688, 132]
[259, 688, 196]
[348, 724, 29]
[277, 719, 88]
[310, 25, -231]
[321, 6, -225]
[328, 6, -225]
[334, 6, -225]
[302, 4, -224]
[294, 3, -224]
[286, 2, -224]
[344, 10, -141]
[272, 4, -135]
[319, 40, -196]
[296, 39, -195]
[385, 101, -71]
[220, 94, -44]
[421, 249, -124]
[178, 252, -103]
[445, 192, -312]
[179, 186, -306]
[459, 182, -343]
[179, 174, -333]
[462, 166, -346]
[172, 159, -336]
[453, 168, -317]
[180, 162, -311]
[349, 346, -7]
[244, 343, 7]
[364, 514, 26]
[256, 516, 65]
[363, 671, 182]
[261, 669, 210]
[365, 692, 191]
[258, 690, 222]
[348, 728, 78]
[277, 723, 99]
[310, 25, -219]
[321, 6, -213]
[327, 6, -213]
[334, 6, -213]
[301, 4, -211]
[293, 3, -211]
[286, 2, -212]
[343, 10, -134]
[272, 3, -127]
[319, 39, -186]
[295, 38, -185]
[385, 101, -69]
[218, 94, -44]
[421, 242, -106]
[178, 250, -94]
[446, 203, -295]
[182, 199, -297]
[460, 200, -324]
[179, 199, -332]
[467, 184, -330]
[174, 178, -330]
[458, 184, -300]
[182, 180, -305]
[349, 344, -7]
[244, 342, 7]
[363, 512, 23]
[254, 514, 66]
[362, 669, 167]
[259, 667, 207]
[365, 691, 175]
[256, 688, 218]
[347, 726, 69]
[276, 723, 99]
[309, 24, -232]
[320, 5, -226]
[327, 5, -226]
[333, 5, -226]
[301, 3, -226]
[293, 2, -226]
[285, 1, -226]
[342, 9, -142]
[271, 3, -141]
[318, 38, -199]
[294, 37, -199]
[386, 101, -81]
[217, 95, -62]
[420, 240, -105]
[179, 246, -111]
[448, 222, -290]
[178, 212, -320]
[462, 222, -318]
[164, 209, -354]
[470, 207, -331]
[164, 191, -366]
[470, 207, -294]
[173, 193, -331]
[349, 344, -5]
[244, 342, 6]
[363, 510, 22]
[254, 514, 66]
[362, 667, 164]
[259, 667, 209]
[365, 688, 173]
[256, 687, 219]
[347, 724, 65]
[275, 722, 100]
[308, 24, -229]
[320, 5, -222]
[326, 5, -222]
[332, 5, -222]
[299, 4, -221]
[291, 2, -221]
[283, 1, -221]
[342, 9, -137]
[270, 3, -133]
[318, 38, -194]
[292, 37, -193]
[387, 102, -79]
[216, 96, -55]
[420, 239, -105]
[179, 245, -111]
[444, 245, -289]
[177, 218, -336]
[461, 250, -323]
[163, 216, -374]
[468, 240, -342]
[162, 198, -389]
[461, 238, -298]
[173, 198, -348]
[349, 345, -5]
[244, 342, 6]
[362, 510, 32]
[250, 515, 72]
[359, 668, 180]
[255, 667, 217]
[362, 689, 188]
[253, 688, 227]
[344, 724, 73]
[271, 722, 102]
[307, 24, -238]
[319, 5, -231]
[326, 5, -231]
[332, 5, -231]
[299, 3, -231]
[290, 2, -231]
[283, 1, -231]
[342, 8, -142]
[270, 3, -139]
[318, 38, -202]
[292, 37, -201]
[390, 103, -82]
[216, 97, -58]
[420, 240, -98]
[175, 245, -115]
[451, 261, -264]
[160, 224, -338]
[468, 267, -299]
[153, 240, -374]
[473, 259, -335]
[152, 205, -391]
[464, 256, -278]
[161, 205, -350]
[349, 347, -5]
[243, 343, 6]
[359, 514, 35]
[246, 518, 77]
[355, 671, 183]
[250, 670, 221]
[357, 693, 191]
[248, 691, 231]
[338, 728, 78]
[265, 726, 107]
[307, 24, -273]
[319, 5, -265]
[325, 5, -265]
[332, 5, -265]
[298, 4, -264]
[290, 3, -264]
[282, 2, -264]
[342, 8, -166]
[270, 3, -161]
[317, 39, -233]
[292, 38, -232]
[391, 105, -88]
[215, 98, -80]
[419, 243, -79]
[175, 240, -132]
[466, 281, -235]
[156, 258, -365]
[493, 292, -269]
[144, 273, -408]
[505, 283, -307]
[148, 261, -433]
[486, 279, -253]
[157, 257, -382]
[348, 347, -3]
[242, 343, 4]
[351, 526, 67]
[237, 527, 62]
[342, 683, 250]
[238, 682, 206]
[344, 705, 262]
[237, 703, 216]
[323, 740, 145]
[251, 739, 78]
[307, 25, -213]
[319, 5, -206]
[325, 5, -206]
[332, 5, -206]
[298, 4, -206]
[290, 3, -206]
[282, 2, -206]
[342, 8, -126]
[270, 4, -121]
[317, 39, -181]
[292, 38, -179]
[392, 106, -80]
[215, 99, -72]
[417, 238, -76]
[175, 237, -100]
[449, 296, -222]
[158, 280, -288]
[470, 309, -256]
[147, 298, -326]
[469, 305, -284]
[150, 289, -353]
[456, 300, -237]
[159, 283, -303]
[349, 347, -1]
[243, 342, 2]
[356, 525, 73]
[241, 526, 63]
[345, 682, 232]
[239, 681, 195]
[346, 703, 243]
[238, 702, 205]
[326, 739, 144]
[251, 737, 84]
[307, 26, -172]
[319, 6, -167]
[325, 6, -167]
[332, 6, -167]
[298, 6, -168]
[290, 5, -168]
[282, 4, -168]
[342, 9, -102]
[270, 5, -102]
[317, 40, -145]
[292, 39, -145]
[392, 107, -63]
[215, 100, -67]
[415, 237, -31]
[179, 227, -31]
[441, 318, -111]
[159, 304, -103]
[458, 335, -133]
[148, 326, -122]
[452, 334, -157]
[151, 324, -148]
[442, 328, -123]
[160, 318, -116]
[350, 346, 0]
[244, 342, 0]
[354, 524, 57]
[242, 526, 37]
[346, 682, 192]
[241, 682, 123]
[348, 703, 201]
[240, 703, 128]
[329, 739, 119]
[254, 737, 25]
[306, 28, -327]
[319, 9, -323]
[325, 8, -323]
[332, 7, -323]
[298, 9, -323]
[290, 8, -323]
[282, 6, -323]
[342, 9, -235]
[270, 6, -236]
[317, 42, -289]
[292, 41, -289]
[392, 109, -154]
[214, 102, -152]
[414, 238, -44]
[180, 226, -64]
[431, 339, -143]
[160, 324, -121]
[446, 367, -162]
[147, 347, -139]
[436, 369, -189]
[152, 349, -165]
[426, 359, -155]
[160, 342, -132]
[351, 345, 0]
[245, 342, 0]
[352, 513, 86]
[241, 519, 84]
[348, 658, 329]
[243, 670, 277]
[351, 677, 351]
[246, 689, 294]
[335, 718, 263]
[256, 731, 187]
[306, 29, -280]
[319, 9, -300]
[325, 8, -300]
[332, 7, -301]
[298, 9, -309]
[290, 8, -310]
[282, 6, -310]
[342, 9, -181]
[270, 6, -178]
[317, 42, -269]
[292, 41, -279]
[393, 110, -118]
[213, 104, -106]
[412, 239, -57]
[181, 227, -45]
[429, 349, -99]
[161, 337, -75]
[443, 383, -112]
[148, 364, -85]
[434, 383, -133]
[154, 366, -107]
[425, 370, -108]
[162, 356, -84]
[351, 350, -3]
[245, 344, 3]
[346, 531, 38]
[239, 528, 43]
[345, 682, 209]
[239, 685, 153]
[348, 701, 224]
[240, 706, 162]
[330, 742, 164]
[245, 742, 65]
[306, 29, -325]
[319, 10, -324]
[325, 9, -323]
[332, 8, -324]
[298, 10, -324]
[290, 8, -324]
[282, 7, -324]
[342, 10, -242]
[270, 6, -241]
[317, 43, -291]
[292, 42, -291]
[394, 110, -171]
[212, 106, -151]
[411, 239, -92]
[181, 229, -63]
[427, 348, -133]
[161, 338, -89]
[439, 380, -146]
[149, 364, -99]
[430, 383, -169]
[157, 365, -121]
[421, 369, -142]
[163, 355, -98]
[351, 350, -8]
[245, 343, 8]
[346, 529, 46]
[237, 528, 69]
[346, 681, 270]
[240, 684, 239]
[348, 700, 289]
[241, 705, 254]
[330, 741, 201]
[247, 741, 152]
[306, 29, -286]
[319, 10, -284]
[325, 9, -284]
[332, 8, -284]
[298, 10, -284]
[290, 8, -284]
[282, 7, -284]
[342, 10, -212]
[270, 6, -210]
[317, 43, -254]
[292, 42, -254]
[394, 111, -153]
[211, 106, -140]
[410, 240, -93]
[181, 229, -67]
[424, 353, -127]
[162, 348, -121]
[437, 388, -140]
[149, 380, -133]
[426, 391, -161]
[157, 384, -158]
[417, 375, -135]
[164, 370, -131]
[351, 349, -9]
[245, 343, 9]
[344, 536, 47]
[235, 531, 59]
[342, 695, 226]
[236, 692, 178]
[344, 716, 238]
[237, 715, 187]
[326, 756, 144]
[242, 750, 77]
[306, 29, -307]
[319, 10, -305]
[325, 9, -305]
[332, 8, -305]
[298, 10, -306]
[290, 8, -306]
[282, 7, -306]
[342, 10, -229]
[270, 6, -230]
[317, 43, -274]
[292, 42, -274]
[395, 111, -170]
[210, 107, -158]
[410, 244, -118]
[181, 231, -99]
[422, 365, -152]
[162, 354, -150]
[435, 407, -171]
[149, 392, -165]
[422, 407, -191]
[160, 396, -191]
[412, 387, -161]
[169, 376, -162]
[351, 350, -9]
[245, 343, 9]
[339, 541, 47]
[227, 534, 53]
[331, 706, 214]
[225, 698, 169]
[332, 728, 224]
[226, 720, 177]
[314, 766, 117]
[230, 758, 55]
[306, 29, -319]
[318, 10, -316]
[325, 9, -316]
[331, 8, -316]
[298, 9, -316]
[289, 8, -316]
[282, 7, -316]
[342, 10, -237]
[270, 6, -235]
[317, 43, -285]
[292, 42, -284]
[395, 112, -178]
[210, 107, -160]
[409, 248, -131]
[181, 234, -105]
[420, 373, -171]
[163, 360, -161]
[431, 415, -192]
[149, 401, -176]
[417, 416, -212]
[163, 403, -203]
[408, 395, -181]
[174, 383, -172]
[351, 352, -11]
[245, 346, 12]
[337, 545, 43]
[224, 537, 54]
[326, 713, 208]
[221, 704, 173]
[328, 736, 217]
[222, 725, 182]
[308, 774, 104]
[226, 766, 55]
[306, 29, -321]
[318, 9, -318]
[324, 8, -318]
[331, 8, -318]
[297, 9, -319]
[289, 8, -319]
[281, 6, -319]
[342, 10, -239]
[269, 6, -238]
[317, 43, -287]
[291, 42, -286]
[395, 113, -176]
[210, 108, -162]
[409, 250, -124]
[181, 235, -108]
[417, 369, -166]
[165, 356, -162]
[429, 409, -185]
[152, 396, -177]
[416, 410, -205]
[168, 398, -204]
[406, 390, -175]
[179, 377, -173]
[351, 354, -11]
[245, 348, 11]
[338, 546, 46]
[225, 538, 54]
[329, 711, 221]
[222, 703, 182]
[330, 734, 233]
[223, 726, 191]
[311, 773, 117]
[227, 765, 66]
[306, 28, -304]
[318, 8, -301]
[324, 7, -301]
[331, 7, -301]
[297, 8, -302]
[289, 7, -302]
[281, 6, -302]
[342, 9, -224]
[269, 6, -224]
[317, 42, -271]
[291, 42, -271]
[395, 114, -164]
[209, 108, -156]
[409, 252, -116]
[181, 237, -106]
[416, 370, -156]
[167, 360, -158]
[427, 411, -174]
[154, 400, -173]
[413, 411, -195]
[172, 402, -200]
[404, 391, -165]
[182, 381, -169]
[351, 355, -10]
[245, 349, 10]
[338, 546, 49]
[226, 540, 52]
[331, 712, 220]
[224, 704, 175]
[332, 735, 231]
[225, 727, 184]
[313, 774, 118]
[230, 766, 59]
[306, 27, -278]
[318, 7, -274]
[324, 6, -274]
[331, 6, -274]
[297, 7, -275]
[288, 6, -275]
[281, 5, -275]
[342, 9, -204]
[269, 6, -204]
[317, 41, -247]
[291, 41, -247]
[395, 114, -159]
[209, 108, -145]
[409, 252, -105]
[180, 239, -100]
[415, 370, -139]
[169, 359, -145]
[425, 410, -158]
[157, 397, -161]
[410, 410, -177]
[175, 398, -187]
[401, 390, -148]
[185, 378, -156]
[351, 356, -9]
[245, 349, 10]
[339, 546, 47]
[227, 540, 42]
[332, 712, 203]
[226, 704, 154]
[333, 734, 212]
[226, 726, 163]
[315, 774, 102]
[232, 765, 38]
[305, 26, -262]
[318, 6, -259]
[324, 5, -259]
[331, 5, -259]
[296, 6, -260]
[288, 5, -260]
[280, 4, -260]
[342, 9, -190]
[269, 6, -189]
[317, 40, -232]
[291, 40, -232]
[395, 115, -145]
[208, 109, -139]
[409, 252, -93]
[180, 240, -90]
[414, 366, -126]
[170, 360, -136]
[422, 404, -143]
[159, 398, -151]
[410, 405, -162]
[178, 399, -176]
[401, 387, -134]
[187, 378, -147]
[351, 356, -9]
[244, 350, 9]
[339, 545, 46]
[227, 540, 41]
[332, 711, 198]
[227, 703, 152]
[334, 733, 208]
[227, 726, 161]
[315, 773, 99]
[233, 764, 38]
[305, 26, -264]
[318, 5, -260]
[324, 5, -260]
[331, 4, -260]
[296, 5, -261]
[288, 4, -261]
[280, 3, -261]
[342, 9, -194]
[269, 5, -191]
[317, 40, -233]
[291, 40, -233]
[395, 116, -146]
[208, 109, -137]
[408, 253, -94]
[180, 243, -90]
[412, 364, -130]
[171, 360, -140]
[420, 401, -147]
[161, 398, -156]
[409, 403, -166]
[179, 398, -181]
[401, 384, -139]
[187, 377, -151]
[351, 356, -9]
[244, 350, 9]
[341, 544, 46]
[228, 539, 42]
[335, 709, 202]
[227, 703, 154]
[337, 732, 212]
[228, 725, 161]
[318, 771, 103]
[234, 763, 40]
[305, 25, -268]
[318, 5, -264]
[324, 4, -264]
[331, 4, -264]
[296, 5, -265]
[288, 4, -265]
[280, 3, -265]
[342, 9, -195]
[269, 5, -192]
[317, 40, -236]
[291, 40, -236]
[396, 116, -145]
[207, 110, -137]
[408, 253, -92]
[180, 245, -86]
[411, 362, -123]
[173, 362, -132]
[417, 399, -138]
[165, 400, -147]
[407, 401, -156]
[182, 399, -170]
[399, 381, -131]
[190, 377, -142]
[351, 356, -8]
[244, 350, 9]
[342, 544, 46]
[229, 539, 44]
[339, 708, 208]
[229, 703, 159]
[340, 731, 220]
[229, 725, 166]
[322, 771, 114]
[235, 763, 42]
[305, 25, -279]
[318, 4, -277]
[324, 4, -277]
[331, 4, -277]
[296, 4, -277]
[288, 4, -277]
[280, 3, -277]
[342, 8, -204]
[268, 5, -202]
[317, 39, -247]
[291, 40, -247]
[396, 117, -148]
[207, 110, -138]
[408, 253, -93]
[180, 247, -87]
[410, 361, -127]
[175, 362, -133]
[414, 398, -143]
[168, 400, -147]
[405, 400, -161]
[183, 398, -170]
[397, 380, -135]
[191, 376, -143]
[351, 356, -8]
[243, 350, 8]
[343, 544, 50]
[230, 539, 48]
[341, 708, 223]
[229, 703, 176]
[342, 730, 236]
[230, 725, 185]
[324, 770, 131]
[235, 763, 66]
[305, 25, -287]
[318, 4, -284]
[324, 4, -284]
[332, 3, -285]
[296, 4, -285]
[287, 3, -285]
[280, 2, -285]
[343, 8, -210]
[268, 5, -209]
[317, 39, -254]
[291, 40, -254]
[396, 117, -152]
[206, 111, -141]
[408, 253, -93]
[179, 247, -87]
[409, 361, -129]
[175, 363, -134]
[413, 397, -144]
[169, 400, -149]
[404, 400, -163]
[184, 399, -172]
[396, 379, -137]
[191, 376, -144]
[350, 356, -8]
[243, 350, 8]
[343, 544, 53]
[230, 539, 50]
[341, 707, 229]
[229, 703, 182]
[342, 730, 242]
[230, 725, 193]
[326, 770, 137]
[235, 763, 74]
[305, 25, -286]
[318, 4, -284]
[325, 4, -284]
[332, 3, -284]
[296, 4, -284]
[287, 3, -284]
[280, 2, -284]
[343, 8, -209]
[268, 5, -207]
[317, 39, -254]
[291, 40, -253]
[396, 118, -151]
[206, 111, -140]
[408, 253, -93]
[179, 248, -87]
[409, 360, -126]
[176, 364, -134]
[413, 396, -141]
[169, 402, -148]
[404, 399, -159]
[184, 400, -171]
[396, 379, -133]
[192, 377, -144]
[350, 355, -8]
[243, 350, 8]
[344, 544, 52]
[230, 540, 50]
[342, 707, 226]
[230, 703, 182]
[343, 729, 238]
[230, 725, 193]
[327, 771, 133]
[236, 763, 73]
[305, 25, -289]
[318, 4, -287]
[325, 4, -287]
[332, 3, -287]
[296, 4, -287]
[287, 3, -287]
[280, 2, -287]
[343, 8, -211]
[268, 5, -211]
[317, 39, -256]
[291, 40, -256]
[396, 118, -152]
[205, 111, -143]
[407, 253, -95]
[179, 249, -90]
[409, 360, -129]
[176, 365, -135]
[414, 397, -145]
[169, 403, -150]
[405, 400, -164]
[184, 401, -173]
[397, 380, -138]
[192, 378, -145]
[350, 355, -8]
[243, 350, 8]
[345, 544, 52]
[231, 540, 50]
[343, 708, 226]
[230, 704, 183]
[344, 730, 239]
[231, 727, 193]
[328, 772, 133]
[237, 765, 73]
[305, 25, -291]
[318, 4, -288]
[325, 4, -288]
[332, 3, -288]
[296, 4, -289]
[287, 3, -289]
[280, 2, -289]
[343, 8, -210]
[268, 5, -211]
[317, 39, -257]
[291, 40, -257]
[396, 118, -151]
[205, 111, -143]
[407, 253, -95]
[179, 248, -92]
[409, 363, -130]
[176, 366, -142]
[414, 401, -148]
[169, 405, -158]
[405, 403, -168]
[184, 403, -183]
[397, 383, -139]
[192, 379, -153]
[350, 355, -7]
[243, 351, 8]
[346, 546, 52]
[231, 542, 49]
[343, 711, 224]
[231, 706, 177]
[344, 734, 236]
[231, 729, 187]
[328, 775, 123]
[237, 768, 60]
[305, 25, -291]
[318, 4, -288]
[325, 4, -288]
[332, 3, -288]
[296, 4, -289]
[287, 3, -289]
[280, 2, -290]
[343, 8, -211]
[268, 5, -212]
[317, 39, -258]
[291, 40, -258]
[396, 118, -153]
[205, 111, -147]
[408, 253, -99]
[178, 248, -98]
[410, 365, -139]
[176, 369, -151]
[417, 403, -158]
[166, 410, -167]
[406, 405, -179]
[182, 410, -195]
[398, 386, -148]
[191, 385, -163]
[351, 355, -7]
[243, 351, 8]
[347, 546, 52]
[232, 543, 49]
[345, 713, 218]
[233, 707, 173]
[346, 736, 228]
[233, 730, 182]
[328, 776, 114]
[240, 769, 54]
[305, 25, -319]
[318, 4, -316]
[325, 4, -316]
[332, 3, -316]
[296, 4, -318]
[287, 3, -318]
[280, 2, -318]
[343, 8, -234]
[268, 5, -238]
[317, 39, -284]
[291, 40, -285]
[396, 117, -167]
[205, 111, -167]
[408, 253, -112]
[178, 248, -115]
[412, 366, -158]
[174, 369, -167]
[419, 405, -178]
[161, 409, -185]
[407, 405, -200]
[178, 409, -212]
[400, 387, -168]
[188, 387, -179]
[351, 355, -7]
[243, 351, 7]
[347, 547, 58]
[232, 543, 51]
[344, 713, 229]
[233, 708, 179]
[345, 737, 240]
[233, 730, 189]
[328, 776, 129]
[240, 769, 61]
[305, 25, -332]
[318, 4, -329]
[324, 4, -329]
[331, 3, -329]
[296, 4, -330]
[287, 4, -330]
[280, 3, -330]
[342, 8, -248]
[268, 5, -250]
[316, 39, -296]
[291, 40, -297]
[396, 117, -178]
[205, 111, -176]
[408, 253, -122]
[178, 247, -121]
[414, 366, -168]
[171, 368, -171]
[422, 405, -187]
[158, 408, -188]
[410, 405, -209]
[174, 408, -213]
[403, 387, -178]
[185, 387, -182]
[351, 354, -6]
[243, 351, 6]
[346, 547, 59]
[231, 543, 53]
[343, 713, 231]
[233, 707, 183]
[344, 736, 244]
[233, 730, 192]
[327, 776, 137]
[240, 769, 70]
[305, 26, -317]
[318, 5, -314]
[324, 4, -314]
[331, 4, -314]
[296, 5, -315]
[287, 4, -315]
[280, 3, -315]
[342, 8, -237]
[268, 5, -238]
[316, 40, -283]
[290, 41, -283]
[396, 117, -172]
[205, 111, -168]
[408, 253, -117]
[178, 244, -115]
[415, 366, -163]
[169, 363, -155]
[424, 404, -185]
[155, 400, -168]
[413, 405, -205]
[171, 401, -193]
[406, 386, -172]
[181, 384, -165]
[351, 354, -4]
[244, 351, 4]
[346, 547, 63]
[231, 543, 52]
[342, 713, 233]
[232, 707, 179]
[342, 736, 245]
[233, 730, 189]
[327, 776, 142]
[240, 769, 69]
[305, 28, -295]
[318, 7, -296]
[324, 6, -296]
[331, 5, -296]
[296, 7, -296]
[287, 6, -296]
[280, 5, -296]
[342, 9, -234]
[268, 6, -231]
[316, 42, -266]
[290, 43, -264]
[396, 117, -169]
[205, 111, -149]
[408, 248, -96]
[178, 240, -70]
[419, 356, -105]
[166, 354, -73]
[430, 388, -113]
[152, 384, -78]
[422, 391, -133]
[168, 385, -99]
[413, 377, -112]
[178, 373, -81]
[351, 351, -5]
[244, 348, 5]
[347, 541, 61]
[239, 537, 60]
[348, 693, 256]
[243, 693, 209]
[348, 712, 272]
[243, 714, 222]
[336, 756, 184]
[250, 750, 122]
[305, 29, -330]
[318, 8, -329]
[324, 7, -329]
[331, 6, -329]
[296, 8, -330]
[288, 7, -330]
[280, 6, -330]
[342, 9, -254]
[268, 6, -258]
[316, 42, -296]
[291, 43, -297]
[396, 116, -181]
[205, 110, -166]
[408, 247, -108]
[178, 238, -80]
[424, 353, -128]
[163, 345, -88]
[437, 385, -124]
[148, 371, -95]
[431, 388, -156]
[164, 374, -116]
[422, 374, -137]
[172, 361, -96]
[351, 348, -5]
[244, 345, 5]
[347, 537, 61]
[238, 535, 62]
[348, 687, 258]
[242, 690, 214]
[350, 706, 275]
[242, 711, 226]
[337, 748, 186]
[249, 747, 123]
[305, 29, -228]
[318, 8, -226]
[324, 7, -226]
[331, 7, -226]
[296, 9, -227]
[288, 8, -227]
[281, 7, -227]
[342, 9, -159]
[268, 6, -163]
[316, 42, -199]
[291, 43, -200]
[395, 116, -108]
[206, 107, -107]
[409, 244, -57]
[178, 225, -42]
[426, 340, -109]
[163, 327, -58]
[440, 364, -123]
[149, 351, -69]
[435, 366, -148]
[164, 353, -91]
[426, 356, -120]
[172, 344, -68]
[351, 344, -1]
[244, 342, 1]
[346, 533, 76]
[238, 532, 61]
[348, 686, 243]
[241, 689, 176]
[349, 707, 255]
[242, 711, 185]
[336, 745, 171]
[249, 744, 87]
[305, 29, -142]
[318, 8, -138]
[324, 7, -138]
[331, 7, -138]
[296, 9, -138]
[288, 8, -137]
[281, 7, -138]
[342, 9, -76]
[269, 6, -72]
[316, 42, -117]
[292, 42, -115]
[394, 113, -44]
[208, 104, -34]
[409, 231, -21]
[178, 222, -19]
[431, 310, -99]
[163, 304, -90]
[446, 325, -118]
[149, 327, -101]
[443, 323, -141]
[164, 324, -125]
[435, 318, -110]
[172, 317, -100]
[350, 344, -1]
[244, 342, 1]
[346, 528, 48]
[237, 527, 36]
[343, 686, 165]
[239, 684, 114]
[344, 706, 174]
[238, 705, 119]
[328, 743, 90]
[248, 737, 20]
[305, 28, -175]
[318, 8, -170]
[324, 7, -170]
[331, 6, -170]
[296, 8, -169]
[288, 7, -169]
[281, 6, -169]
[342, 9, -95]
[269, 6, -89]
[316, 41, -145]
[292, 41, -143]
[393, 111, -51]
[209, 101, -36]
[409, 228, -54]
[177, 222, -33]
[438, 283, -206]
[162, 274, -238]
[455, 294, -240]
[148, 293, -271]
[457, 289, -266]
[158, 286, -294]
[449, 286, -221]
[167, 278, -252]
[348, 345, 0]
[243, 342, 0]
[348, 524, 55]
[241, 524, 40]
[343, 682, 191]
[240, 680, 134]
[345, 702, 200]
[238, 701, 140]
[328, 738, 106]
[252, 733, 31]
[305, 27, -207]
[318, 7, -202]
[324, 7, -202]
[331, 6, -202]
[296, 7, -201]
[288, 6, -201]
[281, 5, -201]
[342, 9, -120]
[269, 6, -116]
[316, 41, -174]
[291, 40, -173]
[392, 109, -62]
[211, 100, -47]
[415, 229, -63]
[174, 227, -109]
[458, 265, -213]
[163, 234, -335]
[475, 272, -245]
[153, 236, -370]
[478, 264, -269]
[157, 201, -385]
[468, 262, -227]
[166, 202, -346]
[348, 345, 0]
[243, 343, 0]
[351, 523, 30]
[242, 524, 66]
[346, 682, 152]
[242, 680, 186]
[348, 702, 158]
[239, 700, 194]
[330, 737, 51]
[257, 735, 77]
[305, 26, -223]
[318, 7, -205]
[324, 6, -205]
[331, 6, -205]
[296, 6, -205]
[288, 5, -205]
[281, 4, -205]
[342, 9, -142]
[269, 6, -139]
[316, 40, -177]
[291, 39, -178]
[391, 108, -81]
[212, 98, -61]
[421, 232, -91]
[173, 231, -122]
[454, 245, -270]
[163, 221, -348]
[468, 246, -306]
[153, 219, -384]
[473, 234, -325]
[157, 203, -400]
[477, 229, -282]
[165, 204, -359]
[348, 345, 0]
[243, 343, 1]
[354, 517, 24]
[244, 521, 75]
[350, 676, 161]
[246, 675, 213]
[353, 697, 169]
[243, 695, 224]
[335, 732, 57]
[263, 729, 102]
[305, 25, -219]
[318, 7, -210]
[324, 6, -210]
[331, 6, -210]
[297, 6, -209]
[289, 5, -209]
[281, 4, -209]
[342, 9, -127]
[269, 5, -122]
[316, 40, -183]
[291, 38, -182]
[390, 105, -64]
[213, 96, -43]
[422, 234, -89]
[169, 229, -109]
[452, 228, -269]
[166, 214, -326]
[466, 227, -306]
[157, 211, -360]
[469, 213, -321]
[159, 195, -373]
[481, 208, -280]
[165, 196, -336]
[347, 343, -2]
[243, 341, 3]
[355, 511, 18]
[246, 516, 72]
[351, 672, 157]
[249, 671, 207]
[354, 692, 165]
[246, 691, 217]
[336, 726, 52]
[266, 724, 96]
[306, 25, -197]
[318, 7, -190]
[325, 6, -190]
[331, 6, -190]
[299, 6, -190]
[291, 5, -190]
[283, 3, -190]
[341, 9, -109]
[270, 5, -107]
[316, 40, -164]
[292, 38, -163]
[388, 103, -48]
[213, 96, -28]
[424, 236, -92]
[168, 240, -103]
[461, 201, -280]
[174, 199, -308]
[476, 195, -313]
[175, 195, -337]
[484, 179, -319]
[173, 177, -341]
[478, 181, -287]
[177, 178, -313]
[347, 344, -4]
[243, 341, 4]
[359, 515, 9]
[250, 517, 71]
[356, 674, 135]
[254, 673, 197]
[359, 695, 142]
[250, 694, 207]
[340, 730, 41]
[271, 727, 91]
[307, 26, -160]
[319, 7, -155]
[325, 7, -155]
[331, 7, -155]
[299, 6, -154]
[292, 5, -154]
[285, 3, -154]
[341, 10, -85]
[271, 5, -81]
[317, 40, -131]
[293, 38, -131]
[387, 102, -34]
[217, 94, -19]
[427, 233, -91]
[161, 217, -98]
[460, 189, -242]
[174, 184, -274]
[473, 182, -268]
[181, 190, -322]
[498, 161, -286]
[181, 166, -274]
[486, 166, -248]
[182, 167, -293]
[347, 347, -3]
[243, 343, 3]
[358, 516, 9]
[251, 518, 68]
[357, 675, 111]
[256, 674, 177]
[360, 695, 116]
[252, 694, 186]
[344, 731, 22]
[273, 727, 89]
[307, 25, -152]
[319, 7, -146]
[325, 6, -146]
[332, 6, -146]
[300, 5, -145]
[292, 4, -145]
[285, 3, -146]
[342, 10, -80]
[271, 4, -76]
[317, 40, -125]
[293, 38, -124]
[386, 102, -33]
[218, 94, -17]
[426, 240, -90]
[161, 231, -97]
[454, 184, -233]
[176, 173, -274]
[468, 173, -256]
[181, 164, -299]
[481, 156, -266]
[179, 147, -285]
[463, 162, -237]
[182, 151, -279]
[347, 347, -1]
[243, 343, 2]
[358, 516, 9]
[252, 518, 67]
[357, 672, 108]
[257, 672, 170]
[359, 691, 114]
[254, 692, 178]
[345, 728, 23]
[274, 725, 87]
[308, 25, -160]
[320, 6, -154]
[326, 6, -154]
[332, 6, -154]
[300, 5, -153]
[293, 4, -153]
[285, 2, -153]
[342, 10, -86]
[271, 4, -80]
[317, 40, -133]
[294, 38, -131]
[385, 101, -42]
[218, 93, -18]
[426, 242, -103]
[162, 241, -98]
[435, 183, -255]
[178, 163, -277]
[442, 172, -277]
[185, 160, -298]
[454, 152, -271]
[178, 133, -290]
[437, 160, -254]
[182, 138, -279]
[347, 347, -3]
[243, 343, 3]
[358, 516, 1]
[254, 519, 69]
[359, 672, 106]
[260, 673, 170]
[361, 690, 112]
[256, 693, 179]
[346, 728, 20]
[274, 725, 90]
[309, 25, -164]
[320, 6, -158]
[327, 6, -158]
[333, 6, -158]
[301, 4, -157]
[294, 3, -157]
[286, 1, -157]
[343, 10, -88]
[272, 3, -85]
[317, 40, -136]
[295, 38, -135]
[385, 101, -41]
[219, 93, -22]
[425, 244, -98]
[164, 243, -97]
[435, 178, -242]
[176, 162, -269]
[445, 168, -265]
[179, 147, -289]
[452, 146, -264]
[171, 127, -289]
[440, 153, -244]
[175, 133, -272]
[347, 347, -3]
[243, 343, 3]
[358, 515, 5]
[256, 519, 69]
[359, 670, 114]
[262, 672, 174]
[362, 689, 121]
[258, 693, 184]
[349, 726, 30]
[276, 721, 95]
[309, 24, -170]
[321, 5, -159]
[327, 6, -159]
[334, 6, -159]
[302, 3, -161]
[294, 2, -161]
[287, 0, -161]
[344, 10, -95]
[272, 2, -95]
[318, 40, -142]
[295, 38, -136]
[384, 101, -45]
[219, 93, -31]
[425, 246, -128]
[165, 248, -117]
[436, 176, -292]
[176, 159, -308]
[446, 161, -317]
[178, 144, -331]
[452, 143, -307]
[169, 124, -327]
[442, 149, -290]
[173, 130, -310]
[347, 347, -5]
[243, 344, 5]
[358, 516, 6]
[257, 519, 82]
[361, 671, 123]
[262, 673, 212]
[363, 690, 131]
[259, 693, 224]
[350, 727, 36]
[277, 723, 127]
[310, 24, -181]
[321, 5, -171]
[328, 5, -171]
[335, 5, -171]
[302, 3, -168]
[295, 1, -168]
[287, 0, -169]
[345, 10, -101]
[272, 2, -99]
[318, 39, -153]
[296, 37, -146]
[385, 101, -51]
[219, 93, -35]
[425, 249, -136]
[167, 249, -122]
[436, 176, -303]
[175, 162, -316]
[447, 160, -328]
[177, 151, -339]
[452, 143, -319]
[168, 127, -335]
[443, 149, -302]
[172, 132, -318]
[347, 347, -6]
[243, 344, 6]
[358, 516, 9]
[257, 519, 84]
[361, 672, 128]
[262, 673, 217]
[363, 690, 135]
[258, 693, 229]
[350, 728, 41]
[277, 723, 129]
[310, 24, -183]
[322, 5, -175]
[329, 5, -175]
[336, 5, -175]
[303, 3, -173]
[295, 1, -173]
[287, 0, -174]
[346, 10, -104]
[273, 2, -99]
[318, 40, -155]
[296, 37, -151]
[385, 101, -54]
[219, 93, -34]
[425, 249, -122]
[169, 250, -121]
[436, 178, -277]
[174, 163, -296]
[447, 163, -301]
[172, 145, -320]
[452, 145, -297]
[165, 125, -328]
[443, 151, -278]
[170, 132, -300]
[347, 347, -6]
[243, 344, 6]
[358, 516, 9]
[257, 519, 81]
[361, 672, 129]
[262, 673, 207]
[363, 691, 136]
[258, 694, 218]
[350, 728, 42]
[276, 723, 124]
[310, 24, -162]
[322, 5, -155]
[329, 5, -155]
[336, 5, -155]
[303, 3, -154]
[295, 1, -154]
[287, 0, -154]
[346, 10, -87]
[273, 2, -83]
[319, 40, -135]
[296, 37, -134]
[385, 102, -44]
[219, 93, -22]
[425, 249, -108]
[171, 249, -104]
[432, 182, -259]
[175, 168, -293]
[441, 170, -278]
[172, 159, -315]
[449, 150, -268]
[165, 133, -311]
[438, 156, -256]
[170, 141, -299]
[347, 347, -4]
[243, 344, 5]
[358, 517, 6]
[256, 519, 62]
[360, 672, 118]
[261, 673, 164]
[363, 691, 125]
[257, 694, 172]
[349, 729, 33]
[276, 723, 75]
[310, 24, -163]
[322, 5, -156]
[329, 5, -156]
[336, 5, -156]
[303, 3, -155]
[295, 1, -155]
[287, 0, -156]
[346, 10, -86]
[273, 2, -85]
[319, 40, -135]
[296, 37, -134]
[385, 102, -38]
[219, 93, -24]
[425, 250, -93]
[173, 249, -99]
[433, 184, -259]
[182, 172, -290]
[443, 171, -278]
[180, 164, -313]
[450, 154, -268]
[171, 141, -307]
[439, 160, -256]
[176, 147, -299]
[347, 347, -1]
[243, 344, 2]
[358, 517, 6]
[255, 520, 58]
[360, 673, 110]
[259, 674, 157]
[362, 692, 116]
[255, 694, 165]
[348, 729, 22]
[275, 726, 64]
[310, 24, -163]
[322, 5, -157]
[328, 5, -157]
[335, 6, -157]
[302, 3, -156]
[294, 1, -156]
[287, 0, -156]
[346, 10, -87]
[273, 2, -82]
[318, 40, -134]
[295, 37, -133]
[385, 102, -37]
[219, 93, -21]
[423, 246, -93]
[173, 236, -101]
[444, 185, -257]
[181, 175, -293]
[460, 175, -278]
[179, 168, -317]
[461, 159, -275]
[171, 145, -315]
[450, 164, -257]
[177, 148, -298]
[347, 348, -1]
[243, 344, 1]
[358, 517, 6]
[253, 520, 57]
[358, 674, 109]
[255, 674, 161]
[360, 693, 115]
[251, 694, 170]
[344, 730, 15]
[272, 726, 65]
[309, 24, -172]
[321, 5, -166]
[328, 5, -166]
[335, 6, -166]
[302, 3, -165]
[294, 1, -165]
[287, 0, -165]
[345, 10, -89]
[273, 2, -83]
[318, 40, -141]
[295, 37, -140]
[385, 102, -41]
[219, 94, -24]
[423, 243, -94]
[174, 237, -94]
[449, 188, -270]
[182, 192, -289]
[464, 182, -299]
[179, 190, -315]
[467, 165, -303]
[175, 171, -317]
[458, 169, -275]
[180, 171, -294]
[348, 348, -1]
[243, 345, 2]
[359, 517, 6]
[251, 520, 57]
[358, 675, 111]
[253, 674, 164]
[360, 694, 118]
[249, 694, 172]
[342, 731, 22]
[271, 728, 71]
[308, 24, -207]
[321, 5, -199]
[327, 5, -199]
[334, 5, -199]
[301, 3, -198]
[293, 1, -198]
[286, 0, -199]
[344, 9, -116]
[273, 2, -110]
[318, 39, -174]
[294, 37, -172]
[386, 102, -54]
[219, 94, -35]
[424, 236, -90]
[176, 235, -102]
[500, 199, -266]
[180, 205, -317]
[524, 194, -295]
[169, 204, -348]
[523, 183, -306]
[168, 185, -360]
[513, 182, -273]
[177, 186, -327]
[348, 347, -2]
[243, 343, 3]
[359, 516, 8]
[249, 518, 58]
[357, 675, 139]
[252, 673, 185]
[360, 694, 146]
[248, 693, 194]
[340, 731, 33]
[269, 728, 71]
[308, 24, -244]
[320, 5, -236]
[327, 4, -236]
[333, 4, -236]
[301, 3, -236]
[293, 1, -236]
[286, 0, -236]
[343, 8, -147]
[272, 2, -145]
[318, 38, -209]
[294, 37, -208]
[387, 102, -85]
[218, 94, -62]
[421, 236, -102]
[176, 235, -124]
[465, 230, -282]
[180, 215, -346]
[494, 231, -318]
[168, 213, -381]
[495, 220, -337]
[168, 196, -396]
[481, 218, -294]
[177, 197, -357]
[348, 347, -3]
[243, 343, 3]
[360, 513, 16]
[250, 518, 78]
[358, 673, 158]
[254, 673, 223]
[361, 694, 166]
[251, 693, 234]
[344, 728, 52]
[271, 727, 112]
[308, 24, -220]
[320, 5, -213]
[326, 4, -213]
[333, 4, -213]
[300, 3, -212]
[293, 2, -212]
[285, 0, -212]
[343, 8, -142]
[272, 2, -130]
[318, 39, -189]
[294, 37, -187]
[388, 102, -77]
[218, 95, -54]
[421, 236, -86]
[175, 235, -123]
[464, 250, -262]
[177, 221, -352]
[490, 259, -307]
[163, 212, -389]
[491, 252, -317]
[168, 202, -404]
[478, 249, -285]
[172, 193, -363]
[348, 347, -2]
[243, 343, 3]
[360, 513, 19]
[250, 518, 74]
[358, 674, 149]
[253, 673, 204]
[361, 695, 157]
[250, 693, 211]
[344, 728, 50]
[270, 728, 84]
[308, 25, -212]
[320, 5, -205]
[326, 5, -205]
[333, 5, -205]
[300, 4, -205]
[292, 3, -205]
[285, 2, -205]
[343, 8, -137]
[272, 3, -124]
[318, 39, -183]
[293, 38, -184]
[391, 104, -71]
[217, 96, -50]
[420, 236, -77]
[175, 235, -101]
[459, 273, -243]
[167, 250, -310]
[486, 282, -284]
[155, 264, -359]
[485, 274, -310]
[162, 253, -370]
[471, 272, -264]
[170, 243, -333]
[348, 347, -1]
[243, 343, 2]
[358, 517, 32]
[248, 520, 50]
[353, 678, 161]
[250, 677, 146]
[355, 699, 169]
[248, 696, 151]
[336, 733, 64]
[265, 733, 30]
[307, 25, -209]
[320, 5, -202]
[326, 5, -202]
[333, 5, -202]
[300, 5, -201]
[292, 4, -201]
[284, 3, -202]
[343, 8, -132]
[272, 3, -121]
[318, 39, -181]
[293, 38, -181]
[391, 105, -69]
[217, 97, -54]
[416, 233, -67]
[176, 230, -92]
[451, 296, -206]
[164, 283, -270]
[472, 308, -240]
[150, 301, -308]
[469, 303, -268]
[157, 295, -334]
[459, 299, -222]
[166, 290, -287]
[348, 347, 0]
[244, 343, 1]
[358, 518, 66]
[248, 521, 53]
[353, 680, 217]
[250, 678, 159]
[355, 701, 228]
[248, 699, 167]
[336, 735, 130]
[265, 733, 52]
[307, 26, -181]
[320, 6, -175]
[326, 6, -175]
[333, 5, -175]
[300, 6, -175]
[292, 5, -175]
[284, 4, -175]
[343, 8, -107]
[272, 4, -103]
[318, 40, -153]
[294, 39, -152]
[391, 106, -65]
[217, 98, -53]
[414, 233, -34]
[181, 222, -21]
[441, 317, -114]
[165, 300, -99]
[459, 337, -134]
[152, 323, -118]
[451, 338, -160]
[158, 322, -143]
[442, 331, -126]
[166, 315, -111]
[349, 342, 0]
[245, 340, 1]
[357, 518, 51]
[249, 521, 44]
[353, 678, 193]
[251, 678, 142]
[355, 699, 204]
[250, 700, 149]
[336, 735, 114]
[265, 733, 46]
[307, 26, -183]
[320, 6, -178]
[326, 6, -178]
[333, 5, -178]
[300, 6, -178]
[292, 5, -178]
[284, 4, -178]
[343, 8, -110]
[272, 4, -112]
[318, 40, -155]
[294, 39, -155]
[392, 107, -73]
[216, 100, -66]
[414, 239, -36]
[181, 223, -36]
[434, 344, -83]
[164, 332, -85]
[451, 378, -97]
[151, 359, -98]
[444, 378, -118]
[159, 362, -120]
[434, 363, -93]
[167, 351, -95]
[351, 345, -1]
[246, 344, 1]
[354, 528, 26]
[248, 527, 24]
[352, 685, 167]
[250, 686, 109]
[355, 705, 180]
[250, 708, 115]
[335, 744, 92]
[257, 742, 21]
[308, 26, -301]
[320, 7, -298]
[326, 6, -298]
[333, 5, -298]
[300, 7, -298]
[292, 6, -298]
[284, 4, -298]
[343, 8, -224]
[272, 4, -223]
[318, 40, -268]
[294, 39, -268]
[393, 109, -163]
[214, 103, -145]
[413, 241, -97]
[182, 225, -75]
[433, 355, -135]
[164, 343, -127]
[447, 392, -149]
[151, 370, -139]
[438, 393, -170]
[159, 372, -162]
[429, 378, -144]
[167, 360, -137]
[353, 345, -7]
[247, 343, 7]
[354, 531, 28]
[248, 532, 43]
[357, 685, 223]
[252, 689, 184]
[360, 705, 240]
[254, 710, 196]
[342, 745, 156]
[258, 744, 99]
[308, 26, -265]
[320, 6, -263]
[326, 6, -263]
[333, 5, -263]
[300, 7, -263]
[292, 6, -263]
[284, 4, -263]
[344, 8, -196]
[272, 4, -192]
[318, 40, -236]
[294, 39, -235]
[395, 110, -147]
[214, 104, -129]
[413, 247, -102]
[182, 230, -76]
[429, 367, -134]
[165, 354, -125]
[441, 408, -149]
[151, 386, -136]
[429, 408, -167]
[160, 389, -163]
[419, 390, -142]
[169, 375, -137]
[353, 349, -11]
[247, 345, 11]
[352, 539, 23]
[247, 538, 43]
[352, 701, 174]
[248, 699, 140]
[354, 722, 185]
[249, 721, 147]
[334, 764, 97]
[251, 756, 42]
[308, 26, -294]
[320, 6, -293]
[327, 6, -293]
[334, 5, -293]
[300, 7, -293]
[292, 6, -293]
[284, 4, -293]
[344, 8, -223]
[272, 4, -220]
[318, 40, -263]
[294, 40, -262]
[396, 110, -170]
[213, 104, -152]
[413, 249, -123]
[182, 236, -100]
[426, 372, -154]
[165, 364, -150]
[437, 412, -172]
[151, 406, -162]
[423, 413, -190]
[161, 408, -189]
[414, 394, -162]
[172, 387, -161]
[353, 353, -12]
[247, 347, 13]
[349, 544, 24]
[240, 541, 44]
[343, 711, 174]
[239, 706, 142]
[345, 732, 184]
[240, 728, 149]
[324, 774, 89]
[241, 766, 37]
[308, 27, -309]
[320, 7, -308]
[327, 6, -308]
[334, 5, -308]
[300, 7, -307]
[292, 6, -307]
[284, 5, -308]
[344, 8, -235]
[272, 4, -230]
[318, 41, -278]
[294, 41, -276]
[397, 111, -180]
[212, 105, -159]
[412, 253, -134]
[182, 241, -105]
[424, 376, -162]
[166, 368, -156]
[434, 418, -182]
[151, 410, -168]
[421, 420, -201]
[165, 412, -197]
[411, 399, -171]
[178, 389, -168]
[353, 356, -14]
[247, 348, 14]
[348, 549, 23]
[238, 545, 45]
[342, 719, 175]
[236, 713, 147]
[343, 741, 185]
[236, 736, 154]
[322, 783, 86]
[239, 775, 37]
[308, 27, -301]
[320, 7, -300]
[327, 6, -299]
[334, 5, -300]
[299, 7, -299]
[292, 6, -299]
[284, 5, -299]
[344, 8, -229]
[272, 4, -223]
[318, 42, -270]
[294, 42, -268]
[397, 112, -175]
[211, 106, -154]
[412, 256, -130]
[182, 244, -103]
[422, 376, -164]
[167, 371, -153]
[434, 418, -182]
[151, 413, -165]
[420, 419, -201]
[168, 415, -194]
[410, 399, -172]
[182, 393, -165]
[353, 357, -14]
[247, 350, 14]
[349, 549, 24]
[239, 547, 45]
[343, 719, 176]
[237, 716, 149]
[345, 741, 186]
[238, 739, 156]
[324, 785, 86]
[242, 777, 38]
[308, 27, -324]
[320, 7, -321]
[327, 6, -321]
[334, 5, -321]
[299, 7, -322]
[292, 6, -322]
[284, 5, -322]
[344, 8, -242]
[272, 4, -240]
[318, 42, -290]
[294, 42, -290]
[398, 114, -182]
[210, 107, -166]
[412, 257, -134]
[182, 248, -111]
[422, 378, -171]
[168, 372, -163]
[433, 420, -188]
[151, 415, -178]
[419, 422, -209]
[168, 419, -205]
[409, 401, -180]
[182, 394, -175]
[353, 357, -13]
[247, 350, 14]
[348, 552, 31]
[239, 549, 49]
[343, 721, 195]
[237, 718, 165]
[345, 743, 206]
[238, 741, 174]
[324, 785, 97]
[241, 779, 46]
