[292, 65, -235]
[299, 50, -255]
[305, 49, -255]
[311, 49, -256]
[285, 53, -226]
[282, 54, -226]
[279, 55, -226]
[334, 63, -262]
[285, 65, -127]
[317, 81, -229]
[296, 79, -191]
[422, 155, -244]
[274, 158, -10]
[423, 283, -263]
[268, 277, 21]
[373, 346, -287]
[283, 260, -75]
[358, 352, -309]
[289, 258, -82]
[361, 333, -306]
[281, 240, -94]
[360, 329, -284]
[283, 243, -82]
[385, 399, -71]
[284, 384, 71]
[367, 556, -41]
[248, 556, 119]
[350, 731, 126]
[260, 740, 272]
[358, 767, 138]
[274, 765, 279]
[312, 789, 29]
[227, 796, 168]
[274, 53, -188]
[281, 32, -209]
[286, 32, -209]
[291, 31, -209]
[273, 33, -178]
[273, 33, -178]
[272, 32, -178]
[318, 35, -228]
[291, 34, -90]
[297, 69, -189]
[284, 66, -149]
[419, 149, -219]
[285, 138, 0]
[421, 282, -275]
[281, 244, 3]
[368, 181, -249]
[280, 252, -89]
[348, 147, -265]
[283, 255, -98]
[361, 127, -248]
[279, 244, -106]
[363, 140, -241]
[282, 244, -97]
[385, 408, -71]
[289, 386, 72]
[362, 545, -59]
[240, 502, 77]
[342, 718, 89]
[251, 701, 194]
[352, 752, 99]
[266, 730, 202]
[295, 751, -3]
[206, 755, 126]
[277, 50, -242]
[286, 26, -260]
[292, 26, -260]
[298, 25, -260]
[275, 27, -232]
[273, 26, -232]
[272, 25, -233]
[322, 29, -255]
[292, 28, -125]
[300, 66, -234]
[285, 63, -197]
[421, 146, -240]
[283, 134, -25]
[422, 291, -276]
[277, 223, 31]
[373, 337, -267]
[293, 118, 16]
[357, 358, -283]
[301, 89, 11]
[363, 340, -284]
[292, 81, 15]
[364, 331, -266]
[294, 94, 14]
[393, 412, -66]
[287, 397, 66]
[364, 604, 8]
[251, 582, 149]
[350, 790, 200]
[253, 774, 311]
[356, 821, 213]
[265, 800, 323]
[317, 837, 89]
[229, 835, 189]
[268, 41, -218]
[279, 20, -239]
[285, 19, -239]
[291, 18, -240]
[269, 21, -208]
[269, 21, -208]
[268, 20, -208]
[320, 24, -256]
[291, 23, -111]
[290, 56, -218]
[279, 56, -176]
[422, 144, -251]
[281, 132, 6]
[422, 289, -277]
[272, 243, 124]
[375, 378, -315]
[179, 165, 75]
[362, 413, -343]
[147, 229, 75]
[360, 396, -346]
[150, 212, 41]
[362, 380, -315]
[160, 168, 58]
[392, 409, -75]
[288, 395, 76]
[364, 606, -27]
[255, 591, 144]
[355, 794, 147]
[253, 781, 279]
[360, 826, 158]
[265, 808, 291]
[322, 839, 43]
[231, 836, 169]
[275, 39, -183]
[285, 21, -200]
[291, 20, -200]
[297, 18, -200]
[274, 22, -171]
[272, 22, -171]
[270, 21, -171]
[324, 26, -208]
[295, 24, -76]
[296, 55, -180]
[283, 55, -142]
[422, 142, -207]
[285, 131, 37]
[425, 286, -254]
[269, 239, 120]
[377, 369, -276]
[163, 251, 38]
[363, 410, -306]
[133, 282, 32]
[355, 392, -311]
[135, 270, -4]
[356, 370, -277]
[143, 251, 19]
[389, 399, -71]
[295, 389, 71]
[366, 579, -96]
[262, 565, 74]
[358, 766, 29]
[264, 761, 141]
[360, 796, 36]
[275, 791, 143]
[326, 803, -66]
[235, 807, 48]
[278, 45, -169]
[288, 26, -192]
[294, 25, -192]
[300, 23, -192]
[277, 27, -161]
[275, 26, -161]
[272, 25, -161]
[326, 28, -214]
[298, 26, -73]
[300, 61, -170]
[285, 61, -130]
[423, 142, -212]
[292, 127, 36]
[428, 285, -240]
[263, 236, 130]
[370, 368, -284]
[149, 273, 52]
[359, 414, -315]
[124, 283, 46]
[347, 395, -322]
[125, 273, 9]
[342, 368, -286]
[134, 270, 33]
[387, 384, -71]
[306, 366, 71]
[368, 581, -66]
[277, 571, 83]
[364, 770, 67]
[274, 766, 176]
[374, 798, 75]
[283, 795, 180]
[328, 808, -27]
[237, 811, 78]
[281, 46, -123]
[292, 27, -142]
[298, 26, -142]
[304, 25, -142]
[278, 28, -114]
[276, 28, -114]
[276, 27, -114]
[329, 30, -160]
[303, 27, -30]
[302, 60, -123]
[290, 60, -86]
[423, 140, -163]
[294, 126, 62]
[433, 284, -189]
[261, 233, 139]
[370, 363, -253]
[146, 267, 54]
[357, 406, -276]
[120, 266, 45]
[339, 386, -281]
[121, 252, 11]
[339, 363, -253]
[130, 254, 36]
[386, 374, -67]
[305, 370, 67]
[370, 581, -81]
[282, 572, 76]
[365, 771, 23]
[278, 767, 125]
[377, 799, 29]
[286, 795, 125]
[329, 811, -74]
[240, 813, 22]
[283, 49, -74]
[293, 29, -94]
[299, 28, -94]
[305, 27, -94]
[278, 30, -64]
[279, 29, -64]
[280, 28, -64]
[330, 30, -131]
[311, 28, 5]
[304, 62, -82]
[292, 61, -43]
[423, 140, -157]
[304, 126, 87]
[433, 288, -198]
[260, 226, 140]
[330, 361, -248]
[140, 251, 61]
[295, 405, -274]
[115, 249, 55]
[285, 383, -271]
[114, 237, 24]
[295, 362, -246]
[123, 239, 44]
[393, 390, -69]
[309, 376, 69]
[369, 581, -76]
[279, 565, 56]
[361, 765, 23]
[279, 762, 112]
[372, 793, 28]
[288, 790, 113]
[326, 803, -63]
[242, 809, 24]
[284, 77, -134]
[293, 58, -153]
[300, 54, -153]
[307, 53, -153]
[284, 57, -125]
[285, 56, -125]
[287, 54, -125]
[331, 52, -176]
[313, 49, -49]
[305, 85, -137]
[298, 85, -100]
[426, 143, -175]
[302, 127, 36]
[434, 293, -200]
[256, 226, 105]
[326, 351, -275]
[145, 239, 30]
[295, 365, -303]
[117, 230, 23]
[288, 349, -298]
[117, 220, -4]
[296, 344, -272]
[126, 224, 15]
[391, 369, -65]
[314, 340, 65]
[363, 539, -82]
[277, 511, 43]
[339, 716, 16]
[268, 703, 99]
[346, 743, 22]
[275, 731, 100]
[310, 751, -62]
[229, 749, 15]
[290, 57, -89]
[299, 45, -102]
[305, 43, -103]
[310, 43, -103]
[292, 45, -78]
[292, 45, -78]
[292, 45, -78]
[331, 50, -110]
[314, 49, 3]
[307, 69, -86]
[300, 70, -53]
[422, 142, -131]
[299, 130, 103]
[435, 282, -192]
[250, 229, 160]
[338, 337, -271]
[141, 223, 77]
[313, 363, -299]
[128, 213, 73]
[306, 340, -291]
[114, 201, 48]
[311, 333, -267]
[125, 205, 63]
[387, 378, -75]
[311, 352, 75]
[354, 524, -99]
[268, 493, 47]
[339, 696, 11]
[271, 687, 123]
[349, 723, 19]
[283, 714, 128]
[307, 733, -56]
[229, 737, 41]
[317, 112, -13]
[325, 96, -14]
[331, 95, -14]
[336, 94, -14]
[314, 98, -4]
[310, 98, -4]
[307, 99, -4]
[351, 98, 8]
[315, 102, 53]
[332, 123, -1]
[317, 125, 11]
[409, 148, -13]
[311, 152, 110]
[419, 267, -59]
[263, 231, 69]
[343, 302, -102]
[266, 209, -60]
[318, 319, -114]
[270, 207, -64]
[312, 300, -101]
[268, 192, -60]
[315, 296, -95]
[272, 195, -61]
[387, 353, -44]
[323, 349, 44]
[363, 431, -55]
[303, 432, 58]
[357, 559, 43]
[313, 579, 105]
[364, 578, 50]
[325, 600, 108]
[345, 598, 3]
[280, 620, 48]
[350, 190, 5]
[354, 178, 15]
[359, 177, 15]
[363, 176, 15]
[342, 180, 17]
[337, 181, 17]
[332, 181, 16]
[370, 180, 64]
[327, 187, 70]
[360, 198, 26]
[343, 201, 27]
[410, 212, 41]
[309, 222, 85]
[418, 256, -6]
[262, 232, 54]
[346, 211, -30]
[255, 188, -5]
[324, 204, -43]
[256, 179, -23]
[315, 194, -31]
[252, 168, -6]
[319, 200, -25]
[255, 175, 0]
[387, 401, -19]
[328, 408, 19]
[389, 417, 105]
[332, 442, 146]
[363, 499, 276]
[350, 511, 272]
[364, 515, 294]
[358, 525, 287]
[350, 529, 276]
[329, 533, 262]
[383, 180, 20]
[386, 168, 31]
[389, 168, 32]
[392, 168, 32]
[375, 167, 26]
[371, 166, 26]
[366, 166, 26]
[389, 171, 82]
[353, 167, 56]
[385, 191, 41]
[371, 190, 33]
[409, 220, 68]
[312, 207, 61]
[420, 259, 20]
[261, 216, 1]
[400, 245, -38]
[290, 180, -50]
[400, 250, -52]
[295, 172, -60]
[395, 238, -50]
[293, 162, -56]
[394, 237, -39]
[293, 168, -49]
[382, 396, -8]
[331, 398, 8]
[394, 283, -4]
[350, 292, 6]
[380, 245, 27]
[362, 240, 24]
[374, 249, 31]
[358, 243, 28]
[378, 218, 5]
[367, 198, 10]
[383, 171, 40]
[389, 159, 53]
[393, 159, 53]
[397, 159, 53]
[376, 158, 49]
[371, 158, 49]
[366, 157, 49]
[399, 163, 117]
[354, 159, 100]
[388, 183, 65]
[372, 182, 60]
[430, 212, 99]
[308, 195, 99]
[449, 263, 10]
[261, 202, 6]
[438, 261, -94]
[264, 146, -91]
[438, 277, -113]
[261, 136, -108]
[431, 263, -110]
[263, 129, -106]
[426, 259, -94]
[268, 137, -93]
[397, 398, -8]
[327, 394, 8]
[412, 400, -87]
[348, 397, -117]
[390, 476, -61]
[338, 483, -112]
[386, 492, -59]
[340, 497, -111]
[382, 494, -109]
[332, 502, -165]
[336, 110, -97]
[347, 89, -85]
[347, 89, -86]
[349, 90, -86]
[369, 147, -88]
[370, 151, -88]
[359, 155, -88]
[394, 159, 70]
[332, 141, -21]
[344, 124, -67]
[330, 126, -70]
[426, 203, -1]
[290, 187, 22]
[479, 262, -45]
[236, 202, -40]
[460, 257, -191]
[215, 161, -183]
[454, 272, -217]
[207, 147, -208]
[443, 252, -218]
[211, 136, -211]
[442, 250, -195]
[217, 144, -189]
[397, 395, -16]
[317, 392, 16]
[393, 491, -59]
[344, 410, -75]
[378, 631, 14]
[299, 590, -30]
[375, 651, 19]
[299, 615, -27]
[375, 667, -49]
[277, 619, -99]
[329, 88, -88]
[329, 63, -79]
[329, 63, -79]
[331, 65, -79]
[328, 72, -81]
[331, 73, -81]
[322, 76, -81]
[343, 83, 14]
[321, 134, -22]
[328, 92, -60]
[317, 102, -64]
[409, 197, 59]
[272, 184, -14]
[474, 271, -11]
[225, 208, -123]
[459, 253, -189]
[186, 130, -272]
[445, 244, -195]
[177, 114, -302]
[442, 234, -203]
[179, 106, -302]
[440, 236, -181]
[179, 113, -278]
[387, 405, 26]
[295, 405, -26]
[393, 584, 8]
[328, 583, -37]
[383, 753, 72]
[299, 764, 1]
[380, 775, 71]
[298, 788, 1]
[391, 800, -21]
[324, 805, -107]
[322, 88, -77]
[315, 65, -63]
[319, 65, -63]
[321, 65, -63]
[312, 68, -66]
[310, 68, -66]
[307, 70, -66]
[329, 74, 5]
[296, 108, -1]
[328, 100, -50]
[313, 105, -55]
[388, 186, 35]
[256, 183, 10]
[468, 264, -38]
[216, 210, -87]
[467, 237, -176]
[178, 125, -254]
[462, 239, -194]
[156, 102, -284]
[459, 230, -194]
[161, 92, -283]
[453, 231, -176]
[169, 101, -260]
[375, 403, 7]
[281, 400, -7]
[381, 558, -7]
[312, 562, -26]
[381, 723, 57]
[296, 732, 3]
[380, 744, 57]
[292, 754, 2]
[380, 769, -38]
[316, 777, -99]
[314, 93, -87]
[309, 72, -74]
[312, 72, -75]
[315, 72, -75]
[301, 74, -73]
[299, 76, -73]
[295, 75, -73]
[333, 81, -8]
[288, 104, -1]
[325, 105, -61]
[306, 109, -60]
[385, 185, 11]
[255, 181, 18]
[471, 255, -73]
[216, 211, -74]
[464, 235, -199]
[179, 122, -240]
[465, 236, -221]
[154, 95, -272]
[454, 223, -217]
[159, 88, -268]
[449, 225, -201]
[170, 97, -245]
[375, 402, 4]
[283, 401, -4]
[377, 561, -40]
[302, 559, -40]
[381, 724, 10]
[294, 733, -26]
[382, 747, 10]
[294, 758, -28]
[376, 770, -85]
[308, 780, -125]
[314, 93, -80]
[313, 75, -69]
[317, 75, -69]
[321, 75, -69]
[304, 78, -68]
[300, 79, -68]
[296, 80, -69]
[332, 84, -11]
[289, 99, -1]
[324, 107, -57]
[307, 110, -57]
[385, 170, 8]
[254, 176, 21]
[470, 246, -57]
[215, 212, -53]
[457, 231, -155]
[179, 120, -188]
[457, 231, -175]
[158, 100, -214]
[444, 217, -170]
[161, 86, -214]
[440, 219, -157]
[169, 94, -193]
[372, 393, 0]
[284, 396, 0]
[375, 543, -48]
[297, 539, -45]
[381, 704, 1]
[296, 715, -29]
[384, 727, 2]
[295, 739, -31]
[373, 751, -86]
[303, 762, -122]
[306, 86, -82]
[310, 67, -75]
[312, 67, -75]
[318, 67, -75]
[299, 68, -72]
[298, 69, -72]
[296, 70, -72]
[324, 78, -25]
[286, 88, -9]
[313, 96, -62]
[300, 103, -59]
[370, 169, 3]
[251, 171, 17]
[468, 245, -59]
[214, 212, -59]
[458, 233, -160]
[178, 123, -201]
[461, 234, -179]
[159, 103, -227]
[450, 219, -177]
[160, 87, -226]
[444, 221, -163]
[170, 97, -206]
[369, 388, -5]
[282, 393, 5]
[374, 544, -45]
[296, 546, -43]
[382, 708, 8]
[296, 723, -32]
[384, 730, 9]
[296, 749, -34]
[375, 754, -79]
[302, 768, -130]
[305, 76, -65]
[309, 64, -55]
[312, 64, -55]
[315, 64, -55]
[299, 64, -58]
[298, 65, -58]
[296, 66, -58]
[319, 72, 1]
[290, 81, -9]
[310, 89, -44]
[299, 93, -48]
[364, 161, 26]
[249, 164, 13]
[461, 225, -28]
[217, 212, -68]
[462, 220, -133]
[182, 133, -199]
[471, 223, -153]
[166, 114, -225]
[457, 211, -154]
[170, 102, -225]
[450, 214, -136]
[175, 104, -203]
[366, 373, 0]
[282, 381, 0]
[373, 542, -43]
[296, 537, -58]
[382, 694, 9]
[297, 712, -54]
[384, 716, 8]
[296, 738, -57]
[380, 740, -77]
[306, 754, -154]
[303, 58, -51]
[307, 47, -43]
[310, 48, -43]
[315, 48, -43]
[299, 47, -45]
[296, 48, -45]
[294, 49, -45]
[319, 53, 5]
[292, 62, -3]
[309, 68, -33]
[299, 71, -36]
[371, 142, 23]
[250, 155, 14]
[439, 229, -25]
[218, 212, -73]
[456, 228, -136]
[175, 132, -218]
[468, 232, -155]
[164, 113, -242]
[465, 219, -160]
[163, 102, -245]
[457, 220, -141]
[172, 109, -224]
[368, 354, 0]
[284, 362, 0]
[374, 520, -26]
[299, 522, -44]
[391, 674, 16]
[305, 708, -26]
[396, 693, 19]
[306, 731, -28]
[386, 720, -64]
[312, 749, -117]
[419, 200, -1]
[431, 196, 13]
[433, 196, 13]
[438, 201, 13]
[426, 193, 0]
[421, 191, 0]
[419, 189, 0]
[432, 200, 84]
[378, 173, 20]
[421, 216, 25]
[411, 210, 7]
[417, 240, 95]
[310, 212, 26]
[498, 253, 16]
[236, 213, -12]
[454, 232, -107]
[179, 135, -44]
[440, 237, -128]
[167, 117, -58]
[423, 224, -123]
[171, 105, -66]
[425, 225, -108]
[181, 113, -49]
[390, 386, 20]
[324, 369, -20]
[408, 298, -49]
[274, 243, -101]
[372, 349, -57]
[227, 203, -169]
[360, 357, -59]
[217, 200, -174]
[367, 367, -99]
[202, 161, -223]
[382, 158, -21]
[390, 147, -10]
[394, 148, -10]
[398, 149, -10]
[379, 146, -16]
[375, 144, -16]
[371, 143, -16]
[398, 151, 50]
[353, 141, 19]
[386, 170, 3]
[372, 168, -5]
[412, 228, 61]
[300, 208, 5]
[456, 208, -13]
[286, 217, -52]
[401, 179, -96]
[371, 227, -74]
[392, 177, -113]
[390, 233, -85]
[382, 173, -103]
[393, 222, -82]
[383, 177, -94]
[387, 224, -72]
[388, 374, 13]
[317, 369, -12]
[422, 245, -29]
[275, 242, -80]
[389, 287, -20]
[353, 296, -104]
[377, 299, -22]
[352, 302, -111]
[389, 283, -33]
[384, 286, -73]
[381, 321, -128]
[393, 325, -121]
[392, 325, -121]
[391, 325, -121]
[399, 322, -134]
[400, 319, -134]
[402, 316, -134]
[390, 325, -72]
[413, 299, -128]
[376, 312, -108]
[383, 307, -125]
[364, 287, -38]
[425, 252, -133]
[295, 256, -33]
[393, 228, -181]
[237, 231, -56]
[341, 277, -184]
[221, 226, -55]
[325, 289, -193]
[226, 227, -67]
[331, 299, -187]
[234, 223, -60]
[335, 292, -181]
[357, 136, 33]
[388, 97, -33]
[288, 204, 29]
[317, 93, -136]
[327, 77, 25]
[332, 49, -21]
[347, 59, 26]
[346, 49, -6]
[305, 37, 28]
[309, 32, 18]
[380, 334, -104]
[392, 337, -97]
[392, 339, -97]
[392, 339, -98]
[396, 332, -112]
[398, 328, -112]
[400, 324, -112]
[400, 326, -56]
[410, 304, -120]
[375, 324, -87]
[379, 317, -106]
[390, 288, -19]
[404, 246, -130]
[339, 274, 2]
[341, 231, -134]
[293, 272, -33]
[300, 279, -74]
[283, 275, -40]
[286, 290, -82]
[285, 274, -52]
[297, 299, -82]
[289, 268, -39]
[303, 293, -73]
[378, 136, 41]
[388, 100, -40]
[297, 192, 67]
[309, 165, -78]
[335, 87, 81]
[334, 75, 1]
[351, 73, 83]
[350, 61, 12]
[312, 69, 96]
[309, 65, 35]
[362, 340, -196]
[372, 345, -192]
[370, 348, -192]
[368, 351, -192]
[379, 337, -203]
[381, 333, -204]
[387, 330, -204]
[380, 341, -150]
[399, 311, -200]
[358, 326, -177]
[364, 320, -192]
[383, 304, -98]
[397, 239, -189]
[317, 275, -74]
[320, 215, -167]
[233, 257, -100]
[255, 245, -137]
[220, 257, -105]
[236, 250, -146]
[214, 256, -121]
[247, 265, -141]
[220, 252, -107]
[255, 261, -135]
[375, 149, 39]
[385, 104, -39]
[296, 192, 91]
[304, 157, -26]
[336, 92, 122]
[335, 82, 74]
[353, 78, 126]
[352, 71, 86]
[309, 70, 139]
[305, 69, 114]
[356, 348, -197]
[361, 363, -192]
[358, 365, -192]
[355, 367, -192]
[371, 357, -202]
[376, 355, -202]
[382, 353, -203]
[363, 362, -149]
[398, 344, -196]
[352, 336, -179]
[364, 330, -192]
[351, 322, -113]
[406, 262, -183]
[258, 271, -119]
[378, 189, -178]
[164, 220, -147]
[336, 117, -169]
[141, 214, -152]
[334, 94, -179]
[139, 210, -167]
[323, 103, -192]
[151, 204, -153]
[321, 110, -176]
[360, 162, 29]
[385, 122, -29]
[293, 180, 64]
[320, 151, -19]
[336, 90, 105]
[343, 75, 64]
[353, 74, 94]
[356, 69, 73]
[310, 64, 58]
[308, 60, 86]
[351, 343, -167]
[352, 356, -183]
[350, 358, -182]
[348, 359, -182]
[360, 352, -197]
[364, 351, -197]
[368, 350, -197]
[358, 359, -117]
[386, 348, -169]
[351, 333, -173]
[361, 329, -180]
[352, 332, -81]
[406, 288, -167]
[270, 302, -83]
[336, 233, -184]
[180, 245, -117]
[278, 249, -184]
[147, 225, -120]
[263, 258, -199]
[144, 219, -136]
[270, 270, -197]
[168, 233, -123]
[274, 263, -185]
[362, 162, 29]
[385, 127, -29]
[293, 183, 63]
[321, 136, -65]
[336, 88, 48]
[342, 71, -28]
[353, 73, 41]
[355, 67, -24]
[311, 64, 26]
[308, 56, -22]
[355, 342, -138]
[358, 356, -142]
[356, 357, -142]
[355, 358, -142]
[366, 353, -156]
[370, 352, -156]
[374, 352, -156]
[364, 358, -100]
[387, 353, -160]
[355, 332, -127]
[363, 331, -142]
[359, 328, -59]
[412, 295, -161]
[275, 311, -75]
[327, 255, -183]
[184, 269, -98]
[254, 288, -177]
[162, 268, -100]
[234, 300, -194]
[161, 266, -115]
[242, 312, -189]
[172, 261, -104]
[248, 304, -175]
[365, 158, 35]
[387, 123, -35]
[293, 186, 70]
[320, 146, -74]
[335, 88, 54]
[342, 69, -27]
[352, 72, 52]
[355, 63, -19]
[307, 63, 50]
[306, 53, -6]
[364, 278, 106]
[359, 289, 112]
[360, 288, 112]
[374, 289, 112]
[371, 291, 101]
[374, 292, 101]
[378, 297, 101]
[387, 296, 129]
[390, 303, 81]
[373, 274, 112]
[376, 277, 98]
[401, 262, 124]
[412, 300, 26]
[326, 302, 137]
[331, 343, 3]
[243, 292, 143]
[267, 341, 53]
[229, 299, 145]
[257, 349, 57]
[229, 298, 143]
[244, 344, 64]
[235, 293, 142]
[248, 339, 57]
[392, 109, 35]
[390, 125, -35]
[293, 173, 132]
[289, 191, 8]
[331, 81, 20]
[322, 75, -65]
[349, 71, 9]
[345, 64, -68]
[301, 48, 17]
[295, 46, -40]
[357, 277, 35]
[357, 284, 34]
[358, 284, 34]
[364, 285, 34]
[357, 285, 23]
[358, 285, 23]
[359, 287, 23]
[380, 286, 35]
[370, 289, -13]
[368, 273, 37]
[366, 274, 22]
[410, 259, 39]
[381, 290, -45]
[355, 259, 46]
[318, 317, -72]
[272, 244, 30]
[253, 349, -50]
[255, 245, 27]
[239, 359, -56]
[254, 240, 22]
[239, 354, -49]
[260, 237, 28]
[244, 347, -47]
[391, 104, 35]
[375, 116, -35]
[294, 173, 149]
[283, 189, 24]
[330, 80, 68]
[314, 77, -11]
[346, 71, 61]
[337, 63, -16]
[298, 48, 73]
[288, 46, 20]
[365, 278, 50]
[365, 286, 50]
[368, 286, 50]
[372, 286, 50]
[360, 287, 40]
[363, 288, 40]
[367, 288, 40]
[389, 286, 52]
[378, 288, 6]
[376, 272, 51]
[374, 273, 38]
[415, 250, 47]
[391, 284, -30]
[367, 220, 50]
[330, 317, -63]
[286, 185, 38]
[270, 358, -42]
[268, 177, 36]
[255, 369, -45]
[266, 175, 32]
[256, 364, -39]
[274, 175, 35]
[261, 356, -39]
[392, 101, 32]
[377, 112, -32]
[294, 171, 130]
[282, 193, 10]
[329, 77, 50]
[317, 76, -21]
[346, 70, 40]
[338, 63, -22]
[299, 41, 48]
[290, 42, 7]
[378, 263, 40]
[379, 271, 41]
[381, 271, 41]
[382, 270, 41]
[375, 273, 32]
[377, 274, 32]
[378, 276, 32]
[396, 270, 50]
[387, 277, 9]
[386, 257, 44]
[385, 259, 32]
[414, 232, 48]
[397, 281, -24]
[399, 174, 49]
[364, 317, -62]
[345, 118, 32]
[308, 371, -38]
[331, 101, 28]
[293, 384, -42]
[331, 98, 24]
[293, 379, -38]
[339, 103, 29]
[300, 371, -36]
[389, 92, 29]
[381, 103, -29]
[293, 164, 111]
[287, 185, -22]
[330, 73, 35]
[317, 75, -36]
[347, 69, 30]
[339, 62, -32]
[312, 39, 37]
[293, 41, -4]
[297, 69, -244]
[300, 42, -254]
[310, 47, -254]
[315, 46, -254]
[291, 42, -238]
[290, 42, -238]
[287, 42, -238]
[329, 39, -260]
[308, 51, -185]
[316, 69, -242]
[302, 83, -221]
[411, 130, -259]
[312, 116, -113]
[426, 295, -271]
[263, 215, -81]
[323, 371, -282]
[159, 275, -112]
[313, 407, -309]
[137, 276, -120]
[293, 396, -309]
[129, 271, -144]
[294, 384, -282]
[137, 271, -125]
[410, 296, -36]
[344, 263, 37]
[370, 411, -93]
[265, 303, -19]
[397, 460, 127]
[269, 413, 125]
[406, 457, 148]
[277, 430, 140]
[380, 508, 119]
[235, 453, 102]
[292, 66, -168]
[295, 43, -181]
[300, 46, -181]
[305, 45, -182]
[287, 43, -161]
[287, 43, -161]
[286, 43, -161]
[324, 40, -203]
[306, 47, -111]
[312, 72, -172]
[300, 78, -145]
[409, 131, -215]
[312, 120, -41]
[428, 289, -221]
[263, 226, 4]
[328, 371, -226]
[161, 281, -26]
[316, 408, -251]
[137, 279, -30]
[297, 397, -251]
[130, 275, -55]
[301, 384, -225]
[139, 278, -39]
[401, 318, -42]
[339, 293, 42]
[363, 438, -55]
[287, 361, 23]
[369, 543, 109]
[289, 510, 152]
[384, 556, 122]
[297, 534, 163]
[329, 589, 65]
[254, 560, 108]
[290, 63, -153]
[294, 43, -163]
[298, 45, -163]
[303, 43, -163]
[287, 43, -144]
[286, 43, -144]
[285, 43, -144]
[325, 40, -179]
[306, 45, -93]
[310, 73, -156]
[299, 74, -131]
[411, 134, -201]
[314, 119, -20]
[430, 290, -213]
[274, 231, 23]
[341, 371, -221]
[182, 281, -10]
[331, 409, -245]
[157, 284, -11]
[311, 398, -247]
[134, 284, -37]
[313, 385, -222]
[162, 280, -23]
[398, 328, -44]
[336, 290, 44]
[324, 421, -74]
[256, 263, 27]
[285, 485, 75]
[216, 413, 91]
[291, 495, 90]
[222, 447, 94]
[235, 504, 71]
[149, 439, 66]
[288, 60, -146]
[292, 43, -157]
[297, 44, -157]
[302, 43, -157]
[286, 43, -137]
[285, 43, -137]
[285, 43, -137]
[323, 40, -178]
[306, 44, -86]
[307, 73, -152]
[298, 71, -125]
[408, 136, -203]
[314, 120, -12]
[430, 290, -213]
[273, 234, 32]
[348, 376, -223]
[185, 284, -3]
[346, 416, -246]
[160, 294, -2]
[325, 407, -250]
[146, 291, -29]
[324, 395, -224]
[165, 289, -16]
[394, 332, -47]
[333, 297, 47]
[321, 388, -123]
[245, 272, 20]
[263, 447, 15]
[210, 403, 61]
[266, 455, 28]
[218, 434, 63]
[206, 465, 14]
[142, 426, 38]
[285, 55, -149]
[291, 41, -163]
[296, 41, -163]
[302, 40, -163]
[284, 42, -140]
[283, 42, -140]
[283, 41, -141]
[323, 40, -186]
[305, 41, -84]
[304, 70, -154]
[295, 67, -125]
[409, 136, -203]
[308, 122, -7]
[430, 282, -212]
[269, 236, 41]
[368, 374, -224]
[180, 296, -5]
[373, 416, -248]
[159, 306, -7]
[353, 408, -250]
[150, 302, -34]
[352, 394, -224]
[160, 300, -19]
[388, 333, -50]
[321, 313, 50]
[329, 462, -70]
[255, 427, 29]
[289, 590, 63]
[261, 573, 125]
[270, 612, 74]
[269, 596, 131]
[273, 624, 10]
[229, 620, 55]
[285, 56, -172]
[291, 42, -186]
[296, 41, -186]
[302, 40, -186]
[283, 42, -164]
[283, 42, -164]
[282, 42, -164]
[323, 40, -203]
[304, 41, -105]
[304, 70, -176]
[294, 68, -146]
[409, 137, -215]
[304, 122, -25]
[429, 281, -221]
[268, 235, 27]
[369, 372, -226]
[179, 303, -17]
[379, 415, -250]
[156, 314, -20]
[360, 408, -252]
[149, 311, -48]
[359, 394, -226]
[158, 309, -31]
[385, 336, -51]
[315, 317, 51]
[333, 469, -56]
[258, 442, 45]
[300, 599, 95]
[273, 586, 170]
[279, 622, 101]
[281, 607, 180]
[295, 633, 42]
[248, 636, 113]
[285, 55, -181]
[291, 42, -200]
[297, 40, -200]
[302, 39, -200]
[283, 42, -174]
[282, 42, -174]
[281, 42, -174]
[323, 40, -221]
[303, 41, -117]
[304, 69, -186]
[293, 67, -148]
[410, 140, -222]
[302, 122, -41]
[427, 282, -228]
[262, 237, 10]
[366, 373, -237]
[178, 312, -29]
[373, 418, -262]
[155, 322, -32]
[355, 412, -264]
[149, 320, -59]
[354, 398, -237]
[159, 318, -43]
[384, 339, -51]
[312, 318, 51]
[340, 477, -30]
[258, 437, 69]
[325, 606, 128]
[272, 584, 210]
[317, 630, 139]
[280, 607, 223]
[300, 641, 55]
[244, 632, 164]
[285, 56, -206]
[291, 43, -224]
[297, 41, -224]
[302, 40, -224]
[283, 44, -199]
[282, 43, -199]
[281, 43, -199]
[323, 42, -246]
[303, 42, -135]
[305, 71, -209]
[294, 67, -175]
[411, 141, -246]
[299, 124, -46]
[427, 280, -244]
[262, 237, 12]
[374, 370, -250]
[181, 319, -26]
[381, 417, -274]
[159, 329, -27]
[363, 411, -276]
[152, 327, -56]
[363, 398, -250]
[161, 326, -40]
[385, 340, -51]
[311, 321, 51]
[348, 487, 8]
[276, 467, 135]
[342, 619, 173]
[280, 606, 265]
[342, 642, 185]
[286, 629, 276]
[312, 655, 108]
[258, 649, 206]
[284, 56, -205]
[291, 43, -220]
[296, 41, -220]
[302, 40, -220]
[282, 44, -199]
[281, 43, -199]
[281, 43, -199]
[322, 42, -240]
[302, 42, -131]
[304, 71, -208]
[294, 68, -173]
[411, 137, -244]
[299, 124, -48]
[425, 268, -242]
[262, 236, 16]
[379, 365, -249]
[188, 320, -19]
[381, 409, -272]
[165, 330, -19]
[364, 404, -274]
[160, 329, -46]
[357, 375, -249]
[167, 329, -32]
[386, 337, -50]
[312, 320, 50]
[355, 487, -14]
[282, 473, 107]
[353, 620, 143]
[285, 612, 221]
[357, 643, 156]
[290, 634, 230]
[321, 657, 92]
[263, 657, 163]
[280, 54, -178]
[288, 42, -193]
[293, 40, -193]
[299, 39, -193]
[279, 42, -170]
[279, 42, -170]
[278, 42, -170]
[320, 42, -210]
[301, 42, -103]
[302, 70, -180]
[291, 67, -148]
[410, 137, -208]
[297, 124, -34]
[424, 265, -204]
[258, 241, 31]
[383, 361, -209]
[193, 323, -10]
[382, 405, -229]
[173, 334, -13]
[364, 400, -231]
[169, 334, -37]
[358, 367, -208]
[176, 332, -22]
[378, 337, -50]
[302, 326, 50]
[355, 496, -9]
[281, 478, 100]
[354, 628, 149]
[281, 617, 225]
[360, 652, 161]
[287, 639, 236]
[321, 668, 88]
[259, 663, 167]
[281, 51, -156]
[288, 38, -168]
[294, 36, -168]
[300, 34, -168]
[279, 39, -147]
[279, 39, -147]
[278, 39, -147]
[320, 40, -180]
[301, 41, -83]
[303, 67, -157]
[291, 65, -129]
[409, 136, -182]
[295, 125, -17]
[423, 262, -186]
[256, 243, 32]
[385, 360, -198]
[192, 318, -10]
[383, 405, -218]
[173, 336, -13]
[365, 400, -219]
[172, 334, -36]
[358, 366, -197]
[174, 332, -22]
[378, 338, -49]
[300, 324, 50]
[353, 484, -26]
[252, 458, 68]
[350, 615, 105]
[263, 600, 179]
[359, 638, 114]
[271, 623, 189]
[312, 652, 42]
[241, 649, 130]
[280, 51, -161]
[289, 38, -175]
[294, 36, -175]
[300, 35, -175]
[280, 38, -153]
[279, 39, -153]
[278, 39, -153]
[320, 40, -192]
[301, 41, -91]
[303, 67, -163]
[291, 66, -134]
[407, 136, -193]
[295, 125, -19]
[422, 257, -189]
[255, 242, 39]
[383, 361, -187]
[206, 317, 2]
[379, 399, -205]
[192, 332, 0]
[362, 392, -207]
[191, 328, -19]
[359, 369, -186]
[200, 328, -7]
[379, 339, -49]
[301, 324, 49]
[350, 479, -21]
[249, 452, 67]
[343, 608, 106]
[255, 596, 181]
[353, 631, 119]
[262, 618, 191]
[303, 644, 56]
[227, 643, 134]
[282, 52, -170]
[291, 38, -188]
[295, 37, -188]
[300, 36, -188]
[282, 38, -166]
[281, 39, -166]
[281, 39, -166]
[325, 42, -212]
[301, 44, -112]
[303, 67, -173]
[292, 66, -144]
[407, 135, -207]
[294, 125, -32]
[421, 255, -203]
[267, 241, 34]
[380, 360, -202]
[244, 295, 27]
[376, 391, -221]
[239, 314, 28]
[359, 382, -225]
[234, 305, 10]
[358, 367, -202]
[240, 300, 19]
[379, 338, -49]
[304, 321, 49]
[343, 472, 9]
[251, 442, 93]
[333, 598, 170]
[256, 581, 233]
[343, 619, 184]
[264, 603, 246]
[292, 640, 125]
[228, 628, 195]
[281, 45, -173]
[289, 33, -189]
[295, 33, -189]
[299, 33, -189]
[281, 32, -167]
[281, 33, -167]
[281, 34, -167]
[322, 40, -211]
[301, 41, -113]
[302, 61, -176]
[291, 60, -148]
[405, 130, -209]
[296, 118, -38]
[420, 253, -197]
[278, 232, 31]
[381, 359, -185]
[254, 281, 23]
[377, 389, -204]
[251, 299, 22]
[360, 379, -211]
[244, 289, 2]
[359, 365, -186]
[250, 285, 14]
[377, 338, -49]
[305, 315, 49]
[332, 411, 29]
[245, 371, 115]
[308, 507, 203]
[238, 471, 262]
[317, 525, 218]
[245, 488, 276]
[262, 531, 174]
[194, 500, 244]
[281, 44, -174]
[289, 32, -190]
[295, 33, -190]
[299, 33, -190]
[281, 32, -168]
[281, 33, -168]
[281, 33, -168]
[324, 39, -212]
[301, 40, -111]
[302, 61, -178]
[291, 60, -148]
[405, 130, -214]
[293, 121, -33]
[416, 256, -203]
[275, 236, 41]
[379, 362, -198]
[250, 286, 26]
[376, 391, -219]
[247, 301, 26]
[359, 381, -224]
[241, 295, 7]
[357, 368, -199]
[246, 291, 17]
[376, 342, -49]
[302, 326, 49]
[334, 461, 12]
[247, 451, 108]
[317, 596, 186]
[259, 591, 249]
[328, 624, 200]
[269, 613, 261]
[275, 627, 138]
[230, 639, 206]
[277, 44, -182]
[285, 32, -199]
[290, 32, -199]
[294, 32, -199]
[277, 32, -173]
[276, 33, -173]
[276, 34, -174]
[317, 39, -215]
[298, 40, -105]
[299, 61, -184]
[289, 61, -150]
[404, 133, -217]
[290, 125, -26]
[413, 257, -225]
[272, 240, 35]
[376, 358, -221]
[252, 291, -28]
[370, 386, -244]
[248, 314, -33]
[354, 378, -240]
[248, 306, -53]
[355, 365, -217]
[251, 296, -39]
[374, 357, -55]
[291, 344, 55]
[336, 515, 19]
[256, 506, 165]
[329, 659, 209]
[261, 648, 328]
[337, 688, 223]
[269, 671, 342]
[301, 700, 131]
[240, 700, 253]
[279, 45, -148]
[286, 32, -163]
[290, 33, -163]
[294, 32, -164]
[278, 33, -144]
[278, 33, -144]
[278, 34, -144]
[317, 39, -180]
[298, 42, -91]
[299, 61, -148]
[290, 61, -122]
[401, 132, -178]
[290, 124, -24]
[404, 264, -183]
[279, 238, 45]
[359, 357, -191]
[273, 266, 36]
[353, 387, -210]
[274, 282, 36]
[341, 377, -211]
[267, 269, 20]
[341, 364, -190]
[268, 263, 29]
[371, 354, -50]
[294, 343, 50]
[337, 501, 32]
[267, 491, 134]
[337, 640, 198]
[267, 636, 266]
[346, 663, 211]
[274, 657, 278]
[314, 681, 137]
[247, 686, 212]
[275, 45, -121]
[284, 32, -136]
[288, 32, -136]
[293, 32, -137]
[276, 32, -116]
[275, 33, -116]
[275, 34, -116]
[311, 40, -155]
[297, 42, -61]
[298, 61, -123]
[289, 61, -96]
[397, 131, -166]
[291, 125, 6]
[399, 267, -175]
[278, 229, 80]
[355, 357, -175]
[277, 238, 77]
[349, 387, -192]
[278, 247, 80]
[337, 377, -194]
[271, 233, 67]
[337, 363, -174]
[273, 230, 71]
[371, 357, -50]
[295, 346, 50]
[339, 501, 29]
[266, 494, 131]
[338, 645, 190]
[266, 641, 253]
[347, 669, 202]
[273, 663, 264]
[313, 686, 130]
[245, 693, 200]
[276, 44, -119]
[284, 32, -133]
[288, 33, -134]
[293, 33, -134]
[276, 32, -115]
[276, 33, -115]
[276, 34, -115]
[312, 41, -143]
[294, 42, -54]
[298, 61, -118]
[289, 61, -92]
[398, 129, -146]
[290, 125, 0]
[398, 258, -164]
[277, 206, -14]
[347, 333, -151]
[287, 130, -93]
[340, 359, -163]
[291, 112, -105]
[332, 345, -163]
[285, 104, -103]
[332, 335, -148]
[288, 111, -96]
[370, 357, -47]
[293, 347, 47]
[341, 509, 30]
[267, 503, 122]
[339, 655, 184]
[266, 651, 243]
[347, 679, 196]
[273, 672, 250]
[318, 696, 129]
[248, 701, 169]
[276, 45, -118]
[283, 32, -132]
[287, 33, -133]
[293, 33, -133]
[276, 32, -112]
[275, 33, -113]
[274, 34, -113]
[310, 41, -144]
[293, 43, -51]
[298, 61, -117]
[289, 61, -90]
[394, 129, -145]
[290, 125, 5]
[397, 254, -163]
[276, 193, -4]
[346, 305, -145]
[293, 108, -69]
[338, 323, -156]
[298, 85, -79]
[333, 307, -154]
[293, 78, -77]
[333, 300, -141]
[296, 87, -72]
[371, 355, -46]
[294, 347, 46]
[353, 507, 33]
[273, 504, 122]
[348, 655, 185]
[271, 652, 239]
[355, 679, 197]
[277, 674, 245]
[327, 693, 124]
[256, 700, 166]
[272, 45, -125]
[281, 32, -140]
[284, 33, -140]
[290, 33, -140]
[272, 33, -118]
[272, 34, -118]
[272, 34, -118]
[308, 41, -154]
[291, 42, -51]
[293, 61, -125]
[285, 61, -96]
[393, 129, -164]
[290, 125, 22]
[398, 256, -172]
[276, 202, 26]
[349, 320, -165]
[282, 176, -52]
[342, 345, -180]
[282, 171, -59]
[334, 333, -179]
[279, 162, -64]
[334, 322, -162]
[283, 164, -58]
[371, 358, -48]
[293, 348, 49]
[355, 519, 26]
[272, 510, 124]
[350, 669, 182]
[272, 657, 238]
[359, 694, 196]
[277, 679, 245]
[325, 707, 104]
[255, 706, 163]
[270, 44, -131]
[280, 32, -146]
[284, 32, -146]
[290, 32, -146]
[271, 32, -126]
[270, 33, -127]
[270, 34, -127]
[308, 41, -162]
[290, 42, -58]
[292, 61, -132]
[284, 61, -106]
[393, 129, -175]
[289, 125, 15]
[402, 252, -181]
[275, 210, 40]
[362, 347, -172]
[262, 294, -49]
[358, 380, -188]
[279, 296, -58]
[344, 372, -186]
[270, 285, -74]
[344, 358, -170]
[259, 294, -60]
[372, 362, -52]
[289, 352, 53]
[355, 529, 25]
[271, 520, 138]
[353, 681, 188]
[272, 669, 262]
[363, 708, 200]
[278, 691, 272]
[324, 721, 105]
[255, 720, 178]
[270, 45, -151]
[280, 32, -166]
[285, 32, -166]
[290, 32, -166]
[271, 33, -145]
[271, 34, -145]
[271, 35, -145]
[309, 41, -167]
[291, 43, -60]
[293, 63, -148]
[284, 62, -119]
[394, 132, -179]
[289, 126, 11]
[403, 257, -191]
[275, 212, 2]
[367, 357, -175]
[278, 165, -75]
[365, 391, -190]
[284, 146, -85]
[352, 383, -191]
[280, 138, -85]
[350, 369, -173]
[283, 146, -79]
[373, 364, -52]
[288, 354, 52]
[355, 532, 31]
[271, 522, 132]
[353, 684, 203]
[272, 672, 261]
[363, 710, 215]
[277, 692, 271]
[324, 726, 113]
[256, 726, 176]
[271, 45, -167]
[282, 32, -180]
[288, 32, -180]
[294, 32, -180]
[272, 33, -158]
[271, 34, -158]
[271, 35, -158]
[313, 41, -174]
[291, 43, -61]
[294, 63, -161]
[284, 62, -131]
[396, 134, -183]
[288, 126, 8]
[406, 258, -209]
[275, 223, 7]
[369, 356, -217]
[275, 184, -91]
[366, 389, -237]
[278, 184, -103]
[354, 381, -239]
[276, 153, -110]
[353, 367, -216]
[279, 149, -98]
[372, 365, -58]
[284, 355, 58]
[353, 532, 27]
[264, 521, 147]
[353, 687, 195]
[269, 671, 288]
[363, 715, 207]
[274, 692, 300]
[324, 726, 96]
[255, 723, 194]
[272, 45, -212]
[283, 32, -225]
[289, 31, -225]
[296, 31, -225]
[272, 33, -200]
[272, 33, -200]
[271, 34, -200]
[318, 41, -223]
[291, 41, -105]
[294, 63, -207]
[284, 62, -173]
[404, 141, -223]
[287, 126, -17]
[413, 266, -237]
[266, 254, 39]
[378, 363, -246]
[259, 326, -37]
[372, 398, -270]
[254, 356, -43]
[358, 391, -269]
[255, 348, -77]
[358, 377, -244]
[260, 335, -52]
[373, 370, -62]
[285, 353, 62]
[353, 540, 26]
[262, 530, 191]
[354, 696, 208]
[268, 680, 370]
[363, 726, 222]
[272, 703, 386]
[325, 738, 100]
[254, 734, 281]
[283, 46, -229]
[293, 33, -240]
[298, 33, -240]
[305, 33, -240]
[279, 34, -220]
[277, 35, -220]
[275, 36, -220]
[324, 42, -228]
[293, 44, -131]
[306, 64, -220]
[291, 64, -192]
[412, 144, -215]
[285, 131, -44]
[419, 271, -223]
[262, 263, 11]
[378, 368, -241]
[233, 332, -83]
[372, 401, -265]
[229, 358, -95]
[359, 393, -269]
[228, 349, -123]
[358, 379, -242]
[225, 339, -97]
[374, 363, -59]
[285, 357, 60]
[354, 540, 24]
[262, 531, 163]
[356, 693, 205]
[268, 683, 309]
[365, 720, 218]
[272, 705, 322]
[328, 738, 101]
[254, 737, 245]
[286, 46, -205]
[296, 33, -219]
[302, 33, -219]
[310, 32, -219]
[282, 34, -196]
[280, 35, -196]
[277, 36, -196]
[328, 41, -221]
[295, 44, -112]
[310, 65, -201]
[294, 65, -170]
[416, 144, -220]
[285, 133, -35]
[424, 277, -220]
[261, 257, 60]
[378, 374, -226]
[202, 331, -7]
[373, 421, -247]
[183, 354, -11]
[358, 416, -249]
[183, 347, -41]
[357, 400, -225]
[185, 335, -22]
[376, 363, -59]
[287, 356, 59]
[355, 550, 24]
[264, 540, 155]
[356, 706, 213]
[269, 696, 303]
[365, 733, 227]
[273, 720, 316]
[327, 751, 118]
[254, 750, 221]
[291, 46, -198]
[300, 33, -210]
[306, 32, -211]
[313, 31, -211]
[286, 34, -187]
[283, 36, -187]
[281, 37, -187]
[330, 41, -213]
[297, 45, -105]
[315, 65, -195]
[297, 65, -163]
[420, 144, -219]
[285, 134, -28]
[428, 282, -193]
[261, 254, 53]
[377, 392, -200]
[187, 328, -8]
[372, 430, -220]
[167, 348, -14]
[355, 421, -226]
[163, 335, -44]
[354, 406, -200]
[171, 331, -23]
[379, 361, -55]
[295, 353, 55]
[357, 548, 24]
[268, 538, 145]
[358, 701, 207]
[275, 692, 281]
[367, 726, 220]
[281, 714, 293]
[327, 744, 121]
[258, 745, 196]
[293, 46, -187]
[302, 32, -207]
[307, 30, -207]
[314, 29, -207]
[289, 34, -182]
[286, 36, -182]
[284, 37, -182]
[330, 37, -209]
[300, 44, -103]
[317, 63, -189]
[300, 65, -154]
[425, 144, -213]
[289, 134, -24]
[432, 281, -190]
[261, 251, 65]
[377, 386, -195]
[185, 316, 10]
[369, 422, -215]
[161, 327, 6]
[351, 412, -219]
[158, 320, -24]
[347, 399, -194]
[166, 318, -4]
[379, 359, -52]
[299, 352, 52]
[359, 544, 17]
[273, 533, 129]
[359, 694, 206]
[282, 685, 264]
[369, 719, 218]
[288, 707, 276]
[328, 738, 120]
[263, 737, 185]
[294, 46, -173]
[304, 31, -194]
[310, 30, -194]
[316, 29, -194]
[291, 34, -168]
[289, 36, -168]
[287, 37, -168]
[334, 37, -207]
[304, 44, -97]
[318, 63, -177]
[301, 64, -142]
[428, 143, -210]
[294, 133, -4]
[435, 283, -194]
[261, 246, 105]
[369, 381, -206]
[175, 306, 77]
[354, 419, -228]
[147, 317, 79]
[334, 407, -229]
[145, 309, 49]
[335, 396, -203]
[155, 307, 63]
[380, 359, -52]
[304, 352, 52]
[364, 545, 16]
[282, 533, 131]
[364, 693, 204]
[287, 685, 267]
[374, 717, 217]
[294, 708, 279]
[331, 737, 131]
[264, 735, 192]
[297, 50, -90]
[305, 34, -107]
[311, 32, -108]
[317, 31, -108]
[294, 38, -85]
[292, 40, -85]
[291, 41, -85]
[334, 37, -132]
[308, 45, -26]
[319, 64, -95]
[304, 66, -64]
[429, 138, -134]
[299, 132, 30]
[435, 281, -128]
[261, 244, 90]
[362, 372, -139]
[163, 294, 31]
[348, 404, -156]
[148, 286, 26]
[328, 390, -158]
[144, 274, 0]
[329, 377, -137]
[141, 290, 17]
[380, 359, -46]
[303, 355, 46]
[365, 543, 7]
[285, 531, 99]
[363, 691, 151]
[287, 684, 189]
[373, 717, 161]
[293, 706, 196]
[331, 735, 81]
[265, 734, 113]
[301, 56, -89]
[309, 40, -107]
[313, 38, -107]
[319, 37, -107]
[299, 45, -83]
[298, 46, -83]
[297, 46, -83]
[337, 42, -138]
[315, 48, -26]
[321, 67, -96]
[309, 69, -64]
[431, 137, -154]
[307, 131, 37]
[433, 283, -161]
[262, 237, 87]
[337, 369, -152]
[156, 273, 15]
[316, 402, -173]
[124, 265, 10]
[300, 386, -163]
[119, 256, -10]
[305, 373, -151]
[129, 264, 2]
[380, 359, -49]
[305, 354, 49]
[356, 539, -11]
[274, 522, 98]
[334, 691, 119]
[261, 678, 183]
[342, 716, 127]
[267, 699, 188]
[298, 731, 47]
[235, 728, 105]
[299, 57, -62]
[307, 42, -79]
[312, 41, -79]
[318, 39, -79]
[298, 46, -53]
[296, 46, -53]
[296, 47, -53]
[337, 42, -116]
[314, 48, 2]
[321, 67, -72]
[308, 69, -38]
[431, 135, -147]
[312, 124, 74]
[432, 288, -168]
[262, 231, 118]
[306, 354, -177]
[153, 250, 44]
[279, 368, -210]
[123, 242, 40]
[269, 359, -184]
[119, 233, 11]
[278, 351, -164]
[128, 238, 29]
[380, 354, -57]
[309, 346, 57]
[338, 510, -49]
[257, 486, 80]
[303, 658, 59]
[231, 640, 151]
[311, 682, 66]
[236, 663, 154]
[262, 691, -4]
[196, 682, 88]
[298, 56, -65]
[306, 41, -81]
[311, 39, -81]
[317, 38, -81]
[297, 44, -54]
[296, 44, -54]
[295, 44, -55]
[337, 38, -113]
[316, 43, 6]
[321, 67, -73]
[307, 67, -38]
[434, 134, -136]
[314, 118, 76]
[432, 287, -152]
[261, 220, 115]
[321, 334, -179]
[155, 227, 32]
[291, 344, -208]
[124, 219, 24]
[283, 332, -196]
[123, 211, -1]
[289, 326, -173]
[131, 214, 18]
[381, 349, -60]
[308, 335, 60]
[304, 460, -92]
[235, 407, 30]
[296, 585, 90]
[238, 568, 172]
[308, 596, 105]
[248, 585, 183]
[263, 639, 47]
[203, 633, 125]
[299, 52, -81]
[308, 39, -93]
[312, 38, -93]
[318, 36, -93]
[299, 42, -72]
[299, 42, -72]
[298, 42, -73]
[337, 38, -117]
[318, 43, -19]
[320, 64, -86]
[306, 64, -58]
[428, 128, -128]
[314, 116, 63]
[428, 277, -144]
[237, 205, 79]
[327, 320, -180]
[140, 198, 9]
[304, 335, -209]
[115, 189, 1]
[294, 314, -197]
[112, 176, -23]
[298, 307, -176]
[120, 180, -3]
[379, 347, -52]
[308, 324, 52]
[313, 374, -75]
[226, 333, 64]
[296, 453, 85]
[218, 407, 155]
[306, 465, 101]
[228, 424, 164]
[262, 482, 80]
[162, 421, 137]
[307, 49, -67]
[317, 37, -80]
[321, 36, -81]
[326, 35, -81]
[307, 39, -60]
[306, 39, -60]
[305, 40, -60]
[342, 38, -90]
[319, 43, 5]
[323, 62, -66]
[310, 62, -39]
[426, 122, -98]
[313, 117, 75]
[428, 252, -135]
[224, 205, 91]
[340, 279, -183]
[137, 177, -8]
[312, 296, -207]
[113, 168, -19]
[310, 274, -200]
[111, 156, -36]
[316, 268, -180]
[120, 161, -19]
[379, 344, -49]
[302, 328, 50]
[346, 452, -13]
[265, 465, 76]
[340, 617, 109]
[266, 621, 172]
[348, 640, 124]
[272, 641, 178]
[314, 651, 59]
[246, 660, 99]
[372, 226, -71]
[376, 214, -73]
[379, 212, -73]
[383, 211, -73]
[365, 216, -71]
[361, 216, -71]
[357, 216, -71]
[388, 208, -37]
[351, 215, -19]
[378, 230, -54]
[365, 232, -52]
[426, 230, -15]
[324, 228, -8]
[430, 271, -82]
[293, 260, -15]
[370, 236, -143]
[311, 180, 9]
[355, 229, -157]
[312, 189, 9]
[350, 216, -144]
[314, 164, 18]
[352, 221, -138]
[315, 168, 15]
[403, 366, -3]
[331, 361, 3]
[382, 491, 107]
[315, 496, 81]
[373, 641, 258]
[306, 657, 199]
[370, 660, 274]
[306, 677, 211]
[369, 689, 217]
[310, 704, 124]
[415, 255, -56]
[422, 245, -50]
[422, 244, -50]
[423, 244, -50]
[416, 244, -57]
[414, 243, -57]
[408, 242, -57]
[413, 241, 4]
[389, 233, -24]
[411, 265, -33]
[402, 262, -42]
[415, 261, 10]
[323, 238, -9]
[447, 283, -57]
[265, 220, -70]
[443, 271, -147]
[252, 182, -150]
[444, 277, -188]
[242, 173, -168]
[434, 266, -192]
[247, 168, -173]
[434, 265, -169]
[251, 175, -155]
[399, 428, 0]
[330, 419, 0]
[379, 594, 0]
[306, 584, -27]
[364, 755, 47]
[294, 747, -14]
[366, 774, 48]
[297, 766, -16]
[358, 800, -38]
[297, 791, -127]
[407, 202, -37]
[415, 203, -26]
[421, 204, -26]
[423, 203, -26]
[403, 187, -33]
[398, 185, -33]
[393, 184, -33]
[429, 191, 46]
[381, 179, 18]
[410, 230, -6]
[393, 208, -16]
[442, 233, 70]
[321, 207, -1]
[476, 283, -55]
[274, 247, -119]
[452, 268, -204]
[344, 197, -239]
[448, 270, -234]
[358, 189, -264]
[437, 256, -221]
[363, 186, -253]
[435, 257, -205]
[361, 189, -237]
[400, 405, 9]
[324, 393, -8]
[390, 555, -13]
[320, 543, -36]
[387, 703, 26]
[313, 696, -29]
[387, 723, 27]
[308, 716, -30]
[381, 748, -59]
[327, 741, -126]
[395, 178, -94]
[406, 168, -85]
[412, 168, -85]
[417, 169, -85]
[391, 162, -91]
[386, 161, -91]
[380, 159, -91]
[425, 165, -27]
[372, 156, -24]
[401, 193, -53]
[383, 186, -66]
[453, 213, -1]
[320, 193, -3]
[511, 268, -89]
[245, 210, -106]
[448, 233, -197]
[282, 173, -244]
[431, 229, -223]
[277, 164, -269]
[423, 219, -202]
[278, 155, -267]
[426, 221, -197]
[281, 162, -247]
[404, 395, 1]
[321, 383, -1]
[395, 546, 7]
[321, 530, -16]
[385, 685, 81]
[309, 677, 35]
[385, 699, 85]
[304, 696, 38]
[368, 746, 0]
[314, 716, -55]
[380, 162, -92]
[390, 147, -80]
[395, 148, -80]
[400, 151, -80]
[381, 142, -88]
[381, 140, -88]
[378, 138, -89]
[423, 156, -13]
[350, 138, -25]
[393, 171, -56]
[379, 169, -65]
[424, 197, 20]
[297, 181, -6]
[489, 239, -50]
[240, 210, -119]
[461, 223, -152]
[278, 187, -262]
[457, 224, -172]
[280, 180, -288]
[447, 211, -164]
[284, 169, -284]
[444, 213, -152]
[287, 176, -263]
[385, 374, 5]
[306, 370, -5]
[395, 520, 6]
[312, 516, -23]
[377, 652, 65]
[302, 658, 8]
[378, 667, 67]
[299, 676, 8]
[363, 702, -13]
[304, 696, -78]
[388, 143, -85]
[397, 128, -75]
[402, 130, -75]
[406, 132, -76]
[384, 124, -82]
[380, 122, -82]
[376, 121, -83]
[413, 139, -17]
[360, 122, -26]
[395, 154, -55]
[378, 151, -63]
[430, 186, 4]
[302, 164, 0]
[491, 238, -71]
[240, 190, -103]
[478, 220, -164]
[274, 137, -237]
[477, 219, -178]
[272, 121, -261]
[470, 204, -174]
[267, 114, -256]
[466, 206, -167]
[268, 123, -240]
[393, 364, 1]
[315, 360, -1]
[392, 506, 5]
[315, 501, -32]
[387, 635, 59]
[305, 643, -2]
[388, 651, 61]
[303, 661, -1]
[376, 679, -7]
[306, 684, -79]
[396, 153, -68]
[404, 141, -60]
[409, 143, -60]
[413, 145, -60]
[392, 137, -66]
[387, 134, -66]
[382, 132, -67]
[415, 146, 1]
[369, 129, -22]
[398, 162, -41]
[382, 158, -50]
[431, 188, 23]
[305, 162, -6]
[487, 229, -56]
[241, 198, -112]
[468, 214, -143]
[336, 166, -206]
[466, 211, -162]
[351, 154, -227]
[458, 197, -153]
[355, 145, -218]
[455, 201, -142]
[352, 153, -205]
[395, 362, 4]
[316, 357, -4]
[393, 505, -4]
[321, 497, -35]
[395, 634, 40]
[310, 641, -15]
[394, 651, 41]
[307, 660, -16]
[387, 677, -34]
[313, 679, -97]
[351, 116, -83]
[354, 103, -71]
[358, 104, -71]
[361, 105, -71]
[343, 102, -79]
[338, 101, -79]
[334, 100, -79]
[360, 110, -19]
[321, 104, -35]
[353, 129, -57]
[339, 128, -66]
[388, 179, 0]
[271, 161, -22]
[438, 231, -68]
[236, 203, -112]
[455, 214, -158]
[305, 170, -213]
[456, 212, -178]
[299, 161, -234]
[449, 199, -169]
[301, 152, -228]
[444, 202, -155]
[304, 158, -214]
[361, 362, 0]
[281, 361, 0]
[373, 506, 10]
[303, 508, -24]
[385, 636, 92]
[302, 642, 42]
[386, 653, 96]
[297, 661, 45]
[381, 681, 9]
[308, 682, -46]
[339, 104, -83]
[342, 92, -73]
[345, 93, -73]
[348, 93, -73]
[331, 91, -81]
[326, 90, -81]
[322, 89, -81]
[346, 99, -19]
[309, 94, -48]
[342, 118, -58]
[328, 116, -68]
[370, 162, 10]
[274, 150, -45]
[428, 214, -15]
[252, 190, -128]
[448, 193, -72]
[331, 156, -203]
[448, 193, -86]
[339, 150, -225]
[441, 179, -92]
[341, 141, -221]
[437, 182, -75]
[339, 147, -204]
[359, 343, 9]
[286, 346, -8]
[372, 487, 12]
[304, 489, -21]
[385, 611, 83]
[310, 629, 25]
[386, 628, 87]
[308, 650, 26]
[385, 652, 12]
[316, 664, -47]
[302, 82, -101]
[307, 59, -95]
[309, 58, -96]
[315, 59, -96]
[297, 65, -95]
[295, 66, -95]
[289, 67, -95]
[319, 70, -48]
[291, 73, -45]
[312, 96, -82]
[292, 85, -81]
[363, 134, 0]
[254, 145, -31]
[433, 194, -41]
[239, 195, -95]
[458, 197, -122]
[232, 144, -176]
[462, 202, -139]
[277, 157, -197]
[451, 189, -138]
[276, 144, -195]
[447, 189, -123]
[275, 149, -177]
[358, 325, 9]
[287, 335, -9]
[410, 324, -31]
[304, 352, -133]
[397, 421, 70]
[330, 467, -11]
[393, 435, 79]
[329, 477, 1]
[406, 451, 44]
[347, 507, -37]
[320, 88, -179]
[324, 71, -181]
[327, 70, -181]
[332, 70, -181]
[315, 73, -183]
[312, 73, -184]
[307, 73, -184]
[336, 73, -148]
[305, 76, -158]
[328, 99, -162]
[312, 97, -165]
[379, 125, -88]
[267, 131, -123]
[440, 201, -52]
[234, 197, -123]
[412, 196, -84]
[186, 125, -164]
[400, 203, -83]
[177, 119, -171]
[391, 185, -80]
[173, 104, -177]
[392, 184, -81]
[176, 108, -167]
[363, 291, 13]
[303, 303, -13]
[412, 284, -21]
[309, 337, -120]
[393, 371, 104]
[338, 411, 17]
[389, 384, 117]
[338, 413, 24]
[393, 404, 101]
[350, 453, 10]
[326, 91, -169]
[329, 76, -167]
[332, 75, -167]
[337, 74, -167]
[320, 77, -172]
[318, 78, -172]
[314, 78, -172]
[344, 75, -119]
[310, 80, -140]
[334, 102, -146]
[318, 103, -152]
[383, 120, -72]
[272, 135, -121]
[441, 201, -89]
[347, 216, -134]
[411, 206, -157]
[463, 219, -135]
[401, 210, -173]
[489, 233, -146]
[392, 194, -166]
[489, 225, -142]
[392, 194, -154]
[485, 219, -132]
[375, 292, 13]
[313, 307, -13]
[442, 319, -67]
[308, 384, -81]
[400, 434, 99]
[350, 483, 64]
[390, 447, 111]
[357, 490, 79]
[408, 483, 83]
[364, 531, 48]
[319, 75, -147]
[324, 58, -148]
[324, 51, -148]
[327, 50, -149]
[313, 61, -144]
[310, 62, -144]
[306, 55, -144]
[335, 53, -118]
[309, 68, -98]
[332, 86, -131]
[317, 90, -124]
[391, 103, -95]
[275, 128, -55]
[457, 198, -166]
[258, 203, -79]
[394, 210, -286]
[204, 170, -177]
[375, 224, -312]
[195, 219, -195]
[358, 199, -302]
[196, 203, -203]
[362, 199, -282]
[204, 197, -182]
[395, 286, -10]
[318, 293, 10]
[429, 374, -93]
[307, 405, -88]
[400, 490, 60]
[338, 521, 39]
[396, 504, 73]
[344, 532, 54]
[398, 536, 19]
[349, 567, 9]
[328, 121, -170]
[338, 108, -174]
[342, 106, -174]
[348, 104, -174]
[325, 111, -172]
[321, 111, -173]
[317, 110, -173]
[363, 98, -137]
[319, 108, -128]
[342, 125, -150]
[327, 129, -147]
[413, 119, -91]
[286, 132, -93]
[466, 204, -158]
[263, 203, -158]
[404, 210, -259]
[329, 210, -231]
[390, 223, -281]
[348, 224, -244]
[377, 203, -268]
[348, 211, -239]
[378, 202, -254]
[345, 210, -229]
[402, 296, -1]
[326, 303, 1]
[424, 385, -76]
[318, 414, -35]
[398, 505, 67]
[337, 531, 57]
[393, 518, 88]
[341, 543, 65]
[396, 543, 24]
[351, 574, 3]
[301, 60, -171]
[308, 42, -175]
[315, 40, -175]
[317, 43, -176]
[297, 49, -163]
[295, 50, -163]
[294, 51, -164]
[338, 37, -152]
[311, 51, -102]
[320, 68, -157]
[305, 70, -141]
[411, 94, -124]
[292, 123, -76]
[423, 206, -193]
[294, 214, -104]
[374, 223, -307]
[387, 254, -193]
[366, 240, -337]
[417, 274, -211]
[357, 222, -332]
[416, 260, -207]
[357, 218, -306]
[406, 255, -192]
[406, 288, -21]
[326, 295, 21]
[422, 425, -83]
[316, 425, -87]
[401, 536, 88]
[337, 550, 54]
[403, 549, 105]
[344, 564, 66]
[393, 591, 27]
[344, 608, -6]
[300, 49, -303]
[307, 33, -308]
[316, 35, -308]
[320, 34, -308]
[296, 38, -294]
[294, 38, -294]
[293, 39, -294]
[335, 33, -279]
[310, 41, -212]
[320, 67, -288]
[306, 64, -268]
[416, 102, -234]
[299, 124, -134]
[432, 225, -295]
[277, 214, -183]
[384, 260, -395]
[267, 230, -339]
[373, 279, -426]
[267, 238, -367]
[364, 264, -423]
[268, 225, -371]
[364, 258, -395]
[273, 224, -344]
[416, 279, -30]
[332, 278, 31]
[419, 423, -130]
[310, 397, -123]
[404, 526, 96]
[337, 521, 70]
[409, 539, 114]
[347, 534, 88]
[393, 577, 28]
[342, 581, 4]
[306, 50, -256]
[314, 35, -279]
[321, 35, -280]
[324, 33, -280]
[301, 37, -245]
[298, 38, -245]
[297, 39, -245]
[344, 35, -185]
[310, 44, -162]
[323, 66, -238]
[310, 63, -250]
[422, 98, -142]
[297, 114, -95]
[424, 225, -196]
[274, 214, -92]
[361, 252, -209]
[265, 233, -153]
[345, 268, -223]
[264, 244, -166]
[340, 251, -226]
[263, 230, -174]
[341, 246, -209]
[268, 227, -158]
[416, 267, -23]
[340, 267, 24]
[415, 308, -109]
[307, 298, -80]
[401, 346, 56]
[365, 362, 59]
[406, 348, 74]
[379, 366, 83]
[378, 376, 55]
[365, 400, 43]
[298, 39, -201]
[308, 26, -206]
[313, 26, -206]
[323, 25, -206]
[299, 27, -194]
[297, 28, -195]
[296, 28, -195]
[337, 32, -171]
[310, 37, -138]
[312, 52, -188]
[301, 53, -181]
[407, 102, -155]
[292, 112, -90]
[413, 224, -177]
[272, 217, -80]
[368, 251, -214]
[249, 239, -128]
[359, 266, -237]
[244, 248, -137]
[351, 250, -233]
[243, 235, -148]
[350, 245, -213]
[250, 233, -134]
[407, 260, -20]
[336, 255, 20]
[405, 292, -145]
[265, 268, -79]
[388, 323, -25]
[325, 286, 22]
[389, 324, -11]
[343, 289, 34]
[377, 346, -17]
[305, 299, 27]
[295, 48, -234]
[306, 33, -240]
[311, 32, -240]
[319, 31, -240]
[295, 34, -230]
[293, 35, -230]
[292, 35, -230]
[336, 36, -224]
[308, 47, -178]
[313, 62, -225]
[300, 60, -212]
[413, 114, -204]
[290, 116, -131]
[418, 239, -240]
[240, 217, -141]
[366, 267, -306]
[178, 205, -213]
[353, 283, -328]
[161, 197, -226]
[343, 264, -329]
[155, 186, -239]
[344, 259, -307]
[167, 193, -220]
[407, 273, -19]
[333, 265, 19]
[380, 328, -155]
[251, 285, -69]
[388, 339, 27]
[307, 311, 67]
[392, 335, 45]
[323, 312, 86]
[382, 361, 59]
[294, 338, 100]
[293, 51, -176]
[301, 37, -187]
[306, 37, -187]
[312, 36, -187]
[291, 38, -170]
[290, 37, -170]
[289, 35, -170]
[331, 40, -208]
[314, 54, -127]
[312, 64, -181]
[300, 63, -157]
[414, 151, -200]
[321, 118, -84]
[428, 279, -187]
[288, 220, -57]
[321, 298, -174]
[215, 252, -110]
[301, 307, -193]
[192, 257, -123]
[290, 289, -197]
[191, 254, -145]
[295, 286, -175]
[204, 256, -121]
[417, 290, -34]
[355, 252, 34]
[357, 285, -142]
[225, 201, 33]
[285, 263, 3]
[162, 225, 47]
[281, 266, 23]
[161, 242, 53]
[221, 243, 37]
[112, 196, 63]
[292, 49, -150]
[301, 34, -159]
[306, 33, -159]
[312, 31, -159]
[291, 36, -141]
[290, 36, -141]
[289, 35, -141]
[332, 35, -165]
[314, 41, -87]
[310, 62, -150]
[299, 61, -127]
[414, 126, -173]
[314, 125, -33]
[429, 253, -186]
[251, 221, -14]
[334, 294, -219]
[143, 211, -71]
[320, 307, -240]
[118, 209, -79]
[307, 288, -242]
[108, 198, -98]
[309, 284, -219]
[126, 197, -82]
[416, 304, -36]
[347, 293, 36]
[349, 356, -193]
[249, 332, -26]
[369, 386, 1]
[313, 382, 66]
[384, 385, 23]
[331, 386, 80]
[347, 418, 39]
[290, 420, 85]
[291, 49, -137]
[300, 33, -148]
[305, 32, -148]
[311, 30, -148]
[291, 35, -129]
[290, 35, -129]
[289, 35, -129]
[334, 32, -159]
[314, 35, -75]
[308, 61, -139]
[298, 61, -115]
[418, 125, -168]
[314, 125, -17]
[435, 260, -172]
[251, 222, 14]
[341, 310, -201]
[143, 213, -40]
[320, 325, -221]
[114, 202, -45]
[309, 299, -224]
[114, 194, -67]
[311, 292, -201]
[126, 199, -52]
[416, 309, -38]
[345, 297, 38]
[349, 368, -195]
[253, 339, -25]
[377, 396, 17]
[328, 399, 81]
[391, 393, 42]
[348, 403, 96]
[359, 435, 64]
[308, 445, 102]
[291, 49, -124]
[300, 34, -134]
[305, 32, -134]
[311, 31, -134]
[291, 35, -115]
[290, 35, -115]
[289, 35, -115]
[336, 31, -146]
[314, 35, -61]
[308, 61, -127]
[298, 61, -102]
[423, 124, -156]
[314, 125, -7]
[438, 262, -164]
[253, 222, 24]
[339, 320, -195]
[144, 218, -30]
[316, 335, -216]
[114, 208, -36]
[305, 319, -217]
[113, 200, -58]
[306, 314, -195]
[124, 204, -41]
[415, 313, -37]
[345, 304, 37]
[354, 364, -186]
[257, 338, -33]
[387, 399, 23]
[324, 406, 75]
[399, 397, 47]
[343, 412, 89]
[371, 437, 62]
[303, 452, 90]
[291, 47, -134]
[300, 30, -143]
[305, 28, -143]
[312, 27, -143]
[291, 31, -116]
[289, 31, -116]
[288, 31, -116]
[339, 27, -164]
[313, 30, -83]
[308, 60, -139]
[298, 60, -105]
[427, 124, -168]
[314, 122, -33]
[440, 263, -164]
[255, 222, -1]
[337, 331, -209]
[135, 223, -51]
[314, 350, -230]
[106, 217, -58]
[303, 335, -232]
[108, 209, -80]
[305, 330, -209]
[119, 212, -62]
[414, 312, -35]
[346, 296, 36]
[338, 371, -176]
[253, 305, -13]
[394, 357, 26]
[333, 380, 74]
[406, 356, 49]
[354, 387, 85]
[384, 408, 69]
[313, 426, 86]
[293, 45, -159]
[301, 26, -173]
[307, 26, -173]
[314, 25, -173]
[291, 26, -146]
[289, 26, -146]
[288, 25, -147]
[343, 25, -194]
[313, 24, -84]
[309, 58, -163]
[298, 58, -127]
[427, 127, -201]
[317, 116, -26]
[440, 279, -206]
[259, 222, 27]
[324, 339, -221]
[149, 227, -10]
[301, 354, -245]
[120, 218, -16]
[291, 342, -242]
[119, 214, -38]
[297, 336, -218]
[129, 217, -22]
[414, 314, -42]
[346, 298, 42]
[356, 424, -37]
[294, 382, 61]
[409, 504, 139]
[347, 508, 201]
[427, 515, 156]
[364, 524, 215]
[386, 542, 131]
[319, 563, 186]
[295, 43, -160]
[304, 23, -174]
[310, 23, -174]
[317, 22, -174]
[292, 23, -148]
[290, 22, -148]
[288, 21, -148]
[347, 22, -192]
[313, 19, -89]
[311, 55, -163]
[299, 56, -130]
[428, 129, -200]
[316, 115, -10]
[439, 282, -204]
[261, 223, 56]
[321, 346, -217]
[154, 240, 22]
[298, 364, -243]
[125, 231, 18]
[288, 354, -240]
[122, 224, -4]
[295, 346, -215]
[133, 226, 10]
[414, 319, -43]
[346, 309, 44]
[368, 443, -30]
[302, 424, 68]
[414, 540, 140]
[350, 546, 203]
[433, 554, 156]
[367, 562, 217]
[390, 582, 124]
[323, 599, 182]
[298, 42, -160]
[307, 21, -174]
[314, 20, -174]
[321, 19, -174]
[295, 21, -148]
[292, 20, -148]
[289, 19, -148]
[349, 19, -189]
[313, 17, -80]
[315, 53, -162]
[301, 53, -130]
[428, 127, -202]
[316, 114, 10]
[439, 282, -212]
[261, 225, 66]
[317, 355, -224]
[154, 250, 9]
[298, 386, -252]
[124, 242, 5]
[286, 366, -249]
[120, 233, -20]
[291, 355, -221]
[132, 236, -3]
[413, 324, -49]
[345, 315, 50]
[373, 469, -80]
[299, 450, 46]
[404, 587, 104]
[342, 586, 177]
[420, 602, 120]
[357, 605, 189]
[376, 636, 89]
[313, 642, 142]
[302, 41, -213]
[311, 21, -224]
[318, 20, -224]
[325, 19, -224]
[297, 21, -202]
[294, 20, -202]
[291, 19, -202]
[352, 18, -223]
[313, 17, -126]
[319, 53, -208]
[304, 53, -181]
[428, 128, -241]
[314, 113, -9]
[439, 282, -237]
[262, 225, 46]
[321, 361, -238]
[157, 258, 5]
[317, 403, -265]
[128, 254, 4]
[293, 377, -269]
[125, 245, -23]
[296, 364, -238]
[136, 247, -8]
[409, 329, -51]
[342, 320, 51]
[396, 473, -11]
[322, 453, 115]
[419, 595, 168]
[353, 586, 253]
[434, 616, 182]
[364, 608, 265]
[381, 630, 121]
[324, 629, 210]
[303, 34, -224]
[314, 14, -232]
[321, 13, -232]
[329, 12, -232]
[299, 13, -212]
[295, 13, -212]
[291, 12, -212]
[356, 14, -224]
[313, 13, -134]
[320, 48, -217]
[305, 49, -192]
[428, 127, -243]
[312, 111, -15]
[439, 282, -239]
[263, 225, 40]
[332, 366, -239]
[159, 263, 2]
[331, 412, -264]
[130, 262, 1]
[300, 384, -270]
[127, 254, -26]
[308, 367, -239]
[137, 256, -11]
[403, 334, -51]
[338, 322, 51]
[395, 484, -17]
[317, 457, 110]
[411, 607, 164]
[344, 594, 255]
[426, 629, 179]
[354, 617, 268]
[372, 645, 118]
[312, 637, 212]
[304, 31, -230]
[315, 12, -237]
[322, 11, -237]
[330, 10, -237]
[300, 12, -218]
[296, 11, -218]
[292, 11, -218]
[358, 13, -223]
[313, 13, -138]
[321, 47, -222]
[305, 47, -198]
[428, 128, -241]
[310, 109, -27]
[438, 282, -237]
[263, 225, 30]
[338, 370, -242]
[159, 268, -11]
[334, 423, -267]
[131, 270, -14]
[315, 408, -272]
[127, 264, -40]
[313, 376, -243]
[137, 266, -24]
[399, 337, -51]
[335, 322, 51]
[392, 489, -35]
[305, 452, 90]
[404, 614, 147]
[331, 596, 242]
[419, 636, 161]
[341, 619, 256]
[364, 655, 103]
[301, 643, 198]
[304, 27, -220]
[316, 8, -229]
[323, 7, -229]
[331, 6, -229]
[301, 8, -209]
[297, 8, -209]
[293, 7, -209]
[358, 10, -222]
[313, 10, -132]
[321, 43, -214]
[306, 44, -188]
[428, 126, -242]
[308, 108, -28]
[438, 281, -232]
[264, 225, 44]
[348, 370, -232]
[162, 277, 3]
[345, 421, -256]
[134, 281, 1]
[330, 409, -262]
[128, 277, -27]
[321, 374, -233]
[138, 278, -12]
[396, 340, -51]
[327, 327, 51]
[388, 502, -6]
[310, 478, 145]
[399, 633, 155]
[327, 620, 285]
[414, 656, 167]
[336, 645, 297]
[360, 671, 99]
[296, 661, 231]
[305, 21, -228]
[317, 2, -237]
[324, 2, -237]
[333, 1, -237]
[302, 3, -217]
[298, 2, -217]
[294, 2, -217]
[360, 7, -228]
[313, 8, -138]
[322, 38, -221]
[306, 38, -196]
[428, 127, -245]
[306, 108, -29]
[438, 281, -234]
[265, 225, 56]
[354, 370, -230]
[172, 285, 27]
[357, 422, -253]
[143, 292, 29]
[343, 411, -260]
[139, 290, -1]
[341, 392, -231]
[148, 290, 12]
[393, 342, -51]
[319, 329, 51]
[386, 505, -3]
[307, 482, 153]
[398, 637, 165]
[323, 626, 306]
[412, 660, 178]
[335, 651, 319]
[358, 677, 105]
[292, 668, 250]
[306, 19, -246]
[318, 1, -255]
[326, 1, -255]
[334, 0, -255]
[303, 1, -235]
[299, 1, -235]
[295, 1, -235]
[360, 6, -243]
[313, 7, -153]
[323, 36, -238]
[307, 36, -213]
[428, 127, -259]
[304, 109, -42]
[435, 281, -249]
[265, 228, 46]
[353, 373, -247]
[172, 296, 14]
[352, 429, -273]
[145, 303, 10]
[337, 418, -281]
[141, 299, -10]
[337, 402, -248]
[149, 299, 11]
[393, 341, -50]
[317, 329, 51]
[384, 508, -3]
[304, 487, 149]
[396, 639, 186]
[322, 629, 315]
[412, 661, 201]
[329, 654, 330]
[356, 680, 126]
[289, 672, 259]
[307, 17, -243]
[320, 0, -253]
[327, 0, -253]
[336, 0, -253]
[304, -1, -232]
[300, -1, -232]
[297, -1, -232]
[361, 6, -245]
[315, 5, -152]
[323, 34, -236]
[307, 33, -210]
[428, 130, -259]
[302, 109, -44]
[431, 281, -245]
[266, 228, 40]
[363, 371, -241]
[176, 300, 6]
[365, 430, -266]
[149, 309, 2]
[350, 420, -274]
[145, 306, -19]
[350, 403, -242]
[153, 305, 7]
[392, 341, -50]
[316, 329, 51]
[383, 508, 13]
[303, 487, 159]
[393, 643, 196]
[310, 632, 322]
[406, 668, 210]
[315, 657, 336]
[354, 682, 133]
[283, 675, 265]
[308, 16, -254]
[322, 0, -264]
[329, 0, -264]
[338, 0, -264]
[306, -2, -243]
[302, -2, -243]
[298, -2, -244]
[362, 7, -259]
[316, 5, -166]
[324, 34, -247]
[308, 32, -221]
[427, 133, -270]
[302, 109, -54]
[425, 282, -254]
[267, 228, 36]
[366, 373, -251]
[179, 310, 3]
[367, 432, -277]
[153, 319, 0]
[352, 422, -285]
[149, 317, -28]
[351, 406, -252]
[157, 316, -2]
[392, 339, -51]
[315, 327, 51]
[383, 499, 12]
[302, 479, 166]
[392, 634, 189]
[310, 622, 330]
[404, 659, 203]
[314, 647, 344]
[354, 670, 129]
[283, 663, 277]
[310, 16, -270]
[324, 0, -278]
[333, 1, -278]
[341, 1, -278]
[308, -2, -259]
[304, -2, -259]
[300, -3, -259]
[362, 8, -267]
[317, 6, -177]
[325, 34, -261]
[309, 31, -236]
[425, 135, -275]
[299, 109, -66]
[422, 282, -262]
[267, 230, 19]
[366, 374, -266]
[181, 314, -29]
[363, 431, -293]
[154, 323, -33]
[348, 420, -301]
[151, 321, -66]
[348, 404, -268]
[159, 320, -44]
[392, 339, -51]
[313, 326, 52]
[379, 496, 14]
[297, 477, 165]
[386, 633, 210]
[302, 621, 339]
[397, 657, 225]
[306, 645, 354]
[352, 669, 147]
[278, 664, 282]
[310, 14, -265]
[324, -1, -273]
[332, 0, -273]
[341, 1, -274]
[308, -4, -253]
[304, -4, -253]
[301, -5, -253]
[362, 8, -263]
[317, 5, -171]
[325, 33, -257]
[309, 30, -231]
[423, 135, -272]
[297, 109, -63]
[421, 281, -258]
[266, 230, 19]
[374, 372, -261]
[188, 318, -33]
[370, 428, -289]
[160, 327, -38]
[355, 417, -297]
[156, 325, -71]
[354, 401, -263]
[166, 325, -49]
[390, 338, -52]
[310, 326, 53]
[376, 500, 14]
[294, 482, 166]
[382, 638, 206]
[297, 626, 337]
[392, 663, 220]
[302, 650, 352]
[350, 673, 139]
[275, 669, 276]
[310, 15, -278]
[324, 0, -285]
[332, 1, -285]
[341, 1, -286]
[308, -3, -266]
[305, -3, -266]
[302, -4, -266]
[361, 10, -268]
[317, 5, -180]
[325, 33, -267]
[309, 31, -242]
[421, 135, -270]
[296, 109, -70]
[419, 278, -253]
[265, 231, 15]
[380, 371, -256]
[188, 320, -38]
[376, 425, -283]
[162, 330, -43]
[362, 413, -293]
[160, 328, -76]
[361, 398, -259]
[169, 328, -53]
[387, 338, -52]
[308, 326, 53]
[374, 499, 23]
[293, 484, 168]
[378, 639, 212]
[297, 630, 337]
[387, 664, 226]
[302, 654, 351]
[349, 676, 144]
[275, 673, 274]
[310, 14, -279]
[325, 0, -285]
[333, 1, -286]
[342, 2, -286]
[308, -4, -266]
[305, -4, -266]
[302, -4, -266]
[361, 11, -267]
[317, 6, -178]
[326, 34, -268]
[310, 31, -242]
[418, 136, -269]
[293, 111, -66]
[415, 278, -254]
[264, 232, 17]
[377, 371, -259]
[190, 317, -37]
[370, 427, -286]
[160, 333, -42]
[356, 416, -296]
[165, 331, -75]
[355, 401, -261]
[169, 332, -53]
[386, 340, -53]
[304, 330, 53]
[372, 506, 20]
[289, 496, 156]
[375, 647, 229]
[293, 645, 323]
[384, 671, 245]
[299, 668, 337]
[348, 687, 161]
[272, 691, 260]
[311, 14, -274]
[325, 0, -279]
[334, 2, -280]
[341, 4, -280]
[309, -4, -261]
[306, -4, -261]
[303, -4, -261]
[361, 15, -260]
[317, 7, -172]
[327, 35, -261]
[311, 31, -237]
[416, 136, -259]
[289, 113, -63]
[412, 274, -249]
[264, 233, 20]
[374, 370, -258]
[193, 322, -41]
[369, 426, -285]
[177, 339, -47]
[354, 416, -295]
[174, 333, -80]
[354, 400, -260]
[178, 332, -57]
[382, 340, -53]
[301, 333, 54]
[365, 516, -4]
[278, 506, 122]
[364, 659, 200]
[282, 653, 270]
[372, 682, 213]
[288, 675, 281]
[339, 697, 108]
[263, 700, 186]
[311, 15, -267]
[325, 2, -274]
[333, 5, -274]
[341, 7, -274]
[309, -3, -255]
[306, -3, -255]
[303, -4, -255]
[360, 19, -256]
[316, 8, -171]
[327, 37, -256]
[311, 33, -231]
[414, 136, -247]
[287, 115, -53]
[412, 267, -238]
[262, 233, 31]
[379, 366, -253]
[196, 325, -37]
[368, 426, -279]
[181, 343, -44]
[354, 414, -291]
[178, 336, -76]
[354, 399, -256]
[185, 334, -53]
[379, 341, -53]
[298, 335, 54]
[362, 521, -7]
[273, 509, 115]
[359, 663, 196]
[275, 657, 262]
[366, 687, 206]
[280, 678, 273]
[335, 705, 100]
[258, 705, 174]
[311, 20, -274]
[325, 7, -278]
[333, 9, -278]
[341, 11, -278]
[309, 0, -260]
[306, 0, -260]
[303, 0, -260]
[358, 22, -251]
[315, 10, -168]
[327, 44, -259]
[311, 38, -235]
[413, 137, -233]
[286, 116, -53]
[410, 268, -231]
[261, 233, 28]
[378, 366, -261]
[215, 321, -59]
[371, 425, -289]
[209, 338, -71]
[357, 415, -303]
[206, 330, -100]
[355, 398, -265]
[215, 330, -74]
[374, 342, -51]
[290, 339, 51]
[358, 524, -7]
[264, 511, 107]
[352, 666, 195]
[264, 660, 259]
[358, 689, 208]
[269, 680, 270]
[328, 712, 103]
[251, 711, 163]
[311, 21, -277]
[325, 8, -282]
[333, 11, -282]
[341, 13, -282]
[308, 1, -265]
[304, 0, -265]
[301, 0, -265]
[358, 24, -251]
[311, 11, -172]
[327, 47, -262]
[310, 41, -239]
[413, 138, -237]
[284, 116, -60]
[409, 268, -229]
[261, 234, 29]
[378, 371, -259]
[219, 320, -31]
[371, 431, -288]
[211, 336, -38]
[357, 422, -297]
[206, 327, -66]
[355, 405, -262]
[215, 328, -43]
[374, 342, -48]
[292, 338, 48]
[357, 528, 11]
[265, 517, 113]
[351, 671, 215]
[261, 667, 266]
[357, 693, 230]
[265, 688, 278]
[326, 720, 125]
[246, 721, 175]
[311, 25, -273]
[325, 10, -278]
[333, 12, -278]
[341, 14, -278]
[307, 3, -261]
[304, 2, -261]
[300, 2, -261]
[357, 25, -245]
[310, 12, -170]
[327, 50, -259]
[311, 45, -236]
[412, 139, -229]
[282, 117, -65]
[407, 270, -221]
[259, 235, 10]
[377, 375, -251]
[218, 332, -67]
[375, 435, -277]
[215, 349, -78]
[361, 428, -290]
[211, 342, -107]
[358, 410, -255]
[220, 334, -81]
[374, 343, -46]
[287, 348, 46]
[357, 533, 34]
[265, 525, 128]
[350, 679, 240]
[261, 676, 289]
[356, 703, 255]
[265, 697, 302]
[325, 729, 148]
[247, 731, 189]
[309, 24, -255]
[323, 9, -260]
[331, 12, -260]
[339, 14, -260]
[306, 3, -242]
[302, 2, -242]
[298, 2, -242]
[355, 25, -231]
[308, 12, -150]
[326, 50, -242]
[309, 43, -218]
[410, 140, -228]
[280, 117, -59]
[406, 271, -224]
[256, 237, 15]
[379, 394, -246]
[215, 340, -55]
[378, 438, -270]
[207, 367, -63]
[364, 433, -281]
[205, 362, -93]
[361, 415, -249]
[210, 344, -69]
[370, 347, -47]
[282, 354, 47]
[349, 538, 36]
[256, 529, 147]
[341, 688, 235]
[253, 679, 305]
[348, 714, 250]
[256, 701, 318]
[317, 733, 147]
[238, 734, 209]
[308, 23, -240]
[322, 9, -246]
[330, 12, -246]
[338, 14, -246]
[304, 3, -230]
[300, 2, -230]
[296, 2, -230]
[353, 24, -218]
[303, 13, -142]
[326, 49, -227]
[308, 43, -205]
[407, 140, -210]
[279, 117, -55]
[404, 268, -206]
[256, 235, 26]
[379, 377, -233]
[235, 335, -23]
[379, 419, -255]
[239, 359, -27]
[367, 411, -263]
[236, 352, -49]
[359, 380, -235]
[234, 341, -33]
[370, 347, -44]
[283, 351, 45]
[351, 533, 46]
[260, 523, 148]
[345, 683, 239]
[258, 673, 305]
[353, 708, 253]
[262, 695, 318]
[317, 727, 155]
[240, 725, 216]
[308, 18, -241]
[322, 5, -247]
[331, 9, -247]
[338, 11, -247]
[304, 1, -233]
[300, 1, -233]
[296, 1, -233]
[353, 24, -215]
[300, 14, -148]
[324, 49, -226]
[301, 44, -208]
[397, 132, -197]
[278, 117, -72]
[400, 259, -185]
[256, 240, 4]
[378, 373, -204]
[259, 309, -24]
[378, 408, -222]
[262, 335, -27]
[365, 401, -229]
[256, 323, -46]
[359, 381, -206]
[259, 313, -33]
[370, 350, -35]
[282, 349, 36]
[352, 530, 58]
[262, 520, 137]
[347, 678, 243]
[261, 670, 280]
[354, 702, 258]
[264, 691, 293]
[320, 724, 164]
[242, 724, 192]
[308, 18, -223]
[321, 5, -230]
[330, 9, -230]
[337, 11, -230]
[302, 1, -214]
[298, 1, -214]
[294, 1, -215]
[351, 24, -200]
[297, 14, -129]
[324, 49, -208]
[302, 44, -188]
[395, 132, -194]
[276, 117, -38]
[397, 261, -197]
[257, 235, 9]
[376, 373, -213]
[271, 224, -44]
[374, 407, -231]
[278, 225, -49]
[363, 398, -238]
[272, 211, -52]
[358, 381, -214]
[274, 211, -47]
[366, 363, -37]
[276, 352, 37]
[345, 537, 55]
[255, 525, 142]
[339, 691, 250]
[255, 678, 297]
[346, 717, 264]
[258, 699, 310]
[315, 736, 160]
[241, 733, 200]
[309, 22, -248]
[321, 6, -254]
[330, 9, -254]
[337, 12, -254]
[302, 1, -243]
[298, 1, -243]
[294, 1, -243]
[351, 24, -210]
[296, 15, -164]
[320, 50, -226]
[298, 46, -214]
[391, 131, -204]
[275, 116, -77]
[392, 258, -208]
[256, 224, -82]
[374, 325, -238]
[286, 139, -143]
[367, 343, -251]
[299, 118, -151]
[362, 328, -240]
[290, 104, -145]
[358, 320, -236]
[291, 113, -142]
[361, 360, -38]
[275, 350, 38]
[335, 530, 62]
[246, 509, 156]
[323, 683, 265]
[238, 659, 330]
[330, 707, 281]
[240, 681, 346]
[297, 727, 191]
[223, 711, 254]
[308, 23, -248]
[320, 9, -255]
[329, 12, -255]
[335, 14, -256]
[302, 5, -243]
[297, 4, -243]
[293, 4, -243]
[351, 25, -222]
[297, 17, -166]
[321, 50, -227]
[295, 48, -215]
[391, 133, -209]
[276, 115, -73]
[390, 260, -210]
[255, 220, -42]
[373, 336, -238]
[276, 190, -102]
[365, 360, -252]
[286, 183, -107]
[361, 345, -250]
[277, 168, -113]
[357, 335, -236]
[279, 172, -105]
[359, 360, -39]
[275, 350, 39]
[329, 527, 62]
[239, 501, 165]
[316, 682, 273]
[228, 651, 344]
[323, 707, 291]
[230, 673, 360]
[289, 720, 201]
[212, 700, 272]
[308, 25, -253]
[320, 12, -260]
[329, 15, -260]
[336, 17, -260]
[302, 7, -246]
[297, 7, -246]
[293, 7, -246]
[351, 26, -227]
[297, 19, -165]
[322, 50, -233]
[296, 50, -217]
[393, 135, -211]
[277, 113, -79]
[388, 270, -253]
[254, 211, -146]
[368, 307, -283]
[299, 114, -270]
[356, 316, -301]
[316, 85, -284]
[360, 299, -291]
[307, 73, -273]
[357, 295, -279]
[308, 86, -269]
[359, 363, -40]
[273, 349, 40]
[331, 530, 57]
[240, 506, 173]
[318, 685, 259]
[232, 658, 353]
[325, 711, 276]
[233, 681, 369]
[293, 725, 182]
[218, 706, 276]
[308, 25, -262]
[320, 13, -271]
[329, 15, -271]
[337, 17, -271]
[302, 7, -256]
[296, 7, -256]
[291, 7, -256]
[353, 27, -245]
[298, 19, -175]
[322, 49, -247]
[295, 50, -228]
[394, 139, -227]
[277, 111, -86]
[387, 277, -244]
[255, 208, -84]
[365, 323, -256]
[302, 126, -157]
[354, 343, -265]
[318, 100, -178]
[357, 329, -258]
[306, 89, -175]
[355, 321, -249]
[307, 100, -185]
[359, 365, -40]
[274, 348, 41]
[332, 532, 67]
[242, 511, 172]
[322, 686, 284]
[236, 666, 349]
[328, 712, 302]
[238, 689, 366]
[297, 727, 211]
[222, 716, 275]
[305, 23, -276]
[318, 9, -285]
[327, 12, -285]
[335, 14, -285]
[299, 3, -269]
[294, 3, -269]
[289, 3, -269]
[353, 26, -262]
[297, 17, -190]
[322, 48, -262]
[296, 46, -242]
[394, 139, -250]
[276, 110, -95]
[386, 281, -247]
[255, 211, -39]
[365, 384, -253]
[290, 163, -25]
[357, 419, -265]
[302, 148, -22]
[357, 410, -268]
[292, 137, -23]
[355, 394, -251]
[293, 143, -27]
[360, 366, -40]
[274, 348, 40]
[334, 538, 81]
[243, 519, 174]
[325, 694, 310]
[238, 678, 362]
[331, 720, 329]
[240, 701, 379]
[300, 737, 232]
[224, 731, 282]
[302, 23, -270]
[315, 9, -278]
[326, 12, -278]
[333, 14, -279]
[295, 3, -262]
[291, 2, -262]
[287, 2, -262]
[352, 26, -257]
[297, 16, -181]
[319, 48, -257]
[296, 46, -236]
[395, 141, -251]
[276, 108, -91]
[387, 285, -249]
[255, 212, -22]
[366, 397, -244]
[298, 137, -17]
[362, 433, -258]
[313, 113, -17]
[357, 425, -266]
[303, 103, -12]
[355, 409, -245]
[303, 113, -16]
[360, 368, -43]
[275, 348, 43]
[335, 541, 71]
[244, 523, 175]
[326, 698, 293]
[239, 682, 356]
[333, 725, 312]
[242, 706, 373]
[302, 740, 217]
[226, 733, 280]
[301, 24, -268]
[315, 9, -278]
[325, 12, -278]
[333, 14, -278]
[294, 3, -258]
[290, 2, -258]
[286, 2, -258]
[352, 26, -255]
[296, 15, -166]
[319, 49, -255]
[296, 46, -230]
[395, 141, -249]
[276, 108, -83]
[386, 285, -246]
[255, 213, -80]
[360, 356, -234]
[302, 131, -149]
[351, 371, -246]
[319, 104, -159]
[351, 358, -244]
[309, 93, -147]
[350, 351, -230]
[309, 105, -148]
[361, 371, -44]
[275, 351, 44]
[337, 545, 77]
[245, 529, 180]
[328, 703, 304]
[241, 689, 368]
[334, 731, 323]
[242, 714, 385]
[304, 747, 222]
[230, 742, 285]
[301, 24, -254]
[315, 9, -258]
[325, 12, -258]
[333, 14, -258]
[295, 3, -241]
[290, 2, -241]
[286, 2, -241]
[352, 25, -215]
[296, 15, -136]
[319, 50, -235]
[297, 46, -213]
[396, 143, -208]
[275, 107, -64]
[386, 294, -279]
[255, 213, -141]
[350, 295, -331]
[306, 116, -281]
[334, 291, -349]
[324, 86, -298]
[344, 271, -333]
[316, 75, -281]
[345, 272, -324]
[316, 88, -279]
[362, 373, -43]
[268, 352, 43]
[337, 548, 56]
[242, 531, 166]
[328, 712, 256]
[237, 693, 343]
[333, 741, 270]
[236, 718, 358]
[302, 757, 151]
[229, 748, 236]
[301, 22, -272]
[315, 6, -277]
[325, 9, -277]
[333, 11, -277]
[295, 0, -259]
[290, 0, -259]
[285, 0, -259]
[352, 23, -234]
[295, 12, -144]
[319, 49, -253]
[297, 46, -229]
[398, 144, -222]
[275, 106, -64]
[391, 292, -286]
[256, 214, -95]
[355, 314, -333]
[300, 138, -173]
[337, 324, -355]
[315, 115, -181]
[345, 307, -347]
[306, 103, -180]
[348, 302, -330]
[307, 113, -175]
[363, 374, -44]
[267, 351, 45]
[338, 549, 61]
[242, 532, 189]
[329, 715, 275]
[238, 695, 387]
[334, 746, 290]
[238, 720, 405]
[302, 758, 162]
[229, 751, 287]
[307, 22, -294]
[322, 6, -296]
[332, 9, -296]
[340, 11, -296]
[299, 0, -283]
[294, 0, -283]
[288, 0, -283]
[357, 23, -241]
[295, 12, -174]
[324, 50, -271]
[302, 46, -252]
[400, 143, -221]
[272, 107, -86]
[398, 291, -280]
[256, 221, -95]
[363, 316, -359]
[297, 195, -191]
[344, 329, -385]
[310, 191, -204]
[351, 311, -379]
[301, 174, -202]
[353, 306, -357]
[302, 178, -193]
[369, 373, -40]
[266, 352, 41]
[344, 550, 87]
[242, 534, 192]
[335, 715, 319]
[239, 697, 410]
[339, 745, 337]
[239, 722, 429]
[312, 763, 207]
[239, 757, 301]
[309, 21, -287]
[324, 4, -290]
[334, 7, -291]
[343, 9, -291]
[301, -1, -277]
[296, -1, -277]
[290, -2, -277]
[360, 21, -240]
[298, 10, -174]
[326, 49, -265]
[304, 46, -246]
[405, 143, -225]
[271, 108, -84]
[405, 291, -250]
[257, 225, -59]
[376, 358, -271]
[293, 200, -137]
[365, 388, -289]
[306, 193, -148]
[360, 374, -293]
[297, 177, -149]
[361, 361, -271]
[297, 181, -140]
[369, 361, -40]
[267, 353, 41]
[350, 552, 79]
[248, 538, 185]
[343, 718, 307]
[247, 702, 390]
[348, 747, 324]
[246, 727, 409]
[320, 767, 202]
[247, 762, 287]
[310, 15, -284]
[325, 0, -290]
[334, 2, -290]
[343, 4, -290]
[304, -6, -275]
[299, -6, -276]
[294, -6, -276]
[360, 18, -241]
[301, 5, -172]
[327, 43, -261]
[305, 38, -242]
[408, 143, -227]
[270, 110, -84]
[412, 290, -205]
[257, 236, -9]
[384, 391, -193]
[236, 328, -54]
[380, 432, -209]
[239, 361, -61]
[366, 429, -218]
[240, 356, -85]
[366, 410, -195]
[245, 344, -66]
[369, 356, -42]
[267, 354, 42]
[354, 553, 57]
[252, 539, 190]
[350, 720, 275]
[252, 703, 395]
[356, 751, 291]
[251, 729, 413]
[324, 769, 169]
[249, 762, 296]
[307, 8, -280]
[323, -7, -284]
[332, -3, -284]
[342, 0, -284]
[304, -12, -272]
[299, -12, -273]
[294, -12, -273]
[360, 16, -258]
[306, 2, -171]
[326, 37, -261]
[304, 32, -239]
[411, 144, -253]
[270, 111, -74]
[414, 293, -217]
[256, 241, 6]
[383, 388, -228]
[196, 336, -65]
[377, 443, -247]
[181, 361, -73]
[365, 437, -254]
[179, 355, -99]
[365, 419, -230]
[190, 345, -79]
[370, 356, -48]
[269, 355, 48]
[353, 556, 29]
[250, 541, 190]
[348, 721, 237]
[249, 705, 387]
[354, 754, 252]
[250, 732, 404]
[322, 767, 143]
[236, 760, 299]
[307, 9, -267]
[323, -7, -278]
[333, -4, -278]
[343, -1, -278]
[304, -12, -257]
[299, -13, -257]
[294, -13, -257]
[363, 14, -262]
[309, 0, -167]
[327, 38, -260]
[304, 32, -231]
[416, 149, -258]
[272, 111, -67]
[420, 297, -225]
[253, 239, 68]
[381, 396, -204]
[172, 325, 79]
[378, 454, -217]
[144, 333, 87]
[364, 448, -228]
[144, 335, 58]
[364, 429, -206]
[155, 326, 67]
[371, 357, -50]
[280, 351, 51]
[353, 555, 13]
[255, 539, 186]
[349, 719, 197]
[252, 702, 358]
[357, 750, 211]
[253, 729, 373]
[319, 764, 115]
[236, 760, 287]
[307, 8, -256]
[323, -9, -271]
[333, -6, -271]
[343, -3, -272]
[305, -13, -246]
[300, -14, -246]
[297, -14, -246]
[364, 13, -269]
[316, 0, -162]
[327, 35, -255]
[305, 30, -221]
[419, 149, -264]
[277, 108, -62]
[425, 296, -226]
[252, 239, 51]
[381, 389, -194]
[166, 320, 39]
[376, 447, -210]
[140, 325, 40]
[364, 438, -221]
[138, 322, 13]
[364, 421, -196]
[147, 321, 26]
[373, 357, -55]
[293, 343, 55]
[362, 534, 4]
[274, 515, 190]
[363, 693, 186]
[277, 678, 358]
[372, 721, 201]
[281, 705, 374]
[327, 734, 116]
[253, 723, 305]
[309, 7, -260]
[328, -11, -275]
[338, -7, -275]
[349, -4, -275]
[307, -15, -249]
[303, -16, -249]
[298, -16, -250]
[370, 12, -271]
[317, -1, -166]
[331, 35, -258]
[307, 30, -224]
[421, 149, -269]
[279, 107, -61]
[428, 296, -228]
[252, 239, 56]
[375, 385, -212]
[165, 316, 45]
[364, 441, -229]
[138, 320, 47]
[352, 430, -238]
[136, 316, 19]
[351, 411, -213]
[145, 317, 32]
[377, 357, -55]
[301, 339, 56]
[371, 533, 11]
[285, 517, 189]
[372, 690, 199]
[287, 679, 357]
[382, 716, 214]
[291, 706, 373]
[337, 732, 129]
[260, 724, 298]
[313, 4, -254]
[331, -13, -265]
[341, -9, -265]
[350, -6, -265]
[312, -18, -243]
[308, -18, -244]
[304, -18, -244]
[372, 10, -259]
[321, -2, -163]
[334, 32, -247]
[311, 26, -219]
[423, 149, -261]
[281, 107, -51]
[431, 293, -229]
[250, 238, 75]
[367, 385, -213]
[154, 302, 72]
[356, 434, -240]
[125, 303, 77]
[342, 422, -255]
[124, 298, 47]
[338, 399, -216]
[136, 299, 59]
[380, 357, -54]
[306, 339, 55]
[370, 530, 8]
[285, 515, 171]
[369, 685, 190]
[286, 677, 335]
[378, 710, 205]
[291, 703, 349]
[336, 727, 126]
[260, 720, 279]
[317, -1, -254]
[335, -17, -263]
[344, -12, -263]
[354, -8, -263]
[317, -22, -242]
[312, -22, -242]
[308, -21, -242]
[374, 9, -251]
[322, -3, -157]
[334, 30, -245]
[315, 22, -218]
[425, 147, -257]
[282, 107, -41]
[431, 292, -238]
[249, 238, 79]
[356, 380, -261]
[147, 292, 54]
[338, 430, -292]
[115, 294, 55]
[324, 402, -301]
[113, 288, 21]
[325, 386, -263]
[125, 288, 39]
[381, 357, -55]
[306, 340, 55]
[371, 533, 9]
[288, 515, 172]
[370, 689, 202]
[289, 680, 353]
[379, 715, 218]
[293, 708, 369]
[338, 731, 131]
[262, 722, 294]
[317, -3, -219]
[335, -19, -228]
[345, -15, -228]
[354, -10, -228]
[317, -25, -207]
[312, -24, -207]
[309, -23, -207]
[375, 8, -222]
[324, -4, -126]
[337, 27, -213]
[316, 19, -185]
[426, 147, -244]
[285, 107, -19]
[430, 293, -238]
[249, 237, 83]
[325, 379, -259]
[142, 287, 44]
[302, 430, -288]
[117, 289, 40]
[288, 400, -294]
[107, 276, 10]
[293, 378, -260]
[119, 278, 28]
[380, 357, -55]
[303, 347, 56]
[369, 533, 13]
[285, 511, 165]
[367, 691, 208]
[284, 678, 341]
[377, 717, 224]
[289, 706, 356]
[337, 730, 134]
[261, 719, 289]
[317, -2, -181]
[334, -20, -191]
[344, -16, -191]
[354, -11, -191]
[316, -25, -168]
[312, -24, -168]
[308, -23, -168]
[375, 7, -188]
[324, -5, -83]
[337, 27, -177]
[316, 20, -146]
[427, 144, -215]
[287, 107, 15]
[429, 292, -228]
[248, 235, 71]
[312, 361, -252]
[134, 262, -34]
[281, 376, -282]
[105, 260, -45]
[272, 360, -276]
[103, 247, -75]
[279, 351, -246]
[113, 250, -51]
[380, 360, -60]
[302, 345, 61]
[368, 545, -33]
[279, 524, 115]
[365, 709, 123]
[283, 693, 237]
[376, 738, 134]
[286, 721, 246]
[327, 745, 44]
[253, 731, 166]
[317, -3, -168]
[334, -21, -179]
[341, -17, -179]
[350, -13, -179]
[316, -25, -156]
[313, -24, -156]
[310, -24, -156]
[375, 4, -181]
[328, -7, -74]
[337, 23, -166]
[316, 18, -135]
[426, 144, -200]
[288, 107, 19]
[429, 292, -208]
[245, 233, 95]
[313, 343, -244]
[138, 237, -4]
[283, 353, -278]
[106, 231, -24]
[276, 339, -271]
[106, 219, -64]
[282, 334, -239]
[116, 222, -25]
[380, 359, -59]
[300, 341, 59]
[368, 546, -11]
[279, 527, 134]
[365, 711, 161]
[282, 693, 268]
[376, 740, 174]
[284, 720, 279]
[327, 745, 83]
[253, 731, 192]
[318, -3, -196]
[334, -21, -203]
[341, -17, -203]
[350, -13, -204]
[317, -24, -182]
[314, -24, -182]
[311, -23, -183]
[375, 5, -199]
[330, -6, -102]
[337, 24, -191]
[317, 19, -163]
[427, 144, -204]
[289, 107, 8]
[428, 292, -209]
[243, 228, 16]
[311, 330, -245]
[147, 223, -94]
[282, 337, -275]
[121, 218, -107]
[279, 325, -270]
[110, 218, -131]
[284, 317, -239]
[128, 207, -107]
[379, 353, -54]
[299, 335, 54]
[360, 362, -111]
[231, 400, 125]
[324, 521, 15]
[232, 486, 245]
[326, 540, 25]
[241, 507, 256]
[295, 543, -27]
[171, 499, 221]
[322, -3, -202]
[339, -21, -212]
[348, -17, -212]
[357, -13, -212]
[321, -24, -188]
[317, -23, -188]
[314, -23, -188]
[378, 3, -199]
[330, -7, -106]
[341, 23, -200]
[320, 19, -172]
[428, 144, -194]
[288, 107, -1]
[427, 290, -218]
[234, 228, 7]
[320, 312, -312]
[130, 200, -172]
[292, 320, -345]
[99, 190, -193]
[286, 307, -338]
[97, 178, -216]
[293, 299, -309]
[109, 180, -188]
[379, 353, -55]
[295, 335, 55]
[365, 458, -92]
[233, 478, 161]
[346, 667, 35]
[237, 655, 288]
[351, 702, 42]
[242, 686, 293]
[319, 715, -73]
[214, 707, 226]
[331, -3, -204]
[349, -20, -216]
[358, -17, -216]
[368, -13, -217]
[326, -24, -196]
[320, -23, -196]
[316, -22, -196]
[385, 3, -167]
[330, -7, -104]
[350, 24, -200]
[325, 19, -177]
[429, 135, -149]
[288, 107, -10]
[428, 259, -220]
[233, 227, -67]
[343, 269, -357]
[165, 212, -292]
[322, 284, -394]
[155, 210, -325]
[319, 258, -386]
[157, 195, -336]
[326, 252, -355]
[168, 196, -303]
[382, 345, -47]
[295, 333, 48]
[379, 483, -59]
[252, 487, 119]
[361, 665, 84]
[267, 657, 252]
[366, 698, 94]
[275, 689, 263]
[333, 714, -8]
[248, 714, 172]
[337, 5, -377]
[353, -17, -381]
[363, -14, -381]
[371, -11, -381]
[330, -20, -369]
[324, -19, -369]
[319, -18, -369]
[389, 3, -327]
[329, -7, -273]
[354, 24, -353]
[329, 21, -337]
[434, 135, -267]
[290, 106, -164]
[467, 264, -356]
[230, 219, -242]
[389, 294, -511]
[160, 200, -482]
[367, 314, -548]
[147, 197, -520]
[359, 291, -542]
[149, 181, -530]
[362, 283, -509]
[167, 185, -492]
[410, 334, -28]
[300, 321, 28]
[411, 493, -27]
[268, 486, 15]
[393, 666, 200]
[277, 658, 207]
[393, 695, 217]
[282, 689, 222]
[366, 719, 97]
[274, 722, 105]
[346, 4, -242]
[360, -17, -230]
[368, -14, -230]
[376, -11, -230]
[337, -20, -229]
[331, -19, -229]
[325, -18, -229]
[389, 1, -149]
[329, -9, -134]
[360, 19, -207]
[336, 16, -206]
[433, 124, -115]
[289, 99, -90]
[456, 262, -182]
[233, 213, -132]
[407, 285, -434]
[244, 208, -348]
[405, 304, -491]
[249, 208, -385]
[398, 281, -438]
[254, 194, -389]
[393, 278, -500]
[258, 194, -354]
[407, 331, -24]
[301, 320, 24]
[402, 498, -27]
[281, 486, -15]
[389, 660, 194]
[288, 659, 136]
[391, 683, 214]
[292, 686, 148]
[365, 718, 75]
[284, 720, 38]
[344, 6, -181]
[358, -12, -173]
[367, -10, -173]
[375, -7, -173]
[336, -16, -166]
[329, -16, -166]
[323, -15, -166]
[389, 2, -105]
[326, -6, -70]
[360, 21, -155]
[335, 19, -145]
[432, 125, -89]
[287, 104, -7]
[453, 263, -161]
[223, 208, -98]
[415, 281, -338]
[222, 189, -341]
[412, 300, -383]
[205, 190, -379]
[407, 275, -374]
[207, 168, -384]
[405, 270, -365]
[213, 172, -350]
[401, 335, -24]
[297, 328, 25]
[397, 508, -7]
[287, 506, 106]
[390, 667, 177]
[290, 669, 284]
[393, 685, 208]
[292, 693, 300]
[367, 729, 58]
[292, 729, 184]
[352, 33, -131]
[357, 0, -125]
[365, 0, -125]
[373, 1, -125]
[339, -3, -120]
[332, -3, -120]
[327, -4, -121]
[382, 4, -65]
[328, -1, -42]
[358, 27, -107]
[338, 26, -101]
[423, 114, -48]
[288, 111, 10]
[460, 259, -110]
[225, 204, -89]
[434, 265, -237]
[224, 190, -302]
[422, 278, -260]
[220, 190, -334]
[420, 252, -260]
[222, 169, -334]
[419, 249, -239]
[228, 172, -308]
[407, 337, -13]
[303, 331, 13]
[405, 508, 9]
[309, 506, 76]
[400, 667, 122]
[309, 669, 183]
[401, 686, 129]
[307, 692, 192]
[385, 728, 27]
[316, 727, 93]
[382, 154, -83]
[389, 136, -79]
[407, 170, -79]
[418, 176, -79]
[372, 135, -79]
[366, 135, -78]
[360, 134, -79]
[406, 137, -18]
[348, 134, -16]
[390, 165, -58]
[367, 164, -58]
[435, 186, 5]
[300, 178, 19]
[469, 260, -50]
[226, 212, -84]
[439, 252, -138]
[214, 160, -267]
[433, 256, -155]
[214, 176, -295]
[428, 239, -146]
[219, 161, -303]
[426, 241, -136]
[217, 150, -284]
[406, 387, -1]
[305, 381, 2]
[404, 565, 9]
[311, 562, 1]
[395, 736, 96]
[309, 734, 37]
[397, 755, 100]
[306, 752, 39]
[383, 792, 7]
[320, 793, -76]
[389, 138, -94]
[401, 123, -91]
[409, 128, -91]
[415, 130, -91]
[384, 118, -93]
[378, 115, -93]
[372, 112, -94]
[415, 125, -32]
[357, 106, -42]
[393, 151, -68]
[372, 144, -71]
[442, 176, -11]
[298, 153, 6]
[497, 263, -62]
[215, 207, -79]
[423, 228, -147]
[202, 119, -204]
[411, 239, -167]
[208, 107, -229]
[409, 214, -155]
[184, 87, -228]
[404, 215, -143]
[202, 97, -208]
[403, 378, 3]
[297, 370, -2]
[402, 551, 22]
[305, 543, -1]
[390, 715, 113]
[298, 710, 54]
[385, 737, 120]
[290, 732, 56]
[376, 769, 24]
[306, 764, -50]
[382, 94, -106]
[360, 86, -105]
[363, 69, -105]
[371, 69, -105]
[351, 93, -100]
[350, 90, -100]
[345, 89, -100]
[384, 67, -57]
[349, 72, -33]
[391, 109, -85]
[371, 105, -78]
[445, 174, -26]
[297, 146, 8]
[508, 265, -103]
[212, 206, -79]
[436, 230, -213]
[201, 111, -225]
[416, 234, -238]
[179, 88, -253]
[409, 206, -227]
[181, 80, -241]
[410, 208, -210]
[200, 89, -218]
[391, 377, -3]
[297, 363, 4]
[401, 546, 13]
[301, 541, 2]
[388, 698, 114]
[297, 699, 72]
[386, 716, 120]
[292, 718, 76]
[373, 749, 30]
[300, 751, -11]
[339, 64, -109]
[339, 36, -106]
[345, 27, -106]
[351, 26, -106]
[328, 51, -100]
[326, 51, -100]
[322, 52, -100]
[367, 32, -57]
[332, 61, -25]
[354, 80, -88]
[340, 81, -79]
[443, 160, -28]
[291, 140, 12]
[509, 264, -103]
[213, 206, -78]
[443, 238, -215]
[199, 113, -239]
[424, 245, -240]
[192, 101, -270]
[414, 218, -229]
[198, 87, -256]
[416, 218, -212]
[198, 94, -236]
[383, 364, -9]
[296, 360, 9]
[392, 534, -20]
[294, 512, -19]
[384, 683, 74]
[295, 685, 46]
[386, 703, 79]
[294, 706, 50]
[359, 730, -9]
[290, 740, -33]
[323, 45, -117]
[329, 19, -115]
[337, 14, -115]
[343, 12, -115]
[315, 27, -106]
[311, 28, -106]
[307, 30, -106]
[361, 18, -69]
[315, 48, -25]
[340, 61, -98]
[324, 64, -85]
[443, 141, -42]
[281, 131, 18]
[504, 263, -116]
[213, 206, -76]
[438, 240, -225]
[202, 127, -265]
[419, 247, -249]
[203, 121, -297]
[411, 218, -239]
[209, 105, -288]
[412, 218, -222]
[205, 105, -267]
[378, 357, -13]
[296, 354, 14]
[380, 511, -46]
[278, 489, -49]
[378, 666, 57]
[291, 667, 23]
[384, 688, 62]
[294, 690, 27]
[349, 716, -29]
[274, 725, -58]
[328, 65, -95]
[332, 31, -87]
[337, 26, -87]
[346, 25, -87]
[322, 51, -84]
[316, 51, -84]
[310, 51, -84]
[358, 26, -24]
[317, 60, -12]
[344, 82, -69]
[325, 82, -66]
[438, 146, 0]
[280, 133, 20]
[501, 264, -76]
[213, 206, -76]
[434, 238, -186]
[204, 130, -227]
[416, 242, -209]
[207, 127, -256]
[407, 214, -200]
[213, 113, -251]
[408, 216, -184]
[210, 114, -229]
[379, 359, -9]
[292, 354, 10]
[378, 484, -34]
[276, 466, -66]
[374, 651, 34]
[290, 655, -22]
[377, 674, 37]
[294, 679, -19]
[349, 705, -42]
[274, 713, -95]
[350, 80, -92]
[360, 63, -84]
[366, 62, -84]
[372, 62, -84]
[343, 65, -84]
[337, 64, -84]
[330, 64, -84]
[380, 70, -20]
[323, 70, -18]
[362, 97, -65]
[340, 96, -65]
[438, 154, 11]
[288, 137, 15]
[498, 264, -62]
[214, 205, -69]
[438, 239, -183]
[193, 118, -198]
[421, 243, -209]
[162, 93, -225]
[410, 216, -200]
[180, 85, -227]
[411, 217, -182]
[187, 93, -202]
[382, 370, 1]
[293, 360, 0]
[381, 493, -31]
[283, 471, -78]
[378, 655, 48]
[292, 659, -19]
[378, 677, 53]
[294, 682, -16]
[363, 709, -22]
[290, 714, -92]
[344, 59, -103]
[353, 28, -107]
[360, 27, -107]
[365, 27, -107]
[337, 28, -94]
[333, 28, -94]
[328, 28, -94]
[375, 31, -71]
[324, 28, -19]
[358, 78, -91]
[336, 63, -74]
[442, 142, -44]
[290, 131, 13]
[496, 269, -136]
[215, 207, -75]
[435, 242, -286]
[189, 122, -280]
[418, 252, -315]
[156, 98, -312]
[408, 218, -306]
[168, 87, -315]
[409, 218, -284]
[180, 97, -287]
[382, 356, -7]
[301, 351, 7]
[382, 501, -28]
[286, 488, -57]
[379, 656, 88]
[292, 661, 25]
[382, 679, 96]
[294, 684, 31]
[362, 712, 9]
[290, 716, -70]
[343, 35, -111]
[353, 12, -109]
[360, 12, -109]
[364, 13, -109]
[335, 11, -99]
[330, 11, -99]
[325, 11, -99]
[374, 18, -67]
[323, 14, -21]
[356, 52, -94]
[333, 49, -81]
[432, 128, -45]
[290, 121, 28]
[492, 269, -132]
[220, 207, -47]
[431, 244, -259]
[173, 124, -264]
[415, 265, -286]
[148, 104, -311]
[407, 232, -279]
[148, 91, -302]
[408, 228, -257]
[163, 99, -280]
[382, 340, -17]
[301, 343, 17]
[385, 494, -53]
[286, 477, -69]
[381, 652, 59]
[295, 652, 13]
[387, 674, 65]
[301, 675, 19]
[362, 704, -24]
[290, 708, -68]
[363, 38, -116]
[359, 9, -112]
[366, 10, -112]
[371, 11, -112]
[342, 7, -106]
[338, 7, -106]
[332, 7, -106]
[379, 16, -55]
[330, 10, -30]
[375, 55, -94]
[351, 51, -86]
[442, 123, -34]
[295, 104, 8]
[466, 256, -102]
[243, 201, -78]
[430, 249, -219]
[261, 202, -261]
[414, 266, -242]
[262, 212, -292]
[406, 237, -235]
[268, 196, -279]
[407, 233, -216]
[273, 195, -262]
[403, 325, -11]
[310, 320, 12]
[398, 484, -26]
[300, 475, -28]
[396, 632, 109]
[305, 637, 56]
[399, 649, 120]
[308, 657, 62]
[379, 691, 43]
[309, 692, -19]
[358, 26, -241]
[358, 6, -239]
[365, 8, -239]
[370, 9, -239]
[342, 4, -227]
[338, 4, -228]
[331, 3, -228]
[378, 15, -182]
[330, 7, -129]
[369, 44, -217]
[347, 43, -201]
[434, 126, -147]
[294, 104, -37]
[462, 267, -220]
[240, 200, -90]
[418, 273, -364]
[211, 196, -308]
[413, 291, -398]
[207, 198, -339]
[406, 265, -394]
[204, 181, -350]
[398, 260, -363]
[216, 184, -319]
[401, 330, -27]
[309, 327, 27]
[397, 486, -19]
[299, 485, 52]
[394, 642, 182]
[304, 644, 201]
[397, 661, 197]
[308, 665, 214]
[374, 698, 97]
[305, 699, 106]
[358, 27, -322]
[358, 6, -313]
[365, 7, -314]
[371, 9, -314]
[341, 4, -309]
[338, 4, -309]
[331, 4, -309]
[380, 15, -232]
[330, 6, -210]
[369, 41, -288]
[345, 43, -282]
[431, 121, -171]
[292, 104, -125]
[437, 263, -195]
[255, 228, -130]
[381, 271, -311]
[305, 277, -254]
[366, 287, -342]
[320, 304, -279]
[364, 263, -342]
[325, 285, -288]
[363, 258, -312]
[322, 276, -258]
[399, 317, -27]
[308, 312, 27]
[419, 469, -69]
[297, 459, -70]
[407, 608, 140]
[318, 615, 113]
[405, 624, 154]
[325, 633, 140]
[392, 673, 58]
[320, 677, 19]
[357, 14, -339]
[360, -3, -334]
[367, -1, -334]
[375, 1, -334]
[341, -7, -326]
[337, -7, -326]
[331, -6, -327]
[386, 11, -265]
[330, -1, -231]
[367, 32, -311]
[344, 32, -301]
[432, 123, -217]
[291, 106, -148]
[430, 265, -282]
[249, 224, -205]
[371, 273, -430]
[199, 227, -401]
[352, 288, -468]
[211, 235, -438]
[351, 264, -468]
[211, 217, -448]
[352, 258, -432]
[221, 216, -410]
[398, 318, -20]
[303, 312, 20]
[412, 470, -83]
[289, 464, -71]
[402, 602, 152]
[313, 619, 111]
[402, 619, 171]
[318, 638, 127]
[386, 666, 73]
[312, 684, 17]
[346, 16, -298]
[357, -2, -297]
[366, 0, -297]
[375, 1, -297]
[336, -6, -287]
[332, -6, -287]
[326, -6, -287]
[386, 10, -242]
[330, 0, -194]
[361, 36, -275]
[340, 35, -261]
[432, 124, -202]
[292, 105, -111]
[429, 256, -235]
[251, 225, -197]
[368, 273, -341]
[261, 251, -259]
[343, 289, -374]
[264, 268, -283]
[339, 265, -369]
[267, 265, -303]
[344, 259, -340]
[271, 257, -270]
[394, 323, -25]
[300, 312, 25]
[388, 473, -56]
[289, 467, 68]
[375, 618, 196]
[293, 622, 246]
[377, 637, 215]
[295, 643, 262]
[352, 678, 126]
[288, 680, 166]
[343, 13, -329]
[357, -4, -327]
[365, -2, -327]
[374, 0, -327]
[335, -7, -320]
[331, -7, -320]
[326, -7, -320]
[386, 8, -277]
[331, 0, -247]
[359, 32, -308]
[339, 31, -299]
[431, 125, -244]
[282, 105, -185]
[434, 251, -293]
[225, 223, -212]
[364, 271, -414]
[157, 227, -337]
[340, 280, -450]
[136, 254, -367]
[337, 253, -446]
[132, 249, -382]
[339, 249, -415]
[149, 239, -348]
[394, 309, -20]
[299, 285, 20]
[388, 340, -106]
[247, 312, 59]
[361, 387, 172]
[246, 324, 288]
[360, 392, 179]
[252, 330, 312]
[335, 424, 120]
[209, 343, 291]
[332, 8, -188]
[347, -9, -195]
[356, -7, -195]
[364, -5, -195]
[329, -13, -181]
[326, -12, -181]
[322, -12, -181]
[385, 6, -244]
[332, -4, -136]
[347, 30, -186]
[330, 28, -167]
[431, 129, -187]
[293, 105, -100]
[433, 253, -244]
[227, 222, -38]
[341, 322, -259]
[122, 225, -88]
[323, 350, -277]
[92, 251, -94]
[306, 328, -287]
[85, 245, -120]
[308, 318, -262]
[109, 224, -101]
[387, 315, -21]
[297, 297, 21]
[381, 345, -253]
[201, 272, 54]
[329, 398, -289]
[224, 316, 50]
[323, 417, -291]
[233, 336, 51]
[293, 383, -336]
[198, 297, 52]
[325, 12, -201]
[339, -6, -203]
[347, -4, -203]
[356, -2, -203]
[323, -10, -190]
[320, -9, -190]
[317, -9, -190]
[383, 7, -207]
[332, -1, -131]
[340, 32, -193]
[325, 31, -175]
[432, 134, -187]
[300, 104, -75]
[434, 271, -212]
[244, 222, 10]
[323, 330, -226]
[139, 222, -33]
[301, 349, -252]
[112, 232, -45]
[289, 336, -253]
[107, 221, -69]
[293, 326, -226]
[118, 212, -46]
[388, 320, -29]
[310, 303, 29]
[373, 360, 90]
[235, 340, 169]
[348, 430, 270]
[278, 365, 339]
[366, 438, 287]
[294, 372, 357]
[320, 446, 265]
[216, 377, 351]
[324, 14, -200]
[339, -5, -207]
[347, -3, -207]
[356, -2, -208]
[322, -8, -189]
[319, -8, -189]
[316, -8, -190]
[383, 8, -207]
[331, -2, -120]
[339, 34, -195]
[323, 32, -171]
[433, 137, -215]
[307, 99, -29]
[434, 284, -219]
[255, 220, 63]
[306, 340, -239]
[140, 230, 23]
[281, 357, -267]
[112, 226, 18]
[269, 343, -268]
[110, 216, -10]
[277, 335, -238]
[119, 216, 8]
[387, 328, -42]
[311, 304, 43]
[356, 449, 24]
[266, 404, 133]
[349, 577, 187]
[283, 542, 259]
[362, 602, 199]
[295, 567, 271]
[311, 596, 144]
[236, 574, 226]
[324, 15, -207]
[339, -4, -217]
[348, -2, -217]
[357, -1, -217]
[322, -7, -196]
[318, -7, -196]
[315, -7, -196]
[383, 8, -221]
[330, -1, -123]
[339, 36, -204]
[323, 32, -177]
[433, 139, -233]
[312, 96, -28]
[429, 290, -232]
[261, 219, 48]
[302, 358, -236]
[148, 248, -4]
[273, 397, -261]
[116, 243, -8]
[263, 366, -262]
[113, 236, -38]
[272, 355, -235]
[124, 239, -19]
[387, 335, -45]
[321, 307, 46]
[335, 461, 21]
[265, 415, 133]
[312, 587, 186]
[238, 554, 258]
[320, 611, 199]
[240, 579, 269]
[266, 609, 140]
[195, 587, 221]
[324, 17, -224]
[340, -2, -232]
[348, -1, -232]
[357, 0, -232]
[322, -5, -213]
[319, -6, -214]
[315, -6, -214]
[384, 9, -227]
[330, 0, -149]
[340, 40, -221]
[323, 35, -197]
[433, 142, -238]
[311, 97, -52]
[428, 292, -223]
[264, 218, 6]
[317, 369, -218]
[153, 265, -37]
[297, 418, -242]
[125, 261, -39]
[286, 402, -245]
[122, 254, -70]
[288, 369, -218]
[132, 259, -52]
[387, 338, -44]
[325, 305, 44]
[348, 435, 37]
[253, 353, 155]
[335, 522, 208]
[208, 420, 287]
[354, 537, 221]
[208, 439, 300]
[271, 547, 191]
[147, 428, 284]
[325, 19, -233]
[340, 0, -242]
[349, 0, -242]
[358, 1, -242]
[323, -3, -222]
[319, -4, -222]
[315, -6, -222]
[384, 11, -234]
[330, 0, -148]
[340, 42, -227]
[323, 36, -202]
[433, 143, -248]
[311, 97, -48]
[428, 292, -233]
[267, 217, 25]
[326, 372, -232]
[157, 274, -25]
[307, 424, -258]
[131, 272, -30]
[288, 412, -264]
[129, 269, -61]
[297, 373, -233]
[140, 273, -41]
[388, 340, -48]
[327, 305, 48]
[359, 453, 46]
[258, 383, 179]
[373, 569, 239]
[229, 514, 344]
[387, 590, 255]
[231, 540, 360]
[326, 598, 194]
[185, 542, 313]
[325, 25, -264]
[340, 5, -271]
[349, 6, -271]
[358, 6, -271]
[323, 1, -253]
[319, 0, -253]
[315, -2, -253]
[384, 14, -256]
[328, 1, -170]
[340, 47, -255]
[323, 42, -230]
[433, 143, -260]
[309, 98, -66]
[427, 289, -246]
[266, 217, 26]
[341, 370, -238]
[164, 287, 0]
[335, 428, -259]
[133, 289, 0]
[316, 416, -283]
[132, 286, -30]
[312, 373, -246]
[141, 290, -13]
[390, 339, -46]
[328, 304, 46]
[377, 452, 51]
[272, 387, 190]
[390, 567, 245]
[245, 522, 371]
[401, 587, 261]
[246, 546, 389]
[356, 603, 201]
[185, 559, 343]
[326, 29, -274]
[341, 8, -280]
[349, 9, -280]
[358, 9, -281]
[323, 3, -263]
[318, 1, -263]
[314, 0, -263]
[384, 17, -259]
[325, 2, -180]
[341, 52, -262]
[324, 47, -239]
[433, 143, -254]
[308, 98, -78]
[424, 288, -236]
[264, 217, 44]
[355, 370, -240]
[170, 289, 51]
[352, 433, -263]
[136, 303, 54]
[336, 422, -278]
[135, 301, 25]
[323, 376, -245]
[142, 305, 38]
[390, 339, -45]
[327, 306, 45]
[376, 475, 33]
[288, 439, 158]
[386, 600, 237]
[277, 579, 339]
[395, 620, 255]
[279, 602, 356]
[355, 649, 187]
[245, 625, 293]
[326, 32, -283]
[341, 10, -288]
[349, 11, -288]
[359, 12, -288]
[323, 6, -272]
[318, 4, -272]
[313, 1, -272]
[384, 19, -261]
[323, 4, -187]
[341, 54, -270]
[324, 51, -248]
[432, 143, -245]
[303, 102, -93]
[424, 287, -230]
[257, 231, 25]
[366, 368, -241]
[171, 313, 9]
[364, 429, -265]
[137, 319, 5]
[350, 418, -279]
[142, 322, -23]
[337, 377, -245]
[150, 322, -4]
[390, 339, -36]
[322, 311, 36]
[377, 481, 34]
[289, 457, 143]
[382, 606, 249]
[281, 592, 322]
[392, 624, 268]
[284, 614, 339]
[350, 660, 200]
[257, 645, 270]
