[313, 140, -372]
[327, 119, -358]
[336, 119, -358]
[345, 120, -358]
[297, 118, -354]
[288, 119, -354]
[281, 119, -354]
[366, 131, -267]
[274, 129, -250]
[329, 164, -338]
[298, 164, -333]
[420, 265, -200]
[236, 242, -177]
[440, 395, -241]
[200, 348, -209]
[365, 381, -332]
[254, 358, -328]
[342, 384, -353]
[271, 370, -351]
[339, 363, -340]
[277, 354, -345]
[330, 339, -328]
[275, 351, -328]
[380, 445, -15]
[275, 439, 16]
[357, 588, -40]
[262, 577, -12]
[345, 719, 139]
[256, 716, 114]
[347, 742, 149]
[259, 739, 122]
[322, 774, 45]
[251, 775, 12]
[305, 151, -319]
[319, 129, -304]
[330, 130, -304]
[340, 131, -304]
[288, 129, -302]
[279, 129, -302]
[271, 130, -302]
[358, 142, -212]
[264, 137, -198]
[321, 176, -284]
[291, 176, -281]
[415, 267, -149]
[220, 260, -145]
[456, 360, -246]
[199, 378, -219]
[379, 340, -382]
[261, 337, -343]
[353, 374, -407]
[301, 363, -370]
[352, 314, -383]
[298, 325, -352]
[353, 324, -375]
[290, 348, -339]
[373, 474, -14]
[276, 477, 15]
[362, 561, -17]
[247, 524, -6]
[345, 703, 144]
[275, 654, 137]
[344, 698, 157]
[279, 664, 147]
[331, 704, 78]
[280, 684, 48]
[420, 159, -41]
[420, 152, -55]
[419, 152, -55]
[419, 153, -55]
[422, 149, -57]
[422, 148, -57]
[423, 147, -57]
[420, 158, -80]
[426, 150, -87]
[419, 169, -42]
[421, 166, -45]
[418, 207, -70]
[437, 208, -71]
[394, 170, -42]
[423, 152, -56]
[391, 144, 9]
[402, 125, -55]
[382, 141, 5]
[401, 122, -61]
[383, 142, 2]
[398, 124, -71]
[381, 146, 8]
[399, 128, -58]
[417, 446, -15]
[428, 416, 15]
[380, 298, -13]
[392, 353, 20]
[353, 352, 60]
[375, 375, 77]
[352, 370, 65]
[372, 381, 82]
[350, 332, 45]
[355, 361, 55]
[421, 207, -218]
[414, 208, -247]
[409, 208, -246]
[405, 208, -246]
[426, 209, -256]
[430, 210, -256]
[435, 210, -256]
[407, 216, -255]
[439, 213, -292]
[418, 206, -215]
[433, 207, -228]
[341, 220, -216]
[477, 229, -250]
[336, 158, -279]
[504, 135, -278]
[388, 146, -403]
[426, 121, -298]
[392, 138, -444]
[398, 106, -322]
[394, 139, -453]
[392, 124, -337]
[389, 139, -413]
[400, 139, -305]
[389, 404, -6]
[451, 399, 6]
[383, 294, -17]
[441, 333, 35]
[366, 330, 110]
[389, 341, 112]
[365, 340, 119]
[375, 340, 117]
[357, 320, 81]
[372, 338, 106]
[258, 133, 39]
[253, 129, 40]
[253, 129, 40]
[252, 129, 40]
[252, 129, 33]
[252, 130, 33]
[251, 130, 32]
[246, 133, 50]
[245, 135, 14]
[258, 139, 43]
[257, 139, 33]
[248, 162, 60]
[247, 157, -5]
[267, 176, 74]
[259, 180, -26]
[271, 166, 82]
[254, 176, -18]
[273, 165, 85]
[253, 176, -16]
[271, 162, 88]
[252, 175, -16]
[270, 163, 83]
[253, 175, -17]
[296, 249, 22]
[292, 249, -22]
[331, 238, 14]
[319, 264, -42]
[326, 268, 12]
[306, 302, -34]
[322, 274, 11]
[297, 307, -32]
[332, 270, 5]
[318, 314, -37]
[229, 142, 1]
[234, 138, -5]
[234, 138, -5]
[235, 138, -5]
[234, 137, 6]
[235, 137, 6]
[235, 137, 6]
[241, 144, -27]
[242, 142, 22]
[231, 150, -5]
[231, 149, 9]
[247, 177, -60]
[247, 177, 53]
[253, 222, -61]
[256, 231, 60]
[240, 248, -43]
[251, 278, 38]
[238, 255, -53]
[249, 289, 39]
[235, 252, -49]
[250, 289, 26]
[237, 250, -42]
[251, 285, 32]
[297, 275, -38]
[297, 271, 38]
[360, 314, -61]
[356, 297, 51]
[401, 276, -24]
[402, 291, 69]
[401, 272, -19]
[405, 287, 71]
[424, 273, -20]
[419, 296, 64]
[260, 212, -36]
[257, 208, -37]
[256, 207, -37]
[256, 207, -37]
[256, 210, -45]
[255, 211, -45]
[254, 212, -45]
[249, 208, -25]
[247, 217, -62]
[258, 215, -30]
[257, 217, -41]
[249, 221, 3]
[243, 244, -73]
[267, 241, 33]
[261, 288, -76]
[268, 255, 40]
[274, 298, -63]
[272, 262, 43]
[278, 302, -66]
[267, 260, 38]
[277, 300, -67]
[266, 258, 38]
[276, 298, -62]
[316, 250, 27]
[310, 265, -27]
[333, 221, 25]
[338, 281, -59]
[321, 264, 48]
[299, 319, -43]
[315, 270, 50]
[292, 322, -40]
[324, 278, 41]
[291, 337, -47]
[253, 230, -30]
[251, 226, -34]
[251, 226, -34]
[250, 226, -34]
[250, 227, -37]
[249, 227, -37]
[248, 227, -37]
[243, 225, -36]
[239, 229, -51]
[245, 236, -29]
[249, 233, -33]
[237, 240, -34]
[236, 246, -43]
[251, 286, -16]
[250, 298, -43]
[253, 313, -1]
[254, 325, -45]
[254, 320, -6]
[252, 329, -49]
[251, 317, -5]
[253, 330, -57]
[250, 315, -2]
[254, 329, -48]
[310, 274, 0]
[310, 275, 0]
[349, 258, -6]
[361, 261, 2]
[308, 289, 49]
[345, 260, 55]
[298, 293, 56]
[338, 259, 62]
[300, 296, 62]
[349, 263, 71]
[315, 256, 34]
[304, 265, 43]
[298, 279, 43]
[298, 279, 43]
[305, 270, 26]
[306, 274, 26]
[306, 277, 26]
[316, 279, 83]
[318, 295, 6]
[330, 255, 50]
[331, 261, 27]
[366, 263, 117]
[371, 307, -33]
[351, 171, 152]
[334, 213, -88]
[315, 137, 121]
[266, 200, -87]
[308, 128, 124]
[252, 197, -101]
[302, 136, 111]
[248, 207, -91]
[304, 139, 114]
[253, 208, -84]
[498, 151, 56]
[505, 173, -56]
[333, 219, 115]
[342, 254, -67]
[251, 187, 170]
[221, 220, -42]
[243, 171, 174]
[207, 207, -39]
[223, 214, 150]
[181, 247, -70]
[285, 255, -40]
[284, 260, -52]
[286, 264, -52]
[288, 267, -52]
[280, 253, -56]
[279, 251, -56]
[278, 249, -56]
[307, 275, -76]
[292, 247, -93]
[300, 257, -45]
[296, 257, -50]
[366, 306, -45]
[344, 218, -83]
[360, 244, 19]
[353, 148, -41]
[315, 201, 37]
[347, 150, 22]
[305, 197, 34]
[348, 143, 18]
[300, 191, 23]
[347, 156, 7]
[303, 189, 33]
[348, 161, 18]
[499, 169, 33]
[492, 125, -33]
[364, 229, 100]
[329, 172, 12]
[398, 135, 182]
[391, 79, 109]
[410, 121, 191]
[411, 69, 119]
[374, 102, 205]
[369, 42, 136]
[289, 251, -37]
[289, 253, -53]
[299, 257, -53]
[300, 260, -53]
[281, 243, -53]
[279, 241, -53]
[279, 240, -53]
[329, 266, -89]
[300, 230, -90]
[303, 256, -47]
[304, 248, -47]
[377, 295, -62]
[349, 196, -84]
[315, 318, -52]
[366, 153, -26]
[223, 312, -61]
[360, 145, 52]
[199, 318, -69]
[356, 139, 52]
[197, 309, -83]
[357, 145, 42]
[207, 302, -68]
[358, 149, 50]
[499, 175, 27]
[488, 125, -28]
[357, 281, 66]
[339, 156, -25]
[271, 216, 117]
[305, 109, 40]
[262, 188, 120]
[302, 90, 21]
[209, 230, 96]
[336, 117, -37]
[310, 225, -27]
[310, 227, -38]
[315, 230, -38]
[315, 232, -38]
[308, 224, -45]
[308, 224, -44]
[306, 222, -44]
[340, 243, -52]
[317, 209, -84]
[316, 231, -29]
[319, 228, -38]
[384, 293, -25]
[353, 199, -71]
[326, 270, 12]
[318, 167, -49]
[255, 242, 1]
[312, 149, -10]
[243, 242, -4]
[308, 152, -18]
[222, 237, -14]
[337, 152, -14]
[222, 234, -3]
[343, 156, -9]
[498, 173, 20]
[489, 127, -20]
[360, 279, 25]
[362, 188, -21]
[255, 282, 46]
[290, 207, 9]
[245, 266, 46]
[287, 203, 7]
[193, 317, 14]
[262, 229, -33]
[339, 209, 65]
[336, 214, 58]
[337, 215, 58]
[337, 219, 58]
[335, 211, 54]
[335, 211, 54]
[334, 211, 54]
[345, 229, 42]
[336, 214, 27]
[346, 216, 61]
[348, 212, 57]
[395, 256, 6]
[355, 200, 21]
[349, 247, 45]
[321, 167, -3]
[323, 191, 29]
[320, 154, -8]
[318, 185, 24]
[316, 150, -12]
[314, 180, 19]
[324, 155, -13]
[315, 180, 26]
[327, 158, -9]
[507, 162, 14]
[489, 132, -14]
[358, 240, 23]
[359, 199, -5]
[251, 266, 36]
[279, 250, 10]
[240, 263, 36]
[276, 256, 11]
[206, 304, -5]
[249, 275, -27]
[348, 208, -90]
[356, 206, -99]
[357, 208, -99]
[358, 210, -99]
[353, 202, -99]
[352, 201, -99]
[352, 200, -99]
[365, 213, -97]
[352, 190, -95]
[361, 214, -85]
[352, 208, -84]
[405, 256, -58]
[360, 171, -45]
[350, 239, -22]
[326, 143, -25]
[327, 191, -2]
[324, 145, -29]
[318, 184, -2]
[320, 142, -23]
[322, 176, -6]
[328, 149, -33]
[325, 176, -3]
[331, 152, -31]
[511, 166, 2]
[489, 126, -2]
[368, 242, -5]
[356, 179, -9]
[251, 289, 6]
[296, 243, 8]
[244, 288, 6]
[296, 254, 8]
[208, 317, -27]
[263, 264, -26]
[359, 198, -68]
[358, 209, -78]
[360, 211, -78]
[361, 215, -78]
[357, 199, -81]
[356, 196, -81]
[355, 192, -81]
[370, 220, -84]
[364, 185, -94]
[363, 207, -65]
[360, 194, -68]
[402, 258, -47]
[365, 156, -61]
[317, 237, -19]
[322, 113, -37]
[322, 191, -26]
[326, 129, 0]
[311, 204, -27]
[324, 130, 0]
[313, 199, -31]
[332, 142, -9]
[316, 198, -27]
[334, 143, -3]
[492, 168, 10]
[485, 121, -10]
[358, 242, -9]
[356, 161, -15]
[290, 261, -13]
[309, 224, 0]
[293, 254, -13]
[318, 251, 0]
[240, 292, -22]
[261, 237, -14]
[370, 203, -136]
[373, 212, -142]
[374, 216, -142]
[374, 222, -142]
[371, 201, -145]
[371, 199, -145]
[374, 195, -145]
[379, 224, -126]
[382, 187, -140]
[372, 205, -126]
[374, 195, -130]
[397, 248, -71]
[378, 144, -90]
[320, 229, -37]
[324, 123, -41]
[324, 182, -44]
[337, 139, 30]
[315, 182, -48]
[334, 135, 35]
[320, 196, -50]
[342, 153, 26]
[329, 175, -45]
[345, 150, 29]
[492, 166, 6]
[482, 113, -6]
[364, 240, -21]
[355, 153, -7]
[297, 264, -3]
[306, 219, 8]
[294, 257, -1]
[308, 230, 8]
[251, 304, -20]
[260, 243, -14]
[370, 206, -164]
[375, 215, -169]
[377, 220, -169]
[379, 226, -169]
[373, 204, -172]
[373, 201, -172]
[373, 199, -172]
[391, 229, -147]
[383, 190, -161]
[375, 210, -151]
[375, 199, -155]
[407, 251, -85]
[383, 142, -98]
[345, 230, -34]
[339, 120, -42]
[344, 186, -19]
[339, 146, 8]
[336, 183, -19]
[334, 137, 11]
[338, 199, -22]
[343, 161, 4]
[348, 176, -20]
[346, 158, 7]
[493, 172, 3]
[477, 116, -3]
[388, 240, -14]
[355, 159, -6]
[296, 266, 21]
[298, 226, 25]
[289, 260, 23]
[298, 236, 26]
[251, 306, -3]
[254, 257, -3]
[376, 209, -102]
[382, 222, -106]
[384, 229, -106]
[385, 236, -106]
[379, 208, -109]
[379, 207, -109]
[379, 205, -109]
[396, 239, -89]
[385, 197, -135]
[378, 212, -92]
[380, 204, -96]
[408, 254, -45]
[380, 146, -60]
[374, 252, -27]
[345, 117, -42]
[363, 210, -38]
[347, 144, -19]
[352, 205, -42]
[340, 143, -21]
[358, 199, -45]
[352, 160, -30]
[364, 191, -40]
[356, 159, -22]
[496, 179, 3]
[478, 118, -3]
[415, 257, -11]
[378, 145, -10]
[304, 271, -7]
[325, 202, -2]
[292, 260, -8]
[329, 210, -3]
[247, 312, -34]
[282, 220, -25]
[387, 215, -88]
[389, 227, -90]
[391, 231, -90]
[393, 238, -90]
[384, 214, -109]
[383, 212, -108]
[380, 205, -108]
[399, 239, -82]
[383, 201, -80]
[390, 218, -77]
[386, 207, -84]
[412, 254, -47]
[377, 160, -38]
[377, 247, -31]
[344, 149, -33]
[362, 206, -30]
[345, 169, -29]
[354, 201, -33]
[341, 171, -34]
[357, 197, -38]
[350, 180, -40]
[361, 191, -32]
[354, 180, -32]
[507, 180, -5]
[478, 115, 5]
[424, 275, -9]
[384, 123, -6]
[319, 279, -7]
[338, 173, 1]
[310, 268, -8]
[337, 183, 0]
[262, 312, -27]
[311, 184, -13]
[381, 223, -102]
[385, 235, -112]
[386, 238, -112]
[389, 244, -112]
[380, 224, -114]
[379, 222, -114]
[375, 216, -114]
[394, 245, -112]
[378, 212, -112]
[386, 224, -96]
[381, 210, -97]
[418, 257, -76]
[378, 160, -73]
[383, 260, -77]
[344, 150, -82]
[352, 237, -109]
[337, 169, -110]
[344, 218, -121]
[326, 170, -125]
[351, 207, -128]
[337, 181, -130]
[353, 204, -113]
[345, 181, -114]
[513, 178, -2]
[483, 115, 2]
[446, 268, -4]
[377, 142, 5]
[316, 277, 13]
[323, 183, 33]
[303, 267, 12]
[336, 190, 35]
[262, 313, -11]
[289, 196, 7]
[378, 235, -94]
[382, 241, -105]
[382, 248, -105]
[383, 252, -105]
[375, 233, -104]
[374, 230, -103]
[372, 226, -103]
[390, 251, -109]
[376, 218, -101]
[382, 234, -89]
[380, 225, -88]
[416, 261, -72]
[377, 160, -70]
[378, 262, -54]
[349, 158, -68]
[347, 229, -53]
[345, 171, -87]
[337, 224, -59]
[339, 172, -99]
[341, 212, -65]
[347, 180, -102]
[345, 210, -56]
[352, 181, -90]
[516, 177, -7]
[483, 119, 7]
[437, 266, -6]
[383, 188, 20]
[309, 284, 20]
[317, 252, 64]
[298, 281, 20]
[332, 262, 67]
[260, 318, -6]
[280, 269, 41]
[378, 236, -24]
[378, 240, -24]
[378, 246, -24]
[380, 245, -24]
[379, 242, -21]
[379, 243, -21]
[378, 245, -21]
[376, 250, -3]
[378, 247, 11]
[380, 233, -14]
[382, 234, -10]
[371, 210, 1]
[398, 240, 31]
[366, 170, -15]
[390, 221, 7]
[368, 156, -15]
[364, 185, -45]
[368, 150, -14]
[354, 179, -52]
[370, 155, -10]
[353, 180, -47]
[370, 157, -12]
[356, 181, -45]
[483, 152, -9]
[500, 166, 8]
[356, 209, -21]
[404, 251, 13]
[266, 218, -51]
[317, 295, -45]
[265, 216, -54]
[321, 295, -50]
[217, 228, -74]
[263, 327, -74]
[370, 239, -114]
[367, 243, -128]
[367, 247, -128]
[368, 247, -128]
[368, 241, -123]
[367, 240, -123]
[367, 239, -122]
[368, 250, -149]
[367, 237, -128]
[371, 237, -117]
[371, 234, -111]
[375, 224, -129]
[373, 214, -94]
[335, 270, -127]
[365, 214, -89]
[283, 302, -131]
[321, 226, -111]
[269, 302, -147]
[311, 223, -122]
[268, 295, -150]
[311, 230, -129]
[273, 288, -134]
[315, 232, -115]
[479, 171, -9]
[468, 158, 9]
[380, 248, -27]
[394, 237, 30]
[323, 263, -26]
[344, 278, 56]
[323, 256, -53]
[346, 276, 57]
[274, 274, -39]
[318, 305, 35]
[350, 265, -103]
[348, 271, -118]
[347, 273, -118]
[347, 275, -118]
[347, 266, -113]
[347, 264, -113]
[346, 262, -113]
[342, 275, -147]
[341, 257, -125]
[348, 263, -108]
[348, 258, -102]
[345, 273, -130]
[325, 217, -102]
[335, 285, -107]
[338, 197, -69]
[294, 273, -95]
[323, 203, -31]
[283, 274, -105]
[315, 201, -34]
[280, 268, -114]
[317, 209, -41]
[284, 265, -99]
[320, 210, -33]
[441, 204, -10]
[418, 172, 10]
[390, 267, 24]
[367, 226, 76]
[362, 263, 121]
[367, 259, 145]
[360, 256, 131]
[372, 259, 152]
[334, 277, 144]
[357, 284, 157]
[323, 258, -198]
[313, 262, -203]
[310, 263, -203]
[308, 266, -203]
[320, 263, -203]
[322, 264, -203]
[324, 266, -203]
[302, 275, -179]
[324, 268, -179]
[321, 254, -184]
[328, 256, -184]
[306, 252, -126]
[338, 257, -135]
[314, 227, -93]
[359, 222, -103]
[305, 266, -78]
[350, 202, -84]
[302, 251, -81]
[353, 197, -85]
[298, 246, -85]
[348, 202, -90]
[291, 243, -78]
[346, 204, -84]
[406, 197, -8]
[418, 202, 7]
[385, 208, -13]
[387, 206, -19]
[375, 170, 80]
[394, 168, 133]
[369, 165, 91]
[392, 164, 82]
[381, 157, 105]
[403, 156, 73]
[291, 298, -184]
[278, 300, -186]
[275, 296, -186]
[272, 293, -186]
[284, 309, -185]
[286, 312, -185]
[289, 316, -186]
[268, 288, -152]
[290, 317, -151]
[292, 286, -168]
[300, 298, -168]
[283, 248, -113]
[320, 311, -113]
[322, 203, -99]
[370, 294, -94]
[366, 251, -107]
[367, 290, -90]
[377, 243, -108]
[369, 288, -91]
[369, 247, -107]
[364, 293, -94]
[365, 247, -105]
[363, 290, -90]
[392, 197, -6]
[412, 232, 6]
[407, 163, -46]
[434, 208, -64]
[407, 138, 61]
[433, 176, 76]
[402, 137, 70]
[429, 174, 86]
[422, 117, 82]
[454, 160, 111]
[286, 309, -224]
[271, 308, -227]
[269, 304, -227]
[267, 300, -227]
[274, 318, -227]
[275, 322, -227]
[276, 326, -227]
[262, 293, -197]
[273, 329, -197]
[289, 298, -207]
[293, 312, -207]
[281, 249, -154]
[301, 332, -140]
[329, 200, -124]
[348, 312, -83]
[380, 243, -114]
[353, 306, -54]
[396, 239, -117]
[358, 303, -52]
[392, 242, -115]
[350, 309, -56]
[386, 242, -111]
[350, 308, -54]
[386, 211, -7]
[398, 249, 7]
[413, 167, 80]
[416, 207, 101]
[431, 138, 193]
[436, 161, 222]
[431, 134, 205]
[436, 153, 235]
[450, 123, 193]
[466, 152, 230]
[249, 311, -101]
[236, 312, -99]
[234, 309, -99]
[232, 306, -99]
[240, 321, -99]
[242, 325, -99]
[244, 328, -99]
[232, 301, -72]
[247, 331, -74]
[253, 301, -88]
[260, 313, -88]
[258, 264, -66]
[288, 321, -39]
[326, 211, -80]
[349, 283, -31]
[369, 241, -93]
[369, 264, -37]
[382, 243, -97]
[379, 258, -38]
[377, 251, -102]
[374, 263, -43]
[374, 251, -99]
[371, 263, -38]
[368, 211, -8]
[385, 241, 8]
[412, 179, -47]
[408, 210, -22]
[438, 131, 26]
[443, 151, 54]
[438, 127, 34]
[442, 143, 63]
[471, 99, 25]
[479, 127, 58]
[243, 169, 171]
[239, 168, 167]
[238, 168, 167]
[236, 168, 167]
[243, 167, 167]
[244, 167, 167]
[245, 166, 167]
[233, 165, 141]
[245, 162, 142]
[236, 166, 161]
[245, 167, 161]
[223, 163, 97]
[260, 153, 104]
[211, 174, 56]
[275, 163, 54]
[212, 194, 28]
[269, 177, 25]
[210, 198, 20]
[268, 179, 23]
[214, 197, 29]
[264, 179, 28]
[216, 196, 30]
[264, 179, 26]
[238, 214, 0]
[263, 208, 0]
[244, 245, -35]
[293, 242, -19]
[236, 268, -100]
[297, 258, -93]
[238, 269, -108]
[295, 257, -101]
[225, 281, -116]
[298, 272, -109]
[246, 170, 161]
[244, 168, 157]
[242, 168, 157]
[241, 168, 157]
[248, 168, 157]
[250, 168, 157]
[251, 168, 157]
[237, 166, 131]
[251, 165, 132]
[242, 168, 152]
[247, 169, 152]
[223, 166, 88]
[260, 162, 103]
[210, 187, 56]
[270, 184, 65]
[215, 207, 39]
[269, 200, 41]
[211, 208, 33]
[268, 204, 39]
[215, 207, 40]
[265, 203, 43]
[217, 205, 41]
[264, 202, 42]
[238, 218, -6]
[263, 214, 6]
[242, 260, -7]
[281, 253, 7]
[241, 294, -56]
[283, 277, -33]
[245, 298, -63]
[282, 280, -38]
[234, 309, -69]
[282, 291, -44]
[422, 194, -225]
[425, 173, -239]
[428, 174, -239]
[431, 175, -240]
[420, 165, -232]
[419, 161, -232]
[418, 158, -232]
[445, 164, -251]
[426, 143, -216]
[425, 204, -221]
[423, 193, -211]
[476, 203, -235]
[458, 115, -143]
[409, 322, -228]
[418, 151, -77]
[276, 352, -220]
[368, 173, -68]
[252, 344, -248]
[359, 162, -69]
[252, 331, -239]
[352, 165, -82]
[258, 334, -218]
[358, 175, -72]
[495, 312, -32]
[480, 253, 32]
[459, 364, 73]
[461, 265, 163]
[479, 403, 211]
[472, 296, 309]
[494, 402, 227]
[483, 300, 326]
[455, 425, 231]
[449, 313, 332]
[247, 173, -25]
[245, 169, -27]
[244, 168, -27]
[244, 168, -27]
[245, 170, -33]
[244, 170, -34]
[243, 171, -34]
[237, 169, -21]
[236, 174, -52]
[244, 176, -21]
[243, 177, -30]
[224, 186, -3]
[228, 191, -55]
[212, 181, 34]
[226, 187, -31]
[205, 191, 59]
[210, 191, 23]
[205, 192, 59]
[208, 192, 26]
[205, 193, 59]
[207, 193, 23]
[206, 192, 58]
[207, 193, 24]
[277, 238, 17]
[281, 241, -17]
[279, 243, 62]
[290, 255, 24]
[266, 271, 111]
[276, 286, 72]
[264, 276, 116]
[272, 293, 78]
[259, 276, 120]
[276, 290, 81]
[294, 157, -127]
[292, 152, -127]
[292, 151, -127]
[293, 151, -127]
[289, 157, -132]
[288, 159, -132]
[286, 161, -132]
[293, 156, -108]
[283, 171, -129]
[297, 163, -117]
[294, 167, -124]
[317, 165, -85]
[290, 220, -94]
[365, 173, -39]
[325, 260, -63]
[381, 185, -14]
[344, 252, -37]
[388, 189, -13]
[351, 255, -30]
[383, 191, -16]
[350, 249, -39]
[379, 191, -14]
[347, 247, -38]
[397, 210, -1]
[378, 236, 1]
[433, 139, 6]
[346, 225, 47]
[385, 48, 46]
[322, 204, 107]
[379, 44, 53]
[322, 202, 116]
[370, 7, 56]
[306, 195, 126]
[280, 139, -95]
[268, 134, -89]
[270, 135, -89]
[271, 135, -89]
[262, 138, -102]
[268, 137, -102]
[265, 139, -102]
[263, 141, -49]
[251, 150, -111]
[270, 156, -78]
[275, 152, -96]
[280, 164, -15]
[259, 212, -100]
[335, 173, 13]
[311, 269, -110]
[374, 180, 3]
[344, 283, -117]
[386, 181, 4]
[351, 288, -128]
[382, 183, -4]
[350, 283, -132]
[378, 184, 0]
[347, 279, -119]
[377, 210, 27]
[378, 236, -27]
[413, 139, -9]
[422, 188, -144]
[399, 102, 32]
[426, 89, -76]
[398, 100, 38]
[427, 78, -67]
[394, 89, 30]
[415, 54, -83]
[283, 126, -172]
[270, 123, -172]
[270, 123, -172]
[271, 122, -172]
[263, 125, -181]
[271, 127, -181]
[269, 129, -181]
[270, 125, -140]
[262, 140, -185]
[270, 140, -157]
[280, 139, -170]
[278, 148, -96]
[268, 194, -145]
[284, 134, -17]
[282, 228, -102]
[261, 133, 20]
[249, 215, -38]
[256, 132, 28]
[242, 210, -30]
[256, 137, 29]
[237, 211, -31]
[257, 138, 22]
[239, 212, -35]
[369, 192, 16]
[378, 216, -16]
[395, 141, 0]
[414, 164, -51]
[397, 110, 108]
[417, 88, 36]
[393, 106, 120]
[416, 77, 45]
[397, 100, 118]
[417, 62, 42]
[391, 238, -238]
[386, 245, -246]
[383, 247, -246]
[378, 248, -246]
[398, 241, -246]
[402, 242, -246]
[405, 242, -246]
[377, 261, -225]
[414, 247, -228]
[385, 238, -223]
[399, 239, -225]
[365, 276, -168]
[438, 236, -171]
[326, 270, -110]
[448, 200, -119]
[343, 254, -55]
[408, 218, -76]
[345, 254, -50]
[399, 224, -73]
[349, 251, -46]
[398, 231, -71]
[350, 250, -51]
[400, 230, -73]
[365, 205, -1]
[401, 178, 1]
[342, 233, 94]
[383, 168, 100]
[311, 250, 191]
[367, 173, 202]
[309, 251, 201]
[366, 178, 214]
[291, 250, 191]
[352, 164, 198]
[386, 275, -225]
[386, 270, -233]
[386, 270, -233]
[388, 270, -233]
[381, 270, -233]
[378, 270, -233]
[376, 270, -233]
[395, 266, -211]
[373, 266, -212]
[388, 273, -211]
[385, 274, -211]
[428, 262, -151]
[355, 243, -157]
[433, 250, -74]
[320, 224, -97]
[423, 266, -21]
[320, 274, -61]
[430, 269, -22]
[311, 287, -66]
[419, 267, -29]
[322, 288, -70]
[413, 266, -22]
[328, 283, -61]
[384, 186, 0]
[365, 174, 1]
[366, 200, 105]
[343, 177, 100]
[353, 163, 253]
[347, 160, 252]
[351, 152, 270]
[349, 152, 271]
[349, 169, 279]
[342, 169, 283]
[251, 128, -43]
[256, 122, -44]
[258, 122, -44]
[260, 123, -44]
[252, 122, -38]
[251, 122, -39]
[250, 123, -39]
[266, 129, -34]
[252, 129, -12]
[254, 137, -38]
[249, 137, -32]
[266, 165, -36]
[256, 163, 26]
[276, 207, 7]
[274, 198, 61]
[258, 186, 78]
[272, 192, 76]
[253, 180, 84]
[275, 192, 82]
[255, 175, 85]
[272, 188, 75]
[257, 178, 81]
[271, 189, 74]
[317, 248, -26]
[306, 250, 26]
[295, 261, -66]
[258, 278, -31]
[322, 320, -49]
[291, 335, -26]
[333, 331, -47]
[303, 342, -26]
[313, 331, -56]
[281, 358, -38]
[243, 134, -38]
[247, 129, -43]
[248, 129, -43]
[249, 130, -43]
[246, 128, -37]
[246, 128, -37]
[246, 129, -37]
[253, 137, -48]
[249, 135, -19]
[244, 142, -38]
[242, 142, -30]
[247, 174, -61]
[254, 170, 18]
[255, 215, -32]
[271, 207, 29]
[243, 206, 21]
[270, 205, 16]
[241, 204, 21]
[273, 207, 20]
[242, 198, 25]
[271, 201, 13]
[244, 200, 24]
[269, 201, 14]
[303, 264, -30]
[300, 263, 30]
[287, 291, -51]
[258, 305, 18]
[307, 336, 4]
[300, 343, 51]
[313, 340, 11]
[310, 345, 55]
[302, 350, 10]
[301, 364, 55]
[417, 120, -246]
[420, 106, -255]
[424, 107, -255]
[427, 108, -255]
[415, 102, -245]
[414, 100, -245]
[412, 97, -245]
[442, 106, -256]
[423, 92, -214]
[430, 129, -241]
[422, 125, -229]
[482, 169, -251]
[460, 99, -151]
[403, 286, -271]
[439, 171, -134]
[290, 346, -254]
[386, 194, -168]
[260, 356, -282]
[374, 193, -180]
[247, 340, -277]
[365, 191, -191]
[254, 335, -253]
[372, 196, -174]
[486, 272, -31]
[469, 230, 31]
[432, 308, 93]
[427, 269, 162]
[421, 337, 264]
[414, 320, 311]
[429, 340, 283]
[423, 327, 328]
[386, 346, 279]
[385, 342, 321]
[416, 107, -173]
[420, 91, -184]
[424, 91, -184]
[427, 91, -184]
[415, 88, -170]
[414, 87, -170]
[413, 85, -170]
[443, 89, -201]
[426, 82, -140]
[430, 117, -175]
[422, 116, -157]
[491, 169, -212]
[454, 113, -78]
[419, 320, -229]
[412, 188, -25]
[282, 354, -226]
[349, 212, -30]
[248, 359, -256]
[340, 207, -32]
[237, 341, -242]
[334, 205, -52]
[254, 337, -220]
[338, 211, -38]
[486, 322, -37]
[462, 292, 37]
[443, 411, 72]
[426, 385, 157]
[440, 495, 234]
[419, 481, 295]
[450, 505, 248]
[428, 492, 309]
[405, 517, 214]
[394, 517, 272]
[403, 104, -201]
[407, 86, -215]
[411, 85, -215]
[415, 84, -215]
[402, 84, -197]
[394, 69, -197]
[395, 69, -198]
[437, 79, -217]
[419, 76, -159]
[421, 114, -204]
[413, 113, -182]
[495, 162, -254]
[443, 118, -77]
[424, 332, -262]
[396, 203, 0]
[282, 369, -248]
[311, 238, 18]
[250, 389, -280]
[294, 240, 21]
[239, 372, -267]
[287, 238, -1]
[254, 364, -240]
[295, 241, 8]
[489, 344, -44]
[456, 315, 44]
[442, 443, 65]
[408, 417, 163]
[441, 549, 243]
[408, 537, 306]
[454, 564, 259]
[418, 551, 318]
[402, 580, 221]
[382, 582, 283]
[398, 84, -215]
[405, 66, -226]
[409, 66, -226]
[413, 65, -226]
[401, 65, -212]
[397, 61, -212]
[397, 60, -213]
[436, 65, -259]
[419, 61, -171]
[416, 96, -215]
[408, 96, -195]
[494, 157, -289]
[444, 115, -73]
[421, 337, -297]
[398, 200, 31]
[280, 369, -269]
[333, 222, 73]
[246, 390, -298]
[321, 219, 82]
[237, 372, -290]
[314, 208, 63]
[251, 363, -263]
[320, 212, 66]
[488, 349, -54]
[450, 316, 54]
[438, 458, 58]
[393, 430, 178]
[438, 580, 248]
[395, 564, 333]
[450, 601, 264]
[405, 583, 347]
[401, 606, 221]
[365, 608, 293]
[389, 75, -221]
[397, 57, -229]
[402, 56, -229]
[406, 56, -229]
[387, 45, -217]
[386, 45, -217]
[387, 46, -217]
[433, 56, -273]
[417, 53, -169]
[408, 88, -220]
[400, 87, -199]
[495, 152, -296]
[439, 117, -73]
[420, 331, -306]
[390, 215, 18]
[281, 373, -296]
[318, 258, 35]
[248, 402, -329]
[304, 265, 39]
[238, 384, -323]
[297, 261, 16]
[251, 374, -292]
[303, 262, 26]
[488, 355, -56]
[445, 318, 56]
[432, 466, 8]
[380, 427, 137]
[431, 581, 225]
[382, 562, 316]
[446, 599, 244]
[392, 580, 334]
[389, 610, 203]
[348, 607, 285]
[381, 71, -222]
[392, 44, -230]
[395, 44, -230]
[398, 44, -230]
[385, 42, -218]
[386, 43, -218]
[386, 43, -218]
[425, 53, -279]
[409, 47, -171]
[400, 84, -222]
[393, 83, -199]
[493, 148, -304]
[440, 115, -70]
[422, 325, -312]
[398, 215, 31]
[303, 386, -292]
[332, 246, 65]
[277, 414, -321]
[320, 253, 75]
[269, 400, -317]
[312, 246, 53]
[278, 388, -289]
[317, 247, 56]
[486, 356, -59]
[441, 321, 59]
[430, 472, 11]
[377, 441, 140]
[424, 596, 199]
[375, 579, 291]
[438, 615, 215]
[384, 599, 305]
[381, 626, 168]
[341, 625, 258]
[382, 72, -169]
[392, 51, -188]
[396, 51, -188]
[400, 50, -188]
[384, 45, -164]
[385, 45, -164]
[385, 45, -164]
[426, 53, -225]
[407, 48, -112]
[400, 85, -176]
[392, 85, -144]
[493, 142, -261]
[424, 128, -15]
[429, 312, -255]
[388, 231, 39]
[345, 385, -212]
[347, 263, 16]
[326, 415, -233]
[344, 275, 19]
[318, 404, -231]
[337, 265, 2]
[325, 391, -208]
[340, 263, 8]
[486, 359, -64]
[430, 335, 64]
[434, 502, -44]
[370, 477, 87]
[428, 631, 114]
[374, 621, 203]
[440, 651, 125]
[383, 640, 213]
[385, 669, 64]
[342, 671, 158]
[383, 71, -164]
[392, 53, -184]
[396, 52, -185]
[400, 52, -185]
[387, 50, -161]
[387, 50, -161]
[386, 50, -162]
[425, 54, -219]
[407, 48, -114]
[400, 84, -171]
[393, 84, -141]
[491, 138, -251]
[426, 126, -21]
[439, 299, -251]
[389, 220, 53]
[360, 376, -206]
[378, 173, 77]
[343, 406, -225]
[377, 158, 83]
[336, 392, -225]
[370, 149, 74]
[343, 384, -204]
[371, 156, 73]
[483, 359, -62]
[427, 339, 62]
[448, 500, 11]
[380, 480, 155]
[441, 638, 194]
[377, 624, 297]
[451, 662, 204]
[384, 646, 308]
[404, 670, 162]
[347, 667, 207]
[376, 72, -215]
[386, 46, -236]
[389, 46, -237]
[393, 54, -237]
[381, 45, -210]
[382, 45, -210]
[382, 45, -210]
[420, 55, -274]
[402, 46, -151]
[395, 84, -224]
[388, 84, -189]
[491, 141, -279]
[428, 115, -66]
[446, 299, -257]
[393, 216, 11]
[358, 366, -228]
[380, 225, 25]
[339, 390, -251]
[379, 230, 27]
[334, 375, -249]
[368, 218, 11]
[341, 364, -225]
[369, 218, 17]
[477, 352, -60]
[431, 323, 60]
[445, 487, 65]
[381, 436, 183]
[420, 602, 272]
[371, 622, 353]
[427, 613, 290]
[378, 635, 370]
[378, 665, 251]
[335, 591, 332]
[378, 68, -173]
[386, 42, -193]
[389, 42, -193]
[394, 44, -193]
[381, 48, -167]
[383, 43, -167]
[383, 43, -168]
[419, 50, -232]
[403, 46, -118]
[396, 80, -182]
[389, 81, -149]
[489, 135, -251]
[429, 116, -42]
[445, 299, -241]
[395, 234, 21]
[354, 362, -207]
[377, 286, 14]
[333, 385, -230]
[372, 300, 14]
[328, 371, -226]
[362, 290, -3]
[336, 361, -204]
[365, 286, 5]
[475, 353, -58]
[430, 333, 58]
[447, 467, 83]
[384, 450, 190]
[430, 590, 301]
[375, 588, 371]
[437, 610, 321]
[382, 605, 388]
[393, 624, 273]
[339, 624, 338]
[369, 70, -199]
[378, 43, -220]
[383, 43, -221]
[386, 44, -221]
[376, 45, -190]
[377, 43, -190]
[378, 43, -190]
[410, 52, -263]
[399, 46, -123]
[388, 81, -211]
[382, 82, -173]
[481, 138, -275]
[430, 115, -63]
[447, 308, -253]
[398, 237, 6]
[352, 363, -220]
[379, 298, -5]
[329, 384, -242]
[373, 312, -7]
[326, 370, -237]
[363, 305, -27]
[334, 360, -216]
[366, 301, -16]
[470, 355, -56]
[431, 331, 56]
[447, 455, 98]
[385, 437, 207]
[427, 563, 326]
[377, 553, 399]
[435, 582, 346]
[385, 570, 418]
[390, 591, 303]
[343, 590, 376]
[368, 70, -252]
[377, 41, -271]
[379, 41, -271]
[383, 48, -271]
[375, 39, -248]
[376, 39, -249]
[377, 39, -249]
[408, 54, -306]
[397, 43, -206]
[387, 83, -260]
[380, 82, -231]
[470, 145, -304]
[431, 115, -134]
[446, 316, -273]
[400, 237, -58]
[346, 362, -211]
[377, 299, -33]
[323, 380, -227]
[371, 311, -30]
[321, 365, -220]
[361, 305, -48]
[328, 357, -206]
[364, 302, -41]
[462, 358, -53]
[432, 330, 53]
[438, 423, 128]
[386, 418, 219]
[409, 507, 368]
[375, 484, 433]
[415, 521, 390]
[382, 490, 455]
[375, 522, 351]
[341, 511, 420]
[427, 154, -193]
[434, 141, -207]
[438, 142, -207]
[442, 143, -207]
[427, 135, -197]
[426, 132, -197]
[424, 129, -197]
[460, 136, -220]
[434, 119, -174]
[441, 161, -192]
[432, 156, -178]
[499, 189, -216]
[463, 114, -115]
[418, 313, -218]
[413, 181, -98]
[275, 320, -206]
[348, 214, -146]
[248, 322, -234]
[334, 209, -160]
[244, 305, -229]
[329, 210, -172]
[252, 304, -204]
[338, 217, -152]
[487, 302, -35]
[470, 257, 35]
[405, 342, 44]
[430, 307, 136]
[415, 409, 184]
[435, 388, 260]
[432, 420, 200]
[448, 402, 275]
[365, 419, 209]
[403, 409, 276]
[422, 115, -175]
[427, 99, -185]
[430, 99, -185]
[434, 99, -185]
[422, 96, -173]
[420, 94, -173]
[419, 92, -173]
[451, 96, -202]
[431, 88, -145]
[437, 126, -176]
[429, 123, -159]
[499, 168, -208]
[457, 114, -91]
[424, 314, -218]
[396, 195, -66]
[270, 316, -219]
[303, 223, -83]
[245, 314, -248]
[284, 218, -91]
[243, 296, -237]
[276, 218, -113]
[251, 299, -215]
[286, 225, -93]
[477, 313, -36]
[453, 269, 36]
[404, 361, 20]
[414, 326, 138]
[394, 413, 215]
[392, 421, 275]
[403, 420, 236]
[400, 433, 290]
[359, 432, 241]
[358, 457, 278]
[408, 96, -174]
[413, 80, -185]
[417, 79, -185]
[420, 79, -185]
[408, 78, -170]
[408, 77, -170]
[407, 75, -171]
[440, 78, -204]
[423, 73, -138]
[425, 107, -176]
[417, 106, -158]
[498, 157, -209]
[442, 114, -85]
[402, 284, -218]
[369, 201, -61]
[262, 300, -229]
[261, 231, -84]
[238, 298, -259]
[250, 226, -94]
[232, 281, -249]
[243, 220, -114]
[246, 281, -226]
[250, 225, -94]
[471, 321, -38]
[438, 279, 38]
[398, 358, 27]
[390, 329, 156]
[379, 385, 245]
[366, 412, 306]
[387, 386, 268]
[375, 424, 322]
[345, 399, 278]
[327, 443, 315]
[408, 84, -235]
[414, 65, -250]
[419, 65, -250]
[423, 64, -250]
[409, 65, -230]
[408, 64, -231]
[407, 64, -231]
[444, 64, -267]
[424, 63, -176]
[425, 96, -236]
[416, 96, -210]
[505, 150, -267]
[436, 119, -92]
[406, 291, -270]
[354, 199, -73]
[260, 288, -269]
[267, 218, -129]
[232, 287, -301]
[250, 214, -142]
[228, 266, -292]
[247, 204, -166]
[246, 263, -264]
[254, 209, -142]
[472, 327, -40]
[428, 290, 40]
[405, 426, 35]
[365, 383, 150]
[388, 523, 275]
[354, 503, 343]
[400, 540, 297]
[362, 522, 363]
[348, 549, 255]
[324, 546, 315]
[402, 101, -226]
[408, 85, -243]
[412, 85, -243]
[416, 85, -243]
[404, 83, -224]
[403, 81, -225]
[403, 80, -225]
[438, 83, -246]
[421, 77, -174]
[420, 112, -218]
[412, 111, -201]
[502, 158, -245]
[441, 119, -98]
[408, 298, -248]
[370, 197, -71]
[262, 278, -244]
[277, 208, -96]
[234, 267, -275]
[255, 202, -107]
[229, 257, -267]
[248, 197, -128]
[246, 247, -241]
[258, 204, -106]
[470, 330, -40]
[435, 290, 40]
[401, 366, 65]
[383, 355, 171]
[385, 365, 272]
[372, 424, 325]
[396, 366, 294]
[383, 434, 342]
[348, 370, 304]
[333, 466, 339]
[402, 100, -213]
[410, 83, -228]
[414, 83, -228]
[418, 83, -228]
[405, 81, -213]
[405, 81, -213]
[404, 80, -213]
[440, 85, -245]
[422, 80, -167]
[418, 113, -211]
[410, 112, -194]
[498, 161, -247]
[432, 131, -83]
[408, 320, -260]
[366, 208, -28]
[263, 275, -267]
[277, 205, -46]
[235, 262, -296]
[258, 198, -52]
[231, 244, -286]
[252, 189, -73]
[248, 245, -262]
[254, 200, -56]
[464, 350, -43]
[426, 307, 43]
[395, 415, 31]
[377, 362, 161]
[380, 487, 257]
[355, 474, 325]
[388, 495, 279]
[361, 491, 343]
[346, 512, 268]
[320, 513, 320]
[395, 69, -171]
[403, 44, -189]
[407, 43, -189]
[414, 51, -189]
[393, 48, -167]
[393, 49, -167]
[393, 49, -167]
[437, 57, -215]
[419, 59, -112]
[409, 85, -175]
[401, 86, -146]
[499, 147, -238]
[423, 137, -25]
[425, 319, -258]
[360, 230, 40]
[266, 270, -240]
[259, 210, 8]
[237, 267, -260]
[241, 195, 5]
[236, 244, -246]
[243, 188, -16]
[252, 244, -229]
[249, 195, -3]
[451, 361, -50]
[395, 333, 50]
[389, 487, 23]
[345, 463, 159]
[377, 615, 222]
[333, 598, 306]
[387, 637, 238]
[338, 619, 316]
[338, 649, 181]
[303, 642, 250]
[386, 63, -105]
[396, 45, -125]
[401, 44, -125]
[407, 45, -125]
[387, 48, -99]
[387, 48, -99]
[387, 48, -99]
[431, 50, -159]
[414, 53, -39]
[406, 83, -113]
[397, 84, -79]
[514, 143, -198]
[418, 135, 45]
[439, 318, -231]
[350, 240, 77]
[276, 272, -211]
[258, 210, -11]
[245, 263, -229]
[247, 190, -18]
[253, 243, -218]
[239, 182, -33]
[258, 240, -202]
[247, 186, -21]
[450, 366, -57]
[377, 342, 57]
[387, 514, -30]
[317, 484, 100]
[366, 649, 139]
[310, 628, 223]
[376, 671, 152]
[316, 650, 231]
[321, 693, 84]
[279, 679, 160]
[380, 65, -127]
[390, 48, -148]
[397, 47, -148]
[403, 45, -148]
[381, 50, -121]
[381, 50, -121]
[382, 50, -121]
[431, 50, -183]
[413, 50, -60]
[407, 85, -136]
[399, 86, -100]
[517, 143, -209]
[424, 135, 30]
[442, 319, -240]
[349, 240, 34]
[289, 278, -213]
[261, 210, -71]
[253, 269, -234]
[248, 189, -83]
[257, 245, -221]
[245, 176, -95]
[265, 246, -204]
[249, 185, -85]
[453, 373, -63]
[381, 349, 64]
[395, 526, -4]
[332, 504, 153]
[374, 667, 173]
[321, 646, 290]
[384, 694, 196]
[327, 668, 299]
[330, 698, 132]
[289, 691, 226]
[385, 60, -138]
[395, 45, -160]
[401, 44, -160]
[406, 43, -160]
[386, 48, -131]
[385, 48, -131]
[386, 48, -131]
[433, 46, -195]
[414, 49, -67]
[410, 82, -147]
[402, 83, -110]
[519, 141, -234]
[427, 135, 26]
[446, 318, -263]
[352, 231, 14]
[295, 278, -227]
[269, 210, -132]
[260, 267, -246]
[253, 188, -146]
[261, 247, -224]
[256, 174, -158]
[271, 246, -214]
[257, 188, -144]
[456, 370, -70]
[384, 342, 70]
[395, 524, 8]
[330, 499, 166]
[373, 671, 185]
[314, 646, 301]
[383, 701, 198]
[319, 670, 309]
[326, 698, 114]
[281, 690, 229]
[388, 62, -118]
[395, 44, -137]
[401, 43, -137]
[409, 41, -137]
[389, 47, -112]
[388, 47, -112]
[389, 48, -112]
[439, 49, -169]
[419, 49, -51]
[413, 84, -125]
[405, 85, -91]
[526, 145, -209]
[429, 133, 27]
[447, 318, -239]
[358, 221, 16]
[302, 278, -189]
[345, 134, -93]
[267, 266, -205]
[333, 108, -105]
[269, 246, -192]
[336, 100, -100]
[279, 247, -179]
[345, 112, -96]
[457, 375, -64]
[386, 347, 65]
[405, 530, 13]
[339, 508, 155]
[376, 677, 178]
[319, 657, 262]
[386, 706, 188]
[322, 681, 270]
[330, 704, 105]
[288, 698, 187]
[389, 70, -114]
[398, 46, -136]
[403, 51, -136]
[411, 50, -136]
[390, 53, -109]
[391, 53, -109]
[392, 52, -109]
[439, 52, -175]
[420, 51, -51]
[414, 87, -125]
[405, 88, -89]
[525, 145, -211]
[437, 132, 32]
[449, 318, -244]
[373, 218, 94]
[301, 273, -201]
[335, 153, 74]
[266, 261, -220]
[318, 135, 75]
[265, 240, -208]
[318, 125, 64]
[279, 243, -193]
[328, 135, 66]
[455, 373, -65]
[390, 357, 65]
[413, 539, 19]
[346, 519, 153]
[378, 686, 185]
[324, 668, 267]
[387, 713, 197]
[327, 691, 275]
[331, 715, 118]
[293, 708, 194]
[390, 56, -127]
[399, 39, -148]
[405, 39, -148]
[411, 37, -148]
[391, 44, -121]
[392, 45, -121]
[393, 46, -121]
[441, 43, -182]
[424, 40, -56]
[416, 73, -135]
[406, 75, -100]
[530, 142, -213]
[441, 131, 28]
[449, 314, -246]
[375, 205, 76]
[299, 270, -200]
[378, 100, -92]
[265, 259, -219]
[377, 68, -107]
[265, 240, -204]
[378, 61, -97]
[280, 240, -190]
[384, 74, -94]
[454, 369, -65]
[389, 352, 66]
[413, 537, 19]
[344, 517, 152]
[379, 687, 189]
[321, 668, 270]
[388, 715, 202]
[325, 693, 278]
[333, 715, 116]
[290, 711, 190]
[389, 63, -112]
[397, 46, -135]
[403, 45, -136]
[409, 44, -136]
[390, 49, -104]
[391, 50, -104]
[392, 50, -104]
[438, 46, -181]
[424, 46, -40]
[414, 80, -125]
[407, 80, -84]
[528, 144, -223]
[445, 132, 51]
[449, 314, -262]
[385, 223, 50]
[297, 270, -211]
[356, 159, -85]
[265, 259, -231]
[357, 151, -98]
[264, 240, -207]
[357, 136, -101]
[277, 242, -195]
[373, 140, -92]
[454, 388, -67]
[391, 365, 68]
[412, 551, 42]
[346, 533, 168]
[380, 701, 226]
[323, 684, 307]
[388, 729, 239]
[327, 709, 317]
[334, 729, 138]
[288, 723, 221]
[390, 66, -111]
[398, 49, -133]
[404, 48, -133]
[410, 47, -133]
[392, 52, -104]
[393, 52, -104]
[394, 52, -104]
[440, 49, -169]
[424, 47, -40]
[416, 82, -120]
[409, 82, -83]
[528, 147, -216]
[444, 135, 40]
[447, 314, -255]
[385, 211, 48]
[296, 267, -181]
[367, 150, -112]
[264, 257, -197]
[360, 131, -129]
[263, 240, -184]
[364, 122, -129]
[276, 240, -170]
[372, 131, -118]
[455, 386, -65]
[391, 362, 66]
[414, 550, 69]
[347, 531, 174]
[380, 702, 265]
[320, 685, 324]
[388, 731, 280]
[325, 710, 335]
[334, 733, 189]
[284, 727, 244]
[398, 68, -94]
[410, 55, -116]
[415, 54, -116]
[419, 48, -116]
[404, 51, -90]
[405, 52, -89]
[405, 52, -90]
[447, 51, -154]
[429, 49, -34]
[422, 86, -102]
[415, 86, -68]
[528, 148, -199]
[447, 133, 41]
[446, 313, -225]
[385, 209, 31]
[297, 267, -150]
[373, 146, -90]
[264, 256, -161]
[363, 126, -103]
[266, 239, -150]
[368, 119, -96]
[279, 240, -140]
[376, 129, -92]
[463, 385, -61]
[392, 364, 62]
[431, 553, 56]
[364, 536, 149]
[396, 707, 239]
[332, 692, 274]
[401, 733, 254]
[334, 716, 283]
[355, 740, 174]
[297, 733, 196]
[399, 98, -88]
[419, 58, -105]
[423, 57, -105]
[426, 56, -105]
[404, 81, -85]
[405, 80, -85]
[405, 79, -85]
[448, 63, -127]
[430, 60, -36]
[420, 110, -90]
[413, 109, -64]
[518, 149, -149]
[431, 133, 31]
[427, 301, -177]
[375, 209, -22]
[297, 263, -128]
[359, 150, -174]
[258, 247, -137]
[349, 132, -195]
[265, 225, -125]
[353, 124, -194]
[278, 225, -118]
[360, 133, -179]
[454, 368, -53]
[390, 341, 53]
[395, 524, 46]
[332, 505, 119]
[349, 688, 173]
[290, 682, 216]
[352, 707, 183]
[294, 698, 222]
[317, 727, 115]
[258, 720, 149]
[406, 63, -99]
[420, 42, -119]
[424, 41, -119]
[427, 41, -119]
[409, 50, -93]
[408, 51, -93]
[408, 51, -93]
[449, 46, -150]
[431, 51, -33]
[424, 78, -105]
[416, 79, -72]
[528, 147, -180]
[433, 126, 45]
[434, 293, -204]
[378, 196, -11]
[306, 260, -136]
[424, 95, -144]
[263, 250, -148]
[439, 55, -161]
[271, 229, -134]
[441, 48, -156]
[287, 230, -125]
[435, 71, -147]
[454, 370, -66]
[391, 347, 66]
[398, 531, 21]
[337, 515, 132]
[360, 687, 176]
[306, 673, 250]
[366, 713, 187]
[310, 697, 259]
[323, 718, 110]
[273, 711, 186]
[405, 62, -84]
[419, 43, -106]
[423, 42, -106]
[427, 40, -106]
[408, 48, -78]
[408, 49, -78]
[408, 49, -79]
[449, 45, -149]
[431, 49, -24]
[424, 76, -95]
[417, 81, -59]
[528, 146, -189]
[436, 124, 59]
[428, 292, -212]
[376, 215, 42]
[288, 244, -155]
[310, 190, -94]
[242, 238, -171]
[304, 174, -104]
[258, 212, -159]
[304, 160, -118]
[280, 215, -146]
[314, 165, -105]
[455, 373, -66]
[392, 350, 67]
[400, 535, 0]
[341, 519, 128]
[363, 690, 136]
[312, 679, 219]
[366, 717, 145]
[315, 705, 225]
[326, 724, 72]
[278, 719, 150]
[409, 62, -63]
[420, 45, -85]
[425, 44, -85]
[429, 42, -85]
[414, 49, -60]
[414, 49, -60]
[414, 50, -60]
[449, 47, -130]
[435, 50, -13]
[425, 77, -75]
[418, 82, -41]
[528, 146, -165]
[437, 124, 57]
[430, 293, -177]
[363, 217, 105]
[292, 239, -126]
[283, 206, 56]
[255, 240, -133]
[267, 190, 55]
[270, 215, -125]
[271, 179, 40]
[289, 217, -118]
[282, 182, 47]
[455, 375, -58]
[388, 353, 59]
[407, 541, 7]
[342, 526, 107]
[369, 698, 142]
[315, 688, 183]
[370, 724, 151]
[319, 712, 187]
[336, 732, 80]
[281, 731, 112]
[408, 81, -59]
[414, 62, -80]
[425, 45, -80]
[428, 43, -80]
[411, 63, -56]
[411, 63, -56]
[412, 63, -56]
[449, 47, -124]
[435, 53, -16]
[423, 89, -70]
[417, 92, -39]
[518, 143, -152]
[436, 123, 52]
[423, 276, -146]
[357, 212, 89]
[292, 222, -78]
[289, 204, 34]
[268, 232, -82]
[286, 206, 30]
[282, 212, -74]
[289, 195, 19]
[296, 213, -70]
[297, 194, 26]
[449, 370, -54]
[388, 350, 54]
[394, 515, 7]
[338, 510, 108]
[362, 670, 141]
[314, 685, 189]
[366, 699, 152]
[320, 709, 194]
[328, 696, 98]
[279, 723, 134]
[405, 80, -74]
[417, 51, -95]
[425, 44, -95]
[428, 42, -95]
[407, 62, -71]
[408, 61, -71]
[408, 60, -71]
[449, 46, -136]
[435, 51, -25]
[426, 82, -84]
[415, 89, -52]
[518, 140, -164]
[429, 112, 47]
[422, 266, -164]
[349, 196, 89]
[292, 228, -101]
[278, 196, 33]
[262, 232, -108]
[264, 192, 29]
[276, 212, -100]
[265, 180, 13]
[289, 211, -92]
[274, 182, 24]
[446, 366, -54]
[380, 341, 54]
[368, 494, -3]
[315, 484, 113]
[340, 641, 126]
[289, 649, 195]
[348, 666, 138]
[297, 674, 201]
[300, 680, 92]
[250, 695, 143]
[393, 96, -35]
[395, 76, -56]
[399, 73, -56]
[402, 72, -56]
[391, 78, -32]
[392, 78, -32]
[393, 77, -32]
[439, 49, -102]
[413, 71, 10]
[412, 103, -48]
[406, 107, -16]
[509, 141, -145]
[429, 118, 66]
[415, 269, -147]
[353, 194, 70]
[308, 232, -58]
[301, 192, -4]
[284, 244, -59]
[312, 191, -13]
[293, 226, -53]
[321, 173, -22]
[305, 224, -50]
[330, 177, -14]
[446, 373, -48]
[380, 352, 48]
[403, 537, 8]
[330, 522, 96]
[377, 694, 146]
[322, 683, 183]
[381, 718, 157]
[329, 703, 188]
[354, 727, 89]
[302, 730, 108]
[336, 186, -11]
[333, 174, -26]
[335, 172, -26]
[338, 170, -26]
[331, 177, -11]
[331, 177, -11]
[332, 177, -11]
[361, 157, -60]
[346, 165, 8]
[353, 183, -21]
[350, 187, -1]
[432, 160, -68]
[387, 164, 34]
[402, 172, -55]
[339, 178, 51]
[374, 134, 13]
[330, 142, 6]
[363, 127, 10]
[338, 135, -3]
[369, 123, 14]
[340, 127, -6]
[370, 126, 18]
[342, 130, 3]
[395, 356, -24]
[366, 353, 24]
[376, 454, 80]
[332, 472, 106]
[335, 537, 204]
[304, 581, 202]
[336, 548, 217]
[309, 597, 207]
[311, 560, 194]
[283, 611, 174]
[330, 207, -94]
[330, 191, -105]
[334, 189, -105]
[338, 187, -105]
[324, 193, -95]
[323, 193, -95]
[322, 192, -95]
[357, 179, -79]
[332, 185, -59]
[347, 208, -88]
[339, 212, -76]
[422, 197, -93]
[348, 195, -24]
[412, 220, -68]
[317, 214, -23]
[385, 218, -8]
[330, 205, -69]
[374, 233, -13]
[336, 212, -83]
[373, 230, -13]
[340, 201, -87]
[375, 228, -5]
[340, 199, -73]
[389, 371, -10]
[347, 366, 9]
[376, 465, 113]
[335, 475, 107]
[355, 588, 277]
[318, 609, 243]
[337, 604, 294]
[322, 626, 255]
[365, 622, 259]
[315, 645, 207]
[348, 178, -88]
[353, 166, -94]
[357, 165, -94]
[361, 164, -94]
[346, 165, -86]
[345, 164, -86]
[344, 164, -86]
[380, 158, -96]
[362, 157, -62]
[367, 182, -78]
[360, 182, -68]
[424, 183, -87]
[356, 173, -29]
[393, 232, -42]
[344, 209, -43]
[358, 220, 48]
[333, 203, -95]
[337, 232, 54]
[333, 205, -99]
[342, 228, 61]
[338, 199, -104]
[348, 226, 55]
[338, 199, -98]
[406, 342, -6]
[386, 347, 6]
[380, 430, 109]
[366, 452, 96]
[374, 545, 255]
[342, 591, 226]
[363, 561, 269]
[347, 606, 241]
[374, 570, 240]
[324, 629, 191]
[392, 142, -208]
[378, 156, -225]
[376, 159, -225]
[374, 159, -225]
[384, 163, -228]
[385, 153, -228]
[386, 147, -228]
[391, 139, -229]
[397, 136, -241]
[404, 136, -201]
[408, 144, -204]
[422, 137, -174]
[439, 159, -199]
[355, 153, -90]
[390, 194, -136]
[348, 142, 9]
[366, 198, -84]
[327, 141, 12]
[361, 197, -87]
[337, 141, 6]
[356, 187, -92]
[343, 145, 10]
[361, 190, -85]
[412, 327, 26]
[427, 346, -26]
[382, 387, 192]
[397, 456, 99]
[386, 468, 385]
[355, 590, 260]
[375, 479, 404]
[348, 604, 279]
[391, 484, 388]
[351, 624, 234]
[395, 146, -197]
[379, 148, -210]
[378, 146, -210]
[377, 145, -210]
[385, 155, -212]
[387, 156, -212]
[389, 157, -213]
[389, 139, -206]
[400, 159, -217]
[408, 138, -189]
[415, 148, -192]
[422, 132, -167]
[451, 160, -176]
[360, 115, -99]
[409, 194, -178]
[344, 114, -24]
[381, 212, -211]
[325, 111, -24]
[371, 220, -228]
[336, 117, -10]
[367, 215, -229]
[343, 123, -12]
[374, 212, -213]
[415, 327, 33]
[438, 345, -33]
[398, 408, 177]
[404, 458, 91]
[398, 510, 347]
[369, 597, 235]
[389, 523, 365]
[360, 612, 258]
[405, 532, 348]
[377, 632, 211]
[412, 142, -241]
[402, 138, -249]
[403, 136, -249]
[403, 134, -248]
[402, 143, -255]
[401, 144, -255]
[400, 145, -256]
[405, 132, -220]
[403, 147, -251]
[422, 138, -223]
[420, 146, -232]
[435, 137, -168]
[444, 158, -198]
[374, 154, -124]
[396, 191, -214]
[358, 143, -105]
[377, 200, -256]
[342, 144, -112]
[373, 214, -269]
[349, 139, -119]
[371, 206, -269]
[355, 141, -106]
[376, 210, -256]
[427, 324, 23]
[425, 335, -23]
[432, 374, 69]
[413, 410, 7]
[406, 445, 151]
[378, 503, 57]
[399, 452, 158]
[371, 511, 63]
[396, 469, 134]
[367, 534, 27]
[405, 176, -20]
[405, 170, -13]
[407, 170, -13]
[407, 161, -13]
[398, 170, -5]
[397, 170, -5]
[397, 169, -5]
[418, 164, 23]
[393, 170, 62]
[418, 183, -5]
[403, 186, 5]
[474, 191, 26]
[370, 207, 75]
[511, 164, -34]
[314, 190, 69]
[428, 108, -16]
[356, 151, 66]
[401, 87, -23]
[367, 143, 50]
[396, 90, -5]
[363, 136, 61]
[398, 101, -9]
[369, 143, 67]
[451, 357, -3]
[387, 357, 3]
[449, 404, -25]
[402, 392, -20]
[404, 489, 48]
[367, 434, 10]
[399, 499, 54]
[354, 448, 11]
[387, 516, -7]
[360, 432, -58]
