[349, 33, -256]
[359, 14, -245]
[364, 14, -245]
[370, 14, -245]
[341, 14, -244]
[335, 13, -244]
[329, 13, -245]
[377, 19, -158]
[324, 17, -152]
[358, 47, -221]
[337, 49, -219]
[430, 115, -102]
[282, 116, -76]
[439, 243, -49]
[266, 249, -35]
[431, 329, -92]
[265, 330, -109]
[436, 355, -110]
[258, 360, -128]
[429, 351, -131]
[262, 352, -154]
[425, 339, -102]
[268, 341, -121]
[402, 341, -17]
[314, 337, 18]
[399, 525, -6]
[304, 524, 51]
[396, 696, 112]
[302, 693, 165]
[400, 720, 117]
[302, 715, 172]
[376, 745, 1]
[303, 742, 45]
[366, 34, -296]
[373, 17, -284]
[379, 17, -284]
[384, 17, -285]
[357, 16, -287]
[352, 16, -287]
[346, 16, -287]
[389, 23, -183]
[339, 21, -195]
[374, 49, -257]
[355, 49, -260]
[437, 116, -115]
[287, 116, -106]
[447, 238, -72]
[267, 246, -60]
[433, 316, -131]
[277, 314, -140]
[434, 333, -150]
[276, 348, -172]
[431, 338, -165]
[278, 340, -200]
[423, 322, -139]
[285, 324, -154]
[403, 334, -14]
[318, 330, 14]
[400, 512, -3]
[302, 510, 19]
[401, 680, 114]
[306, 680, 96]
[403, 703, 119]
[307, 703, 99]
[386, 729, 3]
[312, 726, -25]
[364, 34, -307]
[372, 18, -295]
[378, 18, -295]
[384, 19, -295]
[357, 17, -298]
[352, 16, -298]
[347, 16, -298]
[392, 25, -191]
[341, 23, -203]
[373, 49, -268]
[354, 49, -271]
[440, 117, -120]
[287, 121, -116]
[451, 238, -74]
[269, 250, -70]
[433, 306, -139]
[292, 306, -148]
[426, 325, -158]
[296, 339, -174]
[420, 322, -179]
[296, 329, -198]
[419, 314, -149]
[298, 317, -160]
[410, 334, -10]
[322, 330, 10]
[412, 513, 13]
[310, 511, 19]
[412, 678, 150]
[312, 680, 115]
[413, 699, 156]
[313, 702, 120]
[397, 730, 28]
[320, 729, -9]
[365, 34, -298]
[373, 17, -287]
[379, 18, -287]
[385, 18, -287]
[358, 16, -292]
[353, 16, -292]
[348, 15, -293]
[392, 25, -179]
[339, 22, -189]
[374, 49, -265]
[355, 49, -263]
[441, 121, -115]
[287, 123, -111]
[450, 238, -80]
[275, 254, -74]
[433, 307, -144]
[288, 310, -152]
[427, 326, -168]
[289, 342, -176]
[419, 325, -188]
[289, 333, -200]
[418, 315, -154]
[295, 317, -164]
[410, 336, -10]
[322, 331, 10]
[408, 515, 19]
[308, 513, 25]
[410, 678, 161]
[311, 680, 126]
[413, 700, 168]
[312, 703, 132]
[395, 729, 36]
[317, 728, 8]
[364, 34, -305]
[373, 17, -293]
[379, 17, -293]
[384, 18, -293]
[357, 16, -295]
[351, 15, -295]
[345, 15, -295]
[393, 25, -193]
[336, 22, -198]
[373, 49, -269]
[353, 49, -269]
[442, 122, -126]
[285, 124, -117]
[448, 239, -86]
[275, 254, -74]
[434, 310, -161]
[285, 311, -157]
[427, 328, -184]
[279, 344, -183]
[425, 331, -207]
[280, 334, -208]
[424, 320, -173]
[285, 320, -169]
[410, 334, -10]
[323, 330, 10]
[408, 512, 24]
[306, 509, 29]
[408, 672, 174]
[310, 673, 138]
[410, 694, 182]
[311, 695, 144]
[393, 723, 51]
[318, 722, 14]
[364, 32, -305]
[373, 15, -292]
[379, 16, -293]
[385, 17, -293]
[356, 14, -295]
[350, 14, -295]
[343, 14, -295]
[395, 24, -193]
[332, 21, -201]
[375, 48, -267]
[353, 48, -269]
[443, 123, -125]
[283, 125, -124]
[448, 239, -86]
[273, 258, -93]
[439, 307, -173]
[271, 312, -187]
[432, 325, -198]
[273, 350, -215]
[443, 325, -224]
[275, 337, -241]
[429, 314, -187]
[280, 325, -199]
[410, 335, -5]
[321, 331, 6]
[407, 514, 38]
[305, 511, 29]
[407, 671, 204]
[309, 674, 162]
[409, 691, 215]
[310, 696, 170]
[393, 724, 95]
[319, 725, 39]
[363, 33, -305]
[372, 16, -293]
[377, 17, -293]
[383, 18, -293]
[356, 15, -294]
[351, 15, -295]
[345, 14, -295]
[392, 24, -193]
[334, 21, -199]
[373, 48, -266]
[352, 49, -268]
[442, 122, -121]
[283, 125, -122]
[447, 239, -105]
[272, 260, -106]
[442, 292, -236]
[283, 312, -224]
[444, 309, -268]
[288, 341, -256]
[448, 308, -293]
[288, 326, -279]
[433, 297, -250]
[290, 315, -236]
[410, 335, -6]
[322, 331, 6]
[407, 515, 38]
[304, 513, 32]
[407, 671, 205]
[308, 675, 165]
[409, 692, 215]
[309, 697, 173]
[394, 724, 94]
[321, 727, 39]
[365, 33, -304]
[373, 16, -291]
[378, 17, -291]
[384, 17, -291]
[357, 15, -293]
[351, 14, -293]
[345, 14, -293]
[392, 24, -193]
[333, 21, -199]
[374, 48, -265]
[353, 49, -267]
[443, 122, -121]
[284, 126, -121]
[447, 239, -104]
[271, 264, -101]
[443, 281, -225]
[277, 319, -201]
[449, 298, -254]
[279, 346, -227]
[449, 296, -276]
[280, 327, -251]
[435, 284, -237]
[284, 319, -213]
[412, 335, -6]
[322, 332, 6]
[408, 514, 39]
[305, 514, 34]
[409, 670, 194]
[311, 675, 160]
[411, 690, 203]
[311, 697, 168]
[396, 723, 85]
[324, 727, 38]
[367, 33, -284]
[374, 16, -270]
[380, 17, -270]
[385, 17, -270]
[358, 15, -273]
[352, 14, -273]
[347, 14, -273]
[393, 24, -170]
[334, 21, -181]
[376, 48, -246]
[355, 49, -249]
[442, 122, -99]
[285, 126, -111]
[446, 238, -85]
[273, 263, -109]
[458, 271, -204]
[281, 304, -230]
[450, 293, -231]
[283, 325, -260]
[450, 285, -253]
[284, 309, -281]
[444, 279, -216]
[287, 299, -241]
[411, 334, -3]
[323, 331, 4]
[409, 506, 51]
[310, 508, 35]
[410, 658, 201]
[316, 664, 157]
[412, 678, 210]
[316, 685, 165]
[397, 710, 98]
[330, 715, 38]
[367, 33, -284]
[375, 16, -270]
[380, 16, -271]
[385, 17, -271]
[359, 14, -272]
[354, 14, -272]
[348, 14, -272]
[393, 24, -170]
[336, 21, -175]
[376, 48, -245]
[356, 48, -247]
[443, 122, -101]
[287, 126, -97]
[448, 239, -102]
[276, 263, -117]
[480, 263, -248]
[276, 283, -284]
[464, 281, -281]
[276, 307, -319]
[493, 265, -303]
[278, 290, -340]
[467, 268, -261]
[282, 281, -297]
[412, 334, -3]
[324, 331, 4]
[411, 504, 45]
[310, 506, 40]
[411, 654, 195]
[317, 659, 159]
[413, 674, 204]
[318, 679, 166]
[397, 706, 91]
[332, 709, 41]
[366, 33, -267]
[374, 16, -254]
[379, 17, -254]
[385, 18, -254]
[358, 15, -254]
[353, 14, -254]
[347, 14, -254]
[392, 25, -155]
[336, 21, -151]
[375, 48, -230]
[354, 49, -229]
[442, 123, -89]
[287, 126, -81]
[449, 250, -115]
[274, 264, -146]
[494, 251, -269]
[283, 259, -344]
[505, 255, -299]
[288, 267, -380]
[511, 258, -316]
[287, 248, -390]
[492, 255, -280]
[290, 244, -353]
[410, 334, -4]
[323, 331, 4]
[409, 504, 43]
[308, 506, 56]
[409, 656, 194]
[314, 658, 175]
[411, 676, 202]
[316, 678, 183]
[395, 708, 83]
[327, 709, 57]
[366, 33, -221]
[374, 16, -209]
[379, 17, -209]
[384, 17, -209]
[358, 15, -209]
[353, 14, -209]
[347, 14, -209]
[392, 25, -118]
[336, 22, -117]
[375, 48, -188]
[354, 49, -187]
[443, 126, -63]
[289, 126, -54]
[452, 253, -86]
[273, 264, -128]
[520, 253, -241]
[264, 243, -338]
[545, 259, -272]
[247, 240, -376]
[547, 252, -294]
[249, 224, -392]
[537, 250, -255]
[264, 224, -351]
[410, 334, -3]
[322, 331, 4]
[409, 505, 39]
[307, 506, 33]
[409, 659, 174]
[313, 660, 127]
[410, 679, 181]
[314, 679, 131]
[395, 711, 64]
[325, 711, 1]
[366, 33, -212]
[374, 16, -199]
[379, 17, -199]
[384, 17, -199]
[359, 15, -200]
[353, 14, -200]
[348, 14, -200]
[392, 25, -105]
[337, 22, -111]
[375, 48, -178]
[355, 48, -179]
[442, 126, -47]
[290, 125, -53]
[453, 252, -63]
[273, 257, -129]
[520, 247, -241]
[266, 225, -341]
[543, 249, -262]
[255, 225, -379]
[546, 241, -284]
[252, 207, -392]
[539, 240, -248]
[265, 206, -352]
[410, 333, 0]
[322, 328, 1]
[409, 501, 33]
[307, 502, 13]
[408, 657, 155]
[312, 656, 97]
[409, 678, 160]
[313, 676, 101]
[394, 707, 45]
[327, 705, -29]
[367, 32, -184]
[375, 16, -172]
[380, 16, -172]
[385, 17, -172]
[359, 14, -173]
[354, 14, -173]
[348, 14, -174]
[392, 25, -85]
[337, 21, -90]
[376, 47, -152]
[356, 47, -153]
[442, 126, -32]
[291, 123, -40]
[453, 245, -59]
[272, 247, -124]
[518, 232, -232]
[255, 219, -339]
[541, 235, -263]
[246, 220, -376]
[549, 227, -284]
[243, 201, -392]
[540, 225, -244]
[244, 204, -351]
[409, 330, 1]
[322, 324, 0]
[411, 493, 28]
[309, 496, 17]
[408, 652, 142]
[315, 650, 105]
[409, 672, 147]
[314, 669, 110]
[394, 701, 37]
[330, 699, -17]
[368, 31, -163]
[375, 15, -151]
[380, 16, -151]
[384, 16, -151]
[359, 14, -152]
[354, 14, -152]
[348, 14, -152]
[392, 25, -68]
[337, 21, -72]
[376, 46, -132]
[356, 46, -133]
[441, 124, -22]
[292, 120, -23]
[455, 234, -55]
[271, 237, -115]
[520, 221, -228]
[240, 208, -326]
[545, 224, -257]
[225, 194, -362]
[548, 214, -279]
[225, 183, -376]
[539, 212, -240]
[226, 186, -338]
[409, 327, 1]
[322, 322, 0]
[411, 485, 20]
[311, 488, 19]
[407, 642, 119]
[318, 640, 97]
[409, 662, 123]
[317, 659, 101]
[395, 690, 20]
[334, 688, -14]
[367, 30, -163]
[374, 15, -152]
[379, 16, -152]
[384, 16, -152]
[359, 14, -153]
[354, 14, -153]
[348, 14, -153]
[392, 24, -70]
[337, 21, -72]
[376, 45, -133]
[356, 45, -133]
[440, 119, -20]
[294, 116, -21]
[459, 225, -62]
[272, 229, -107]
[514, 205, -239]
[241, 199, -317]
[547, 210, -272]
[225, 189, -351]
[550, 198, -289]
[225, 180, -364]
[537, 197, -251]
[234, 183, -328]
[409, 322, 1]
[322, 318, 0]
[410, 476, 8]
[311, 477, 8]
[407, 631, 99]
[319, 629, 74]
[409, 651, 102]
[318, 647, 76]
[395, 678, 1]
[336, 676, -36]
[367, 30, -148]
[374, 15, -136]
[379, 15, -136]
[384, 16, -136]
[359, 14, -138]
[354, 14, -138]
[348, 14, -138]
[391, 24, -56]
[337, 21, -64]
[376, 44, -118]
[356, 44, -120]
[437, 116, -8]
[294, 114, -20]
[462, 215, -57]
[274, 224, -111]
[518, 193, -233]
[252, 187, -324]
[545, 191, -265]
[241, 176, -357]
[546, 181, -288]
[240, 158, -365]
[533, 182, -245]
[249, 160, -332]
[409, 320, 2]
[322, 315, -1]
[410, 471, 1]
[312, 472, 2]
[407, 625, 82]
[320, 622, 60]
[409, 644, 85]
[318, 640, 62]
[394, 672, -12]
[336, 669, -46]
[368, 29, -137]
[374, 15, -125]
[379, 15, -126]
[384, 15, -126]
[359, 14, -126]
[354, 14, -126]
[348, 14, -126]
[391, 23, -46]
[338, 21, -49]
[376, 43, -108]
[356, 43, -109]
[436, 115, -6]
[296, 113, 0]
[462, 207, -60]
[269, 220, -87]
[475, 190, -236]
[235, 177, -306]
[492, 189, -270]
[224, 162, -340]
[490, 170, -283]
[221, 151, -342]
[483, 170, -245]
[234, 157, -311]
[409, 319, 1]
[323, 314, -1]
[411, 468, 2]
[318, 468, 9]
[408, 619, 83]
[325, 618, 81]
[411, 637, 85]
[323, 636, 85]
[395, 665, -9]
[340, 663, -30]
[368, 28, -121]
[374, 15, -109]
[379, 15, -109]
[384, 15, -109]
[360, 14, -111]
[354, 14, -111]
[349, 13, -111]
[391, 23, -34]
[338, 21, -43]
[376, 43, -93]
[357, 43, -95]
[436, 114, 0]
[296, 112, -9]
[461, 199, -58]
[266, 217, -94]
[445, 189, -216]
[272, 173, -282]
[439, 194, -246]
[279, 163, -313]
[435, 175, -245]
[278, 152, -311]
[431, 175, -219]
[279, 156, -284]
[409, 318, 3]
[323, 313, -2]
[412, 464, 3]
[325, 465, 11]
[412, 610, 82]
[330, 610, 78]
[414, 628, 84]
[328, 628, 82]
[399, 657, -6]
[343, 656, -22]
[368, 28, -116]
[374, 15, -105]
[379, 15, -105]
[384, 15, -105]
[360, 14, -107]
[354, 14, -107]
[349, 13, -107]
[391, 23, -33]
[338, 21, -43]
[376, 43, -89]
[357, 42, -92]
[435, 113, 1]
[296, 111, -18]
[463, 196, -51]
[265, 215, -112]
[437, 183, -180]
[281, 168, -283]
[422, 185, -206]
[290, 160, -313]
[415, 170, -204]
[290, 147, -311]
[417, 170, -182]
[290, 151, -285]
[409, 318, 5]
[324, 314, -5]
[412, 463, 6]
[329, 465, 13]
[413, 605, 87]
[333, 607, 83]
[415, 622, 90]
[331, 624, 87]
[401, 652, 1]
[344, 652, -11]
[368, 28, -103]
[375, 15, -91]
[379, 15, -91]
[384, 15, -91]
[360, 14, -94]
[354, 14, -94]
[349, 14, -94]
[391, 23, -17]
[338, 21, -29]
[376, 43, -76]
[357, 42, -80]
[435, 113, 13]
[296, 111, -12]
[462, 200, -54]
[265, 216, -115]
[435, 172, -195]
[286, 160, -283]
[421, 164, -223]
[293, 153, -313]
[417, 150, -221]
[293, 142, -309]
[418, 154, -198]
[300, 147, -285]
[408, 319, 6]
[324, 314, -6]
[413, 463, 5]
[329, 465, 11]
[414, 607, 82]
[334, 608, 72]
[416, 624, 84]
[331, 625, 75]
[403, 653, -3]
[345, 652, -20]
[368, 28, -92]
[375, 15, -81]
[379, 15, -81]
[384, 15, -81]
[360, 14, -82]
[354, 14, -82]
[349, 14, -82]
[391, 23, -12]
[338, 21, -17]
[376, 43, -67]
[357, 42, -68]
[435, 113, 12]
[296, 111, 2]
[461, 201, -59]
[263, 210, -111]
[441, 158, -196]
[263, 143, -282]
[432, 146, -227]
[260, 130, -311]
[428, 137, -233]
[259, 119, -307]
[427, 142, -206]
[277, 126, -284]
[408, 319, 6]
[324, 315, -5]
[413, 464, 3]
[330, 467, 21]
[414, 608, 72]
[334, 609, 77]
[416, 625, 74]
[332, 626, 80]
[402, 654, -6]
[347, 653, 1]
[367, 28, -93]
[374, 15, -82]
[379, 15, -82]
[383, 15, -82]
[360, 14, -83]
[354, 14, -83]
[349, 14, -83]
[391, 23, -14]
[338, 21, -18]
[376, 43, -68]
[357, 42, -69]
[435, 113, 9]
[296, 111, 0]
[457, 203, -66]
[262, 206, -112]
[441, 147, -201]
[242, 135, -283]
[432, 136, -232]
[230, 117, -313]
[429, 127, -233]
[230, 107, -311]
[429, 131, -209]
[247, 114, -287]
[408, 319, 5]
[324, 316, -5]
[413, 465, 4]
[332, 468, 31]
[414, 607, 75]
[335, 609, 94]
[417, 623, 78]
[333, 626, 98]
[402, 652, -1]
[348, 654, 21]
[367, 28, -90]
[374, 15, -80]
[378, 15, -80]
[382, 15, -80]
[359, 14, -81]
[354, 14, -81]
[349, 14, -81]
[390, 24, -12]
[338, 22, -18]
[375, 43, -65]
[357, 42, -67]
[435, 113, 10]
[296, 110, -1]
[454, 205, -70]
[262, 206, -117]
[436, 143, -203]
[246, 127, -283]
[425, 132, -230]
[229, 108, -314]
[424, 123, -227]
[226, 98, -312]
[423, 127, -206]
[243, 107, -289]
[408, 319, 6]
[325, 316, -5]
[413, 463, 3]
[332, 468, 29]
[414, 602, 70]
[335, 606, 93]
[417, 618, 73]
[333, 623, 97]
[402, 648, -3]
[347, 651, 14]
[366, 28, -90]
[373, 15, -79]
[378, 15, -79]
[382, 15, -79]
[359, 14, -80]
[353, 14, -80]
[348, 14, -80]
[390, 24, -8]
[338, 22, -14]
[375, 43, -64]
[356, 42, -66]
[435, 113, 13]
[296, 110, -2]
[454, 205, -77]
[263, 206, -129]
[431, 140, -206]
[260, 123, -298]
[421, 129, -232]
[252, 107, -328]
[420, 118, -231]
[244, 97, -320]
[420, 123, -208]
[249, 106, -301]
[408, 319, 6]
[325, 316, -6]
[413, 462, 4]
[331, 466, 25]
[414, 601, 71]
[335, 605, 78]
[416, 617, 74]
[333, 621, 81]
[402, 646, -5]
[346, 649, 0]
[366, 29, -93]
[373, 15, -83]
[377, 15, -83]
[382, 15, -83]
[359, 14, -84]
[353, 14, -84]
[348, 14, -84]
[390, 24, -13]
[338, 22, -18]
[375, 43, -67]
[356, 42, -69]
[435, 113, 12]
[295, 108, -3]
[453, 205, -80]
[265, 204, -130]
[433, 136, -217]
[257, 119, -304]
[424, 121, -243]
[240, 103, -334]
[425, 110, -236]
[234, 93, -328]
[423, 116, -218]
[245, 100, -307]
[408, 318, 7]
[325, 316, -7]
[412, 460, 4]
[330, 464, 21]
[414, 599, 70]
[334, 601, 72]
[416, 615, 72]
[332, 618, 74]
[402, 644, -6]
[346, 646, -8]
[366, 29, -89]
[373, 15, -78]
[377, 15, -78]
[382, 15, -78]
[359, 14, -80]
[353, 14, -80]
[348, 14, -80]
[390, 24, -8]
[338, 22, -15]
[375, 43, -63]
[356, 42, -65]
[435, 112, 19]
[295, 107, -4]
[452, 206, -79]
[269, 202, -134]
[434, 135, -210]
[268, 114, -309]
[427, 118, -236]
[261, 101, -338]
[428, 108, -230]
[254, 93, -332]
[427, 113, -211]
[257, 98, -311]
[408, 317, 8]
[325, 315, -7]
[411, 458, 4]
[330, 461, 14]
[412, 596, 66]
[334, 599, 59]
[415, 612, 68]
[332, 615, 61]
[401, 641, -9]
[346, 644, -21]
[366, 29, -89]
[373, 15, -79]
[377, 15, -79]
[381, 16, -79]
[359, 15, -81]
[353, 14, -81]
[348, 14, -81]
[390, 24, -9]
[338, 22, -17]
[375, 43, -63]
[356, 42, -65]
[434, 112, 19]
[295, 106, -4]
[451, 206, -74]
[270, 202, -132]
[435, 134, -204]
[270, 114, -307]
[429, 117, -229]
[259, 99, -337]
[430, 108, -225]
[254, 91, -332]
[428, 113, -205]
[259, 97, -311]
[408, 316, 8]
[325, 314, -8]
[410, 456, 4]
[330, 459, 13]
[412, 595, 65]
[333, 598, 58]
[414, 611, 67]
[331, 614, 61]
[401, 640, -9]
[345, 643, -22]
[366, 29, -88]
[373, 15, -77]
[377, 15, -77]
[381, 16, -77]
[359, 15, -79]
[353, 14, -79]
[348, 14, -79]
[390, 24, -8]
[338, 22, -14]
[375, 42, -62]
[356, 42, -64]
[434, 112, 17]
[295, 106, -2]
[450, 206, -74]
[271, 203, -130]
[435, 131, -202]
[267, 115, -306]
[429, 116, -228]
[259, 100, -337]
[430, 106, -224]
[252, 92, -330]
[428, 112, -204]
[259, 98, -310]
[408, 315, 8]
[325, 313, -8]
[410, 456, 4]
[330, 459, 13]
[411, 595, 66]
[333, 597, 59]
[414, 611, 68]
[331, 614, 61]
[401, 639, -9]
[345, 643, -23]
[366, 28, -89]
[373, 15, -80]
[377, 15, -80]
[381, 16, -80]
[359, 14, -79]
[353, 14, -79]
[348, 14, -79]
[390, 24, -20]
[338, 22, -21]
[374, 42, -67]
[356, 42, -67]
[434, 112, 0]
[295, 106, -3]
[450, 207, -87]
[268, 202, -127]
[436, 134, -221]
[236, 117, -305]
[430, 119, -247]
[221, 100, -333]
[430, 109, -242]
[222, 89, -327]
[428, 115, -222]
[229, 96, -309]
[408, 315, 7]
[325, 313, -7]
[410, 455, 4]
[330, 458, 18]
[411, 594, 68]
[333, 596, 69]
[414, 610, 71]
[331, 612, 72]
[400, 638, -6]
[345, 641, -8]
[365, 28, -94]
[372, 14, -84]
[377, 15, -84]
[381, 15, -84]
[358, 14, -84]
[353, 14, -84]
[348, 13, -85]
[389, 24, -21]
[338, 21, -22]
[374, 42, -70]
[356, 41, -71]
[434, 112, -1]
[295, 106, -1]
[449, 208, -87]
[263, 200, -126]
[437, 137, -220]
[231, 118, -303]
[431, 123, -246]
[219, 100, -332]
[431, 113, -241]
[220, 90, -327]
[429, 118, -221]
[227, 97, -307]
[408, 315, 6]
[325, 313, -5]
[410, 455, 4]
[329, 458, 22]
[411, 595, 70]
[332, 597, 77]
[414, 611, 73]
[330, 613, 80]
[399, 640, -5]
[344, 642, -3]
[365, 28, -90]
[372, 14, -80]
[377, 15, -80]
[381, 15, -80]
[358, 14, -80]
[353, 14, -80]
[348, 13, -80]
[389, 24, -15]
[338, 21, -13]
[374, 42, -66]
[356, 41, -66]
[435, 112, 6]
[295, 106, 3]
[449, 210, -85]
[263, 201, -122]
[435, 139, -214]
[234, 120, -300]
[429, 126, -239]
[225, 102, -328]
[429, 115, -234]
[225, 93, -323]
[428, 120, -215]
[233, 100, -303]
[408, 315, 6]
[325, 312, -6]
[410, 455, 5]
[329, 458, 26]
[411, 596, 71]
[332, 598, 87]
[414, 612, 74]
[329, 614, 90]
[396, 641, -5]
[343, 643, 5]
[365, 28, -88]
[372, 14, -77]
[377, 15, -77]
[381, 15, -77]
[358, 14, -77]
[353, 14, -77]
[348, 13, -78]
[389, 24, -10]
[338, 21, -10]
[374, 42, -63]
[356, 41, -63]
[435, 112, 13]
[295, 106, 4]
[449, 211, -75]
[263, 201, -121]
[435, 140, -209]
[236, 122, -298]
[427, 127, -234]
[229, 105, -326]
[428, 116, -230]
[229, 95, -322]
[427, 121, -210]
[236, 102, -302]
[408, 315, 6]
[325, 312, -6]
[410, 456, 5]
[329, 459, 26]
[411, 596, 72]
[332, 598, 87]
[414, 612, 74]
[329, 614, 91]
[396, 641, -4]
[343, 643, 5]
[365, 28, -91]
[372, 15, -80]
[377, 15, -80]
[381, 15, -80]
[358, 14, -81]
[353, 14, -81]
[348, 14, -81]
[389, 24, -10]
[338, 22, -14]
[374, 42, -65]
[356, 42, -66]
[434, 112, 13]
[295, 107, 3]
[449, 211, -79]
[263, 202, -126]
[434, 140, -220]
[240, 122, -304]
[426, 128, -247]
[228, 105, -333]
[426, 118, -242]
[227, 96, -329]
[425, 123, -222]
[237, 103, -308]
[408, 315, 7]
[325, 312, -6]
[410, 456, 5]
[330, 459, 19]
[412, 596, 72]
[333, 599, 73]
[415, 612, 75]
[330, 615, 76]
[397, 641, -4]
[343, 643, -9]
[365, 29, -91]
[372, 15, -81]
[377, 15, -81]
[381, 15, -81]
[358, 14, -82]
[353, 14, -82]
[348, 14, -82]
[389, 24, -12]
[338, 22, -15]
[374, 43, -66]
[356, 43, -66]
[434, 112, 12]
[295, 108, 2]
[450, 210, -80]
[262, 203, -121]
[435, 143, -224]
[242, 125, -294]
[427, 133, -251]
[229, 109, -322]
[426, 125, -246]
[229, 100, -319]
[426, 129, -226]
[239, 106, -297]
[408, 315, 6]
[325, 312, -5]
[410, 456, 5]
[330, 459, 19]
[412, 596, 73]
[333, 599, 74]
[415, 613, 75]
[330, 615, 77]
[397, 641, -4]
[343, 644, -9]
[365, 29, -93]
[372, 15, -82]
[377, 15, -82]
[381, 15, -82]
[358, 14, -83]
[353, 14, -83]
[348, 14, -83]
[389, 24, -13]
[338, 23, -16]
[374, 43, -67]
[356, 43, -67]
[434, 112, 9]
[296, 109, 1]
[458, 196, -77]
[262, 203, -116]
[435, 146, -220]
[257, 133, -285]
[427, 140, -248]
[257, 120, -314]
[426, 132, -246]
[255, 113, -311]
[425, 136, -222]
[255, 117, -288]
[408, 315, 5]
[325, 312, -5]
[410, 456, 5]
[330, 459, 19]
[411, 597, 71]
[333, 599, 74]
[415, 613, 74]
[330, 615, 77]
[397, 642, -5]
[343, 643, -9]
[365, 30, -93]
[372, 15, -82]
[377, 16, -82]
[381, 16, -82]
[358, 15, -83]
[353, 15, -83]
[348, 15, -83]
[389, 24, -13]
[338, 23, -17]
[374, 44, -67]
[356, 44, -68]
[433, 111, 14]
[297, 110, 0]
[459, 196, -56]
[268, 209, -108]
[435, 156, -195]
[286, 147, -262]
[427, 149, -222]
[297, 139, -289]
[426, 139, -220]
[298, 131, -286]
[426, 143, -197]
[298, 136, -264]
[408, 314, 6]
[325, 311, -6]
[411, 456, 4]
[330, 457, 11]
[412, 597, 71]
[333, 598, 65]
[415, 613, 74]
[331, 614, 68]
[398, 641, -8]
[345, 642, -23]
[365, 30, -97]
[372, 15, -86]
[377, 16, -86]
[381, 16, -86]
[358, 15, -87]
[353, 15, -87]
[348, 15, -87]
[389, 24, -18]
[338, 23, -21]
[374, 44, -72]
[355, 44, -73]
[433, 111, 11]
[298, 110, -4]
[465, 186, -60]
[268, 212, -108]
[440, 162, -199]
[277, 149, -269]
[456, 157, -226]
[279, 140, -297]
[449, 143, -224]
[279, 131, -295]
[427, 150, -202]
[286, 137, -272]
[408, 313, 6]
[325, 309, -6]
[411, 455, 4]
[331, 456, 10]
[412, 597, 70]
[334, 598, 62]
[415, 613, 72]
[331, 614, 65]
[398, 640, -9]
[346, 642, -24]
[365, 30, -123]
[372, 16, -112]
[376, 16, -112]
[380, 16, -112]
[358, 15, -113]
[352, 16, -113]
[347, 15, -113]
[389, 24, -40]
[338, 23, -43]
[374, 44, -96]
[355, 44, -97]
[432, 111, -4]
[298, 110, -12]
[467, 184, -67]
[268, 211, -107]
[441, 168, -223]
[277, 162, -274]
[457, 166, -253]
[272, 150, -298]
[451, 150, -254]
[276, 139, -305]
[427, 158, -227]
[276, 143, -274]
[408, 313, 6]
[325, 308, -5]
[411, 454, 5]
[332, 454, 11]
[412, 594, 78]
[335, 595, 64]
[415, 612, 80]
[332, 612, 66]
[399, 638, -6]
[347, 640, -21]
[365, 30, -122]
[372, 16, -112]
[376, 16, -112]
[380, 16, -112]
[358, 16, -113]
[352, 16, -113]
[347, 16, -113]
[388, 24, -42]
[338, 23, -48]
[374, 44, -96]
[355, 44, -98]
[432, 110, -6]
[298, 110, -17]
[467, 187, -57]
[268, 211, -104]
[438, 181, -195]
[284, 171, -268]
[441, 186, -223]
[288, 165, -296]
[427, 167, -225]
[287, 154, -299]
[422, 168, -198]
[287, 156, -271]
[408, 313, 6]
[325, 308, -5]
[412, 451, 7]
[333, 452, 12]
[414, 588, 85]
[336, 590, 77]
[416, 605, 88]
[334, 607, 81]
[403, 632, 1]
[348, 634, -10]
[365, 30, -123]
[372, 16, -112]
[376, 16, -112]
[380, 16, -112]
[358, 16, -114]
[352, 16, -114]
[347, 16, -114]
[388, 24, -41]
[338, 24, -46]
[374, 44, -96]
[355, 44, -97]
[433, 110, -4]
[298, 110, -16]
[466, 189, -52]
[268, 213, -105]
[437, 186, -193]
[280, 172, -272]
[441, 194, -222]
[292, 164, -297]
[420, 175, -225]
[290, 152, -303]
[420, 175, -197]
[290, 155, -274]
[407, 313, 6]
[325, 308, -5]
[412, 450, 10]
[334, 451, 16]
[414, 587, 90]
[337, 589, 86]
[416, 605, 93]
[335, 606, 90]
[403, 631, 6]
[348, 633, -3]
[365, 30, -145]
[372, 16, -135]
[376, 16, -135]
[380, 16, -135]
[358, 16, -136]
[352, 16, -136]
[347, 16, -136]
[388, 24, -59]
[338, 24, -63]
[374, 44, -117]
[355, 44, -118]
[433, 111, -20]
[298, 112, -18]
[464, 190, -67]
[268, 215, -103]
[432, 191, -226]
[268, 178, -291]
[436, 200, -259]
[258, 168, -324]
[415, 179, -264]
[252, 156, -331]
[417, 180, -231]
[272, 161, -297]
[407, 314, 4]
[325, 310, -4]
[412, 451, 16]
[334, 452, 24]
[414, 588, 104]
[337, 589, 104]
[415, 605, 108]
[335, 606, 109]
[403, 631, 18]
[347, 634, 12]
[365, 30, -150]
[372, 16, -140]
[376, 16, -140]
[380, 16, -140]
[358, 16, -141]
[352, 16, -141]
[347, 16, -141]
[388, 25, -62]
[338, 25, -66]
[374, 45, -121]
[355, 45, -122]
[433, 111, -19]
[298, 112, -17]
[460, 192, -68]
[268, 215, -96]
[436, 197, -235]
[254, 180, -295]
[436, 208, -268]
[232, 168, -329]
[418, 188, -275]
[231, 156, -338]
[421, 185, -241]
[249, 162, -302]
[407, 314, 4]
[325, 310, -3]
[412, 451, 17]
[333, 452, 26]
[414, 588, 104]
[336, 590, 106]
[415, 605, 107]
[335, 607, 111]
[403, 631, 17]
[347, 634, 13]
[365, 31, -158]
[372, 16, -149]
[376, 17, -149]
[380, 17, -149]
[357, 16, -150]
[352, 17, -150]
[347, 17, -150]
[388, 25, -73]
[337, 25, -77]
[374, 45, -129]
[355, 45, -130]
[433, 111, -27]
[298, 112, -22]
[456, 197, -70]
[271, 215, -94]
[436, 195, -232]
[249, 184, -293]
[433, 203, -264]
[226, 172, -327]
[419, 183, -270]
[227, 160, -336]
[421, 182, -237]
[242, 165, -301]
[407, 314, 4]
[325, 310, -3]
[411, 450, 19]
[333, 452, 26]
[413, 586, 107]
[336, 589, 105]
[414, 603, 111]
[334, 606, 109]
[402, 629, 22]
[346, 633, 13]
[365, 31, -161]
[372, 16, -153]
[376, 17, -153]
[381, 17, -153]
[357, 16, -154]
[352, 17, -154]
[347, 17, -154]
[388, 25, -76]
[337, 25, -82]
[374, 45, -132]
[355, 45, -134]
[433, 111, -28]
[298, 112, -28]
[455, 202, -70]
[275, 216, -97]
[437, 198, -227]
[251, 185, -295]
[433, 204, -258]
[234, 176, -328]
[424, 184, -262]
[234, 164, -338]
[424, 182, -232]
[244, 167, -304]
[407, 313, 4]
[325, 310, -3]
[411, 450, 19]
[333, 452, 26]
[413, 585, 108]
[336, 588, 105]
[414, 602, 111]
[334, 605, 110]
[402, 628, 22]
[346, 633, 13]
[365, 31, -160]
[372, 16, -151]
[376, 17, -151]
[381, 17, -151]
[357, 16, -152]
[352, 17, -152]
[347, 17, -152]
[388, 25, -77]
[337, 25, -80]
[374, 45, -132]
[355, 45, -133]
[433, 112, -25]
[298, 113, -30]
[455, 208, -52]
[276, 217, -99]
[504, 197, -194]
[233, 192, -294]
[529, 200, -220]
[216, 187, -324]
[530, 187, -235]
[218, 174, -334]
[524, 186, -205]
[221, 176, -302]
[407, 314, 4]
[324, 310, -3]
[411, 452, 21]
[330, 453, 33]
[412, 588, 112]
[334, 590, 117]
[414, 606, 116]
[332, 607, 122]
[401, 631, 30]
[346, 635, 27]
[365, 31, -162]
[372, 16, -153]
[377, 17, -153]
[381, 17, -153]
[357, 16, -154]
[352, 17, -154]
[347, 17, -154]
[388, 25, -81]
[337, 25, -84]
[374, 45, -134]
[355, 45, -135]
[433, 112, -27]
[298, 114, -32]
[454, 213, -44]
[276, 222, -95]
[511, 204, -182]
[222, 197, -283]
[538, 207, -207]
[210, 192, -310]
[540, 196, -223]
[208, 181, -328]
[528, 195, -192]
[214, 182, -294]
[407, 314, 4]
[324, 311, -4]
[411, 453, 21]
[328, 455, 34]
[412, 590, 111]
[331, 591, 117]
[413, 608, 116]
[329, 608, 122]
[400, 633, 30]
[344, 636, 28]
[365, 31, -175]
[372, 16, -167]
[376, 17, -167]
[381, 17, -167]
[357, 16, -167]
[351, 16, -167]
[346, 16, -167]
[388, 25, -94]
[336, 25, -93]
[374, 45, -147]
[354, 45, -147]
[433, 113, -44]
[296, 115, -36]
[453, 217, -75]
[277, 228, -89]
[490, 207, -235]
[219, 210, -271]
[502, 209, -265]
[207, 204, -300]
[503, 194, -277]
[205, 193, -318]
[494, 193, -244]
[211, 194, -283]
[407, 315, 2]
[324, 311, -1]
[411, 454, 26]
[327, 456, 46]
[412, 590, 131]
[331, 591, 147]
[413, 608, 137]
[329, 608, 153]
[400, 634, 45]
[343, 637, 54]
[364, 31, -189]
[371, 16, -180]
[376, 16, -180]
[380, 16, -180]
[356, 16, -180]
[350, 16, -180]
[345, 16, -180]
[388, 24, -102]
[335, 24, -104]
[374, 45, -160]
[354, 45, -160]
[433, 114, -50]
[294, 116, -44]
[453, 222, -74]
[276, 235, -91]
[502, 213, -227]
[219, 221, -275]
[517, 220, -257]
[204, 215, -304]
[522, 210, -269]
[202, 203, -320]
[508, 208, -237]
[210, 204, -285]
[407, 316, 1]
[323, 313, 0]
[411, 457, 27]
[327, 460, 49]
[412, 593, 140]
[330, 595, 155]
[414, 612, 146]
[329, 613, 163]
[400, 638, 53]
[343, 642, 61]
[364, 31, -179]
[371, 16, -170]
[376, 16, -170]
[380, 16, -170]
[356, 16, -170]
[350, 16, -170]
[344, 16, -170]
[388, 24, -95]
[334, 24, -96]
[374, 45, -151]
[353, 46, -151]
[433, 115, -47]
[293, 117, -40]
[451, 225, -73]
[277, 236, -78]
[502, 221, -228]
[220, 228, -251]
[502, 222, -259]
[205, 222, -279]
[504, 206, -273]
[203, 211, -299]
[494, 204, -238]
[209, 212, -264]
[407, 317, 0]
[323, 314, 0]
[412, 458, 25]
[328, 462, 45]
[412, 593, 129]
[331, 596, 139]
[414, 612, 135]
[329, 614, 145]
[400, 639, 45]
[343, 643, 47]
[364, 31, -207]
[371, 16, -197]
[376, 16, -197]
[380, 16, -197]
[355, 15, -198]
[350, 16, -198]
[344, 16, -198]
[388, 24, -118]
[334, 24, -118]
[374, 45, -177]
[353, 46, -177]
[433, 115, -63]
[293, 118, -55]
[450, 231, -85]
[277, 239, -79]
[497, 222, -245]
[224, 235, -262]
[507, 225, -276]
[208, 229, -291]
[513, 222, -293]
[206, 217, -307]
[500, 220, -256]
[213, 219, -270]
[407, 317, 0]
[321, 315, 0]
[411, 461, 28]
[327, 464, 43]
[412, 595, 145]
[330, 598, 144]
[414, 614, 151]
[328, 616, 151]
[399, 642, 57]
[343, 645, 48]
[364, 31, -231]
[371, 16, -220]
[376, 16, -220]
[380, 16, -220]
[355, 16, -220]
[349, 16, -220]
[344, 16, -220]
[388, 24, -134]
[334, 24, -134]
[374, 45, -198]
[353, 46, -198]
[434, 116, -79]
[292, 119, -63]
[450, 233, -120]
[277, 245, -94]
[476, 228, -302]
[225, 240, -287]
[490, 228, -338]
[210, 234, -320]
[496, 215, -351]
[207, 223, -340]
[486, 213, -311]
[215, 224, -299]
[407, 318, -1]
[321, 316, 2]
[412, 464, 27]
[327, 466, 45]
[412, 598, 162]
[329, 601, 162]
[415, 617, 170]
[327, 620, 170]
[399, 646, 69]
[342, 649, 60]
[364, 31, -224]
[371, 16, -213]
[376, 17, -213]
[380, 17, -213]
[355, 16, -213]
[349, 16, -213]
[344, 16, -213]
[387, 25, -125]
[334, 25, -125]
[373, 46, -191]
[353, 47, -191]
[434, 117, -73]
[291, 121, -56]
[449, 235, -108]
[277, 249, -100]
[477, 240, -284]
[231, 243, -305]
[497, 239, -319]
[211, 241, -341]
[497, 237, -337]
[209, 229, -360]
[485, 234, -295]
[222, 229, -319]
[407, 319, -3]
[321, 318, 4]
[411, 467, 25]
[323, 469, 45]
[411, 601, 155]
[326, 604, 160]
[413, 621, 162]
[325, 623, 167]
[397, 648, 61]
[340, 651, 57]
[363, 32, -225]
[370, 17, -213]
[375, 17, -213]
[379, 17, -213]
[355, 16, -213]
[349, 16, -213]
[344, 16, -213]
[387, 25, -126]
[334, 25, -124]
[373, 46, -192]
[352, 47, -191]
[434, 117, -75]
[291, 121, -57]
[447, 233, -106]
[278, 246, -108]
[463, 249, -267]
[271, 251, -308]
[471, 256, -302]
[270, 263, -345]
[474, 254, -320]
[271, 245, -362]
[464, 247, -278]
[276, 239, -320]
[407, 319, -4]
[321, 318, 4]
[410, 467, 27]
[320, 469, 52]
[410, 602, 163]
[325, 604, 172]
[412, 621, 171]
[324, 623, 180]
[396, 648, 68]
[339, 651, 69]
[363, 32, -216]
[370, 17, -205]
[375, 17, -205]
[379, 17, -205]
[355, 16, -205]
[349, 16, -205]
[344, 16, -205]
[386, 25, -118]
[334, 25, -117]
[372, 46, -184]
[352, 47, -184]
[434, 117, -69]
[291, 121, -55]
[447, 232, -99]
[278, 244, -88]
[457, 259, -264]
[285, 271, -249]
[458, 268, -293]
[286, 291, -284]
[457, 262, -310]
[289, 276, -305]
[454, 259, -271]
[293, 267, -262]
[407, 319, -4]
[320, 318, 4]
[408, 468, 25]
[320, 468, 50]
[408, 602, 167]
[325, 604, 180]
[410, 621, 176]
[324, 622, 189]
[396, 648, 74]
[339, 651, 78]
[363, 31, -218]
[370, 17, -205]
[375, 17, -205]
[379, 17, -205]
[355, 16, -206]
[349, 16, -206]
[344, 16, -206]
[386, 25, -119]
[334, 25, -121]
[372, 46, -185]
[352, 47, -186]
[434, 117, -69]
[291, 121, -62]
[445, 231, -94]
[279, 244, -73]
[453, 265, -238]
[285, 285, -195]
[455, 276, -272]
[300, 315, -224]
[454, 271, -293]
[304, 303, -245]
[449, 266, -249]
[308, 293, -206]
[407, 320, -3]
[320, 317, 4]
[405, 471, 24]
[319, 470, 41]
[406, 604, 165]
[325, 608, 166]
[407, 623, 175]
[324, 628, 174]
[396, 651, 77]
[338, 655, 67]
[363, 31, -221]
[370, 16, -209]
[374, 17, -209]
[379, 17, -209]
[355, 16, -210]
[349, 16, -210]
[344, 16, -210]
[386, 25, -123]
[334, 25, -124]
[372, 46, -189]
[352, 47, -189]
[434, 117, -72]
[291, 121, -62]
[445, 227, -84]
[280, 243, -66]
[452, 268, -215]
[288, 280, -190]
[454, 280, -248]
[307, 312, -220]
[452, 275, -270]
[310, 299, -240]
[447, 271, -226]
[313, 289, -201]
[407, 320, -4]
[320, 317, 4]
[405, 470, 17]
[320, 470, 38]
[406, 604, 161]
[326, 608, 164]
[407, 622, 170]
[326, 628, 173]
[398, 651, 71]
[338, 654, 64]
[363, 31, -220]
[370, 16, -207]
[374, 17, -207]
[379, 17, -207]
[355, 16, -209]
[349, 16, -209]
[344, 16, -209]
[386, 25, -120]
[335, 25, -124]
[372, 46, -186]
[352, 47, -187]
[434, 117, -69]
[291, 121, -63]
[444, 219, -75]
[280, 240, -56]
[449, 271, -210]
[289, 288, -158]
[452, 283, -243]
[297, 313, -184]
[450, 280, -265]
[309, 312, -207]
[445, 276, -222]
[312, 301, -169]
[407, 321, -4]
[320, 317, 5]
[406, 471, 2]
[322, 471, 30]
[407, 604, 154]
[328, 610, 161]
[407, 622, 165]
[328, 629, 171]
[399, 652, 63]
[338, 655, 56]
[363, 31, -224]
[370, 16, -211]
[375, 17, -211]
[379, 17, -211]
[355, 16, -213]
[349, 16, -213]
[344, 16, -213]
[386, 25, -122]
[335, 25, -132]
[372, 46, -190]
[352, 47, -192]
[434, 117, -68]
[291, 121, -74]
[443, 218, -66]
[280, 240, -62]
[449, 276, -195]
[294, 298, -155]
[453, 291, -227]
[311, 330, -179]
[451, 287, -249]
[316, 322, -202]
[445, 283, -208]
[318, 310, -165]
[407, 321, -2]
[320, 318, 3]
[405, 474, 5]
[322, 473, 9]
[407, 607, 153]
[328, 615, 125]
[407, 625, 162]
[328, 634, 132]
[400, 655, 63]
[338, 660, 20]
[363, 31, -229]
[370, 16, -216]
[375, 17, -216]
[379, 17, -216]
[355, 16, -218]
[349, 16, -218]
[344, 16, -218]
[386, 25, -127]
[335, 25, -135]
[372, 46, -195]
[352, 47, -197]
[434, 117, -72]
[291, 120, -71]
[442, 215, -66]
[280, 236, -48]
[447, 280, -187]
[292, 293, -136]
[450, 295, -216]
[305, 328, -160]
[447, 294, -239]
[309, 320, -183]
[443, 288, -199]
[308, 306, -147]
[407, 321, -3]
[320, 318, 3]
[405, 473, -1]
[322, 473, -3]
[407, 606, 150]
[328, 614, 106]
[407, 625, 161]
[329, 633, 113]
[400, 654, 61]
[338, 659, 0]
[363, 31, -227]
[370, 16, -214]
[375, 17, -214]
[379, 17, -214]
[355, 16, -217]
[349, 16, -217]
[344, 16, -217]
[386, 25, -126]
[335, 25, -135]
[372, 46, -193]
[352, 47, -195]
[434, 117, -70]
[291, 120, -73]
[441, 213, -56]
[280, 235, -56]
[446, 278, -166]
[306, 294, -148]
[449, 294, -195]
[315, 321, -173]
[447, 291, -217]
[318, 311, -194]
[443, 287, -178]
[319, 300, -158]
[407, 321, -3]
[321, 318, 3]
[405, 473, 0]
[323, 473, 9]
[407, 606, 147]
[329, 613, 122]
[407, 624, 157]
[330, 632, 129]
[401, 654, 58]
[338, 658, 18]
[363, 31, -227]
[370, 16, -215]
[375, 17, -215]
[379, 17, -215]
[355, 16, -217]
[349, 16, -217]
[344, 16, -217]
[387, 25, -127]
[335, 25, -136]
[372, 46, -194]
[352, 47, -196]
[434, 117, -71]
[291, 120, -73]
[442, 212, -50]
[280, 231, -48]
[444, 283, -149]
[300, 290, -128]
[444, 300, -176]
[310, 320, -152]
[440, 299, -198]
[313, 312, -174]
[437, 292, -160]
[312, 298, -139]
[407, 320, -3]
[322, 317, 3]
[405, 472, -3]
[324, 471, 2]
[407, 605, 140]
[330, 613, 110]
[407, 622, 149]
[331, 632, 116]
[403, 652, 50]
[339, 657, 5]
[363, 31, -230]
[370, 16, -217]
[375, 17, -217]
[379, 17, -217]
[355, 16, -220]
[349, 16, -220]
[344, 16, -220]
[387, 25, -128]
[335, 25, -138]
[372, 46, -196]
[352, 47, -199]
[434, 116, -71]
[291, 120, -77]
[442, 211, -56]
[280, 231, -54]
[445, 285, -169]
[298, 294, -138]
[446, 303, -198]
[312, 328, -162]
[443, 301, -219]
[316, 321, -185]
[440, 294, -180]
[309, 306, -149]
[407, 320, -2]
[323, 316, 3]
[405, 471, -3]
[324, 471, 2]
[407, 604, 141]
[330, 612, 115]
[407, 622, 150]
[331, 631, 122]
[403, 651, 51]
[339, 657, 10]
[363, 31, -226]
[370, 16, -213]
[375, 17, -213]
[379, 17, -213]
[355, 16, -215]
[349, 16, -215]
[344, 16, -215]
[387, 25, -125]
[335, 25, -134]
[372, 46, -193]
[352, 47, -196]
[434, 116, -69]
[291, 120, -73]
[442, 211, -47]
[279, 228, -39]
[445, 288, -148]
[296, 296, -118]
[447, 306, -175]
[308, 329, -141]
[444, 303, -196]
[311, 320, -164]
[439, 299, -159]
[307, 309, -128]
[407, 320, -3]
[323, 317, 3]
[405, 471, -1]
[324, 470, 7]
[408, 602, 149]
[331, 610, 119]
[408, 619, 160]
[331, 629, 128]
[403, 650, 62]
[339, 654, 16]
[363, 31, -226]
[370, 16, -214]
[375, 17, -214]
[379, 17, -214]
[355, 16, -216]
[349, 16, -216]
[344, 16, -216]
[387, 25, -127]
[335, 25, -135]
[373, 46, -193]
[352, 47, -196]
[434, 115, -70]
[291, 119, -72]
[442, 207, -43]
[278, 226, -35]
[444, 288, -136]
[295, 297, -109]
[447, 306, -161]
[303, 324, -131]
[443, 304, -182]
[309, 320, -155]
[438, 299, -146]
[306, 311, -119]
[407, 320, -3]
[323, 315, 3]
[405, 468, -3]
[324, 467, 5]
[408, 598, 151]
[331, 606, 121]
[408, 614, 161]
[331, 625, 129]
[403, 645, 64]
[339, 649, 18]
[363, 31, -216]
[370, 16, -203]
[375, 17, -203]
[379, 17, -203]
[355, 15, -205]
[350, 15, -205]
[344, 16, -205]
[387, 25, -117]
[335, 25, -125]
[373, 46, -183]
[353, 46, -186]
[434, 115, -66]
[292, 119, -67]
[442, 206, -46]
[276, 225, -36]
[444, 290, -146]
[291, 299, -115]
[446, 307, -173]
[297, 323, -138]
[442, 306, -194]
[305, 322, -162]
[438, 301, -156]
[303, 313, -126]
[407, 320, -4]
[324, 316, 4]
[405, 468, -9]
[323, 468, 6]
[408, 598, 148]
[330, 606, 123]
[407, 614, 159]
[331, 625, 131]
[403, 645, 63]
[339, 649, 20]
[363, 31, -233]
[370, 16, -221]
[375, 16, -221]
[379, 17, -221]
[355, 15, -223]
[350, 15, -223]
[345, 15, -223]
[387, 25, -134]
[335, 24, -142]
[373, 46, -200]
[353, 46, -202]
[434, 115, -78]
[292, 119, -78]
[443, 206, -45]
[274, 225, -41]
[443, 293, -122]
[290, 304, -125]
[444, 312, -145]
[294, 326, -149]
[438, 312, -166]
[302, 326, -172]
[435, 305, -132]
[301, 317, -136]
[407, 321, -4]
[323, 316, 4]
[404, 468, -1]
[321, 468, 21]
[407, 598, 164]
[328, 606, 152]
[407, 615, 175]
[329, 625, 161]
[400, 645, 77]
[335, 649, 52]
[363, 31, -237]
[370, 16, -224]
[375, 16, -224]
[379, 17, -224]
[355, 15, -226]
[350, 15, -226]
[345, 15, -226]
[387, 25, -138]
[335, 24, -144]
[373, 45, -203]
[353, 46, -205]
[434, 115, -81]
[292, 119, -81]
[444, 207, -47]
[273, 225, -45]
[443, 300, -130]
[283, 310, -132]
[445, 317, -154]
[284, 333, -156]
[439, 318, -175]
[291, 331, -180]
[436, 311, -141]
[295, 322, -143]
[407, 322, -5]
[323, 317, 5]
[403, 471, -1]
[318, 470, 22]
[406, 600, 164]
[326, 608, 156]
[406, 617, 176]
[327, 628, 166]
[397, 649, 78]
[333, 652, 56]
[363, 29, -235]
[370, 15, -223]
[375, 16, -223]
[379, 16, -223]
[355, 14, -224]
[350, 14, -224]
[344, 14, -225]
[387, 25, -136]
[335, 24, -141]
[373, 45, -202]
[353, 45, -204]
[434, 115, -82]
[292, 119, -79]
[444, 208, -48]
[271, 226, -47]
[443, 303, -139]
[279, 313, -132]
[445, 319, -165]
[276, 336, -156]
[440, 319, -186]
[286, 334, -182]
[436, 313, -150]
[289, 326, -144]
[407, 324, -6]
[322, 318, 6]
[402, 473, -6]
[315, 471, 21]
[404, 602, 164]
[323, 609, 155]
[405, 618, 175]
[324, 628, 165]
[395, 651, 77]
[331, 652, 53]
[363, 28, -245]
[370, 14, -232]
[375, 15, -232]
[380, 16, -232]
[355, 13, -234]
[350, 13, -234]
[344, 13, -234]
[388, 24, -144]
[335, 23, -150]
[373, 44, -211]
[353, 45, -213]
[434, 115, -87]
[292, 119, -89]
[445, 209, -50]
[268, 228, -61]
[443, 306, -140]
[276, 315, -138]
[445, 322, -164]
[276, 337, -161]
[440, 322, -186]
[283, 337, -188]
[436, 316, -150]
[285, 327, -150]
[404, 327, -6]
[317, 320, 6]
[397, 477, -1]
[308, 475, 34]
[398, 605, 177]
[315, 611, 184]
[398, 623, 189]
[315, 631, 196]
[389, 656, 89]
[324, 656, 84]
[363, 28, -255]
[370, 14, -242]
[375, 14, -242]
[380, 15, -242]
[355, 12, -243]
[350, 12, -243]
[344, 12, -244]
[388, 24, -151]
[335, 22, -156]
[373, 43, -220]
[353, 44, -222]
[434, 115, -96]
[292, 119, -90]
[445, 211, -74]
[268, 230, -63]
[444, 307, -173]
[275, 317, -148]
[445, 322, -202]
[277, 339, -172]
[441, 322, -222]
[283, 339, -201]
[436, 316, -183]
[285, 329, -161]
[404, 328, -11]
[317, 321, 11]
[397, 479, -11]
[310, 476, 39]
[399, 608, 170]
[316, 612, 190]
[399, 625, 181]
[317, 632, 202]
[390, 658, 87]
[325, 658, 87]
[364, 27, -253]
[370, 13, -240]
[375, 14, -240]
[380, 15, -240]
[355, 12, -241]
[350, 12, -241]
[344, 12, -241]
[388, 23, -149]
[335, 22, -153]
[373, 43, -218]
[353, 44, -219]
[435, 115, -94]
[292, 119, -87]
[445, 215, -69]
[268, 232, -63]
[444, 309, -155]
[275, 317, -148]
[446, 325, -181]
[277, 339, -172]
[441, 325, -201]
[284, 339, -199]
[437, 319, -165]
[286, 329, -160]
[404, 330, -12]
[317, 322, 12]
[397, 481, -5]
[311, 478, 40]
[399, 612, 176]
[317, 615, 185]
[399, 629, 188]
[318, 635, 195]
[389, 661, 86]
[323, 660, 81]
[364, 27, -262]
[370, 13, -249]
[376, 14, -249]
[380, 14, -249]
[355, 11, -250]
[350, 11, -250]
[344, 11, -250]
[388, 23, -157]
[335, 21, -160]
[374, 43, -227]
[353, 44, -228]
[435, 116, -100]
[292, 119, -93]
[446, 220, -67]
[268, 234, -66]
[444, 312, -146]
[275, 318, -152]
[446, 328, -171]
[278, 341, -176]
[441, 329, -190]
[284, 341, -203]
[437, 323, -155]
[286, 330, -164]
[405, 330, -12]
[317, 323, 12]
[398, 482, -6]
[311, 480, 42]
[399, 614, 176]
[317, 617, 195]
[400, 632, 188]
[318, 638, 207]
[390, 664, 83]
[323, 663, 91]
[364, 27, -261]
[370, 13, -248]
[376, 14, -248]
[380, 14, -248]
[355, 11, -249]
[349, 11, -249]
[344, 11, -249]
[389, 23, -156]
[335, 21, -160]
[374, 43, -226]
[353, 44, -227]
[436, 116, -100]
[292, 119, -93]
[446, 221, -67]
[268, 235, -66]
[444, 312, -147]
[275, 318, -153]
[446, 329, -172]
[278, 341, -178]
[441, 330, -192]
[284, 339, -204]
[437, 323, -156]
[287, 330, -165]
[407, 330, -12]
[318, 323, 12]
[401, 484, -5]
[313, 482, 47]
[402, 616, 182]
[319, 619, 207]
[403, 634, 194]
[319, 640, 219]
[392, 666, 88]
[325, 666, 103]
[364, 27, -260]
[370, 13, -247]
[376, 14, -247]
[380, 14, -247]
[355, 12, -248]
[349, 11, -248]
[344, 11, -248]
[389, 23, -155]
[335, 21, -159]
[374, 43, -225]
[353, 44, -226]
[436, 116, -99]
[292, 119, -91]
[446, 222, -69]
[268, 235, -65]
[444, 312, -155]
[276, 316, -152]
[446, 328, -183]
[278, 339, -176]
[441, 329, -203]
[285, 338, -202]
[437, 323, -165]
[287, 328, -164]
[408, 330, -12]
[320, 323, 12]
[404, 483, -9]
[316, 482, 43]
[406, 616, 178]
[323, 620, 197]
[407, 634, 190]
[324, 641, 208]
[397, 666, 85]
[329, 666, 91]
[364, 27, -259]
[371, 13, -246]
[376, 14, -246]
[380, 14, -246]
[355, 12, -247]
[349, 12, -247]
[344, 12, -247]
[389, 23, -154]
[335, 22, -158]
[374, 43, -224]
[353, 44, -225]
[436, 116, -98]
[292, 120, -91]
[446, 221, -68]
[269, 235, -64]
[444, 311, -149]
[277, 316, -151]
[446, 328, -175]
[278, 339, -176]
[441, 328, -195]
[286, 337, -202]
[437, 322, -159]
[289, 328, -163]
[410, 330, -13]
[323, 323, 13]
[407, 483, -8]
[320, 481, 43]
[409, 615, 175]
[327, 620, 194]
[410, 633, 187]
[328, 640, 205]
[400, 665, 83]
[332, 666, 90]
[364, 27, -259]
[371, 13, -246]
[376, 14, -246]
[380, 14, -246]
[355, 12, -248]
[349, 12, -248]
[344, 12, -248]
[389, 23, -155]
[335, 22, -159]
[374, 43, -224]
[353, 44, -226]
[436, 116, -100]
[292, 120, -91]
[446, 221, -68]
[270, 235, -64]
[444, 311, -148]
[278, 316, -152]
[446, 328, -175]
[279, 339, -176]
[441, 329, -195]
[287, 337, -202]
[437, 323, -158]
[290, 327, -164]
[410, 330, -13]
[324, 323, 13]
[408, 483, -8]
[321, 481, 46]
[411, 615, 175]
[329, 619, 200]
[412, 633, 187]
[331, 640, 212]
[401, 665, 83]
[335, 665, 98]
[364, 27, -258]
[371, 13, -245]
[376, 14, -245]
[380, 14, -245]
[355, 12, -246]
[349, 12, -246]
[344, 12, -246]
[388, 23, -154]
[335, 22, -158]
[374, 43, -223]
[353, 44, -224]
[436, 116, -99]
[292, 120, -91]
[446, 221, -67]
[270, 234, -63]
[445, 311, -148]
[279, 315, -151]
[446, 328, -175]
[279, 339, -176]
[441, 328, -195]
[288, 336, -202]
[437, 323, -158]
[290, 327, -163]
[410, 330, -13]
[325, 323, 13]
[408, 483, -7]
[321, 481, 50]
[412, 615, 179]
[330, 619, 209]
[413, 633, 192]
[331, 639, 221]
[402, 665, 87]
[336, 665, 107]
[364, 27, -257]
[371, 13, -244]
[376, 14, -244]
[380, 14, -244]
[355, 12, -245]
[349, 12, -245]
[344, 12, -246]
[388, 23, -154]
[335, 22, -157]
[374, 43, -222]
[353, 44, -223]
[435, 116, -98]
[292, 120, -90]
[446, 221, -67]
[270, 234, -63]
[445, 311, -148]
[280, 315, -151]
[446, 328, -175]
[279, 339, -177]
[441, 328, -195]
[289, 336, -203]
[438, 322, -158]
[291, 326, -164]
[410, 329, -13]
[325, 323, 13]
[409, 483, -7]
[321, 481, 52]
[412, 615, 177]
[330, 619, 210]
[414, 633, 190]
[332, 639, 222]
[402, 665, 86]
[336, 665, 109]
[364, 27, -257]
[371, 13, -244]
[376, 14, -244]
[380, 14, -244]
[355, 12, -245]
[349, 12, -245]
[344, 12, -245]
[388, 23, -153]
[335, 22, -157]
[374, 43, -222]
[353, 44, -223]
[435, 116, -98]
[293, 120, -90]
[446, 221, -68]
[270, 234, -63]
[445, 311, -152]
[280, 315, -151]
[447, 328, -179]
[280, 338, -177]
[441, 328, -199]
[290, 336, -203]
[438, 322, -162]
[292, 326, -164]
[410, 329, -13]
[325, 323, 13]
[409, 482, -7]
[322, 481, 54]
[412, 614, 175]
[330, 619, 213]
[414, 632, 187]
[332, 639, 225]
[402, 664, 82]
[336, 665, 111]
[364, 27, -256]
[371, 13, -243]
[376, 14, -243]
[380, 14, -243]
[355, 12, -244]
[349, 12, -244]
[344, 12, -244]
[389, 23, -152]
[335, 22, -156]
[374, 43, -221]
[353, 44, -222]
[435, 116, -97]
[293, 120, -90]
[446, 221, -64]
[270, 234, -63]
[445, 311, -145]
[281, 315, -151]
[447, 327, -172]
[281, 338, -177]
[441, 328, -192]
[291, 335, -203]
[438, 322, -155]
[293, 326, -164]
[410, 329, -13]
[325, 322, 13]
[409, 482, -5]
[322, 481, 53]
[412, 614, 175]
[330, 618, 209]
[414, 632, 187]
[332, 638, 221]
[403, 664, 82]
[336, 664, 108]
[364, 27, -253]
[371, 13, -240]
[376, 14, -240]
[380, 14, -240]
[355, 12, -242]
[349, 12, -242]
[344, 12, -242]
[388, 23, -150]
[335, 22, -154]
[374, 43, -219]
[353, 44, -220]
[435, 116, -95]
[293, 120, -88]
[446, 220, -62]
[270, 233, -62]
[445, 311, -143]
[282, 314, -151]
[447, 327, -170]
[282, 338, -176]
[441, 328, -190]
[292, 334, -202]
[438, 322, -153]
[294, 326, -163]
[410, 329, -13]
[325, 322, 13]
[409, 482, -5]
[322, 480, 53]
[412, 614, 172]
[331, 618, 207]
[414, 632, 184]
[332, 638, 219]
[402, 663, 80]
[336, 663, 107]
[364, 27, -256]
[371, 13, -243]
[376, 14, -243]
[380, 14, -243]
[355, 12, -245]
[349, 12, -245]
[344, 12, -245]
[388, 23, -152]
[335, 22, -157]
[374, 43, -221]
[353, 44, -223]
[435, 116, -96]
[293, 120, -92]
[446, 220, -62]
[270, 233, -68]
[446, 311, -142]
[282, 314, -157]
[448, 327, -168]
[283, 337, -182]
[443, 328, -188]
[293, 334, -208]
[439, 322, -152]
[294, 326, -169]
[410, 330, -13]
[325, 323, 13]
[409, 482, -1]
[322, 480, 60]
[412, 614, 174]
[331, 618, 221]
[414, 631, 186]
[332, 638, 233]
[402, 663, 81]
[336, 663, 121]
[364, 27, -256]
[371, 13, -243]
[376, 14, -243]
[380, 14, -243]
[355, 12, -245]
[349, 12, -245]
[344, 12, -245]
[388, 23, -152]
[335, 22, -157]
[374, 44, -221]
[353, 44, -222]
[435, 116, -96]
[293, 120, -91]
[446, 220, -60]
[270, 233, -67]
[446, 311, -130]
[282, 314, -155]
[448, 327, -154]
[283, 337, -179]
[443, 328, -173]
[294, 335, -205]
[439, 322, -139]
[295, 326, -167]
[411, 330, -14]
[325, 323, 14]
[409, 482, 0]
[323, 481, 57]
[412, 613, 176]
[331, 618, 215]
[414, 631, 188]
[332, 638, 227]
[402, 663, 85]
[335, 663, 114]
[364, 27, -256]
[371, 13, -243]
[376, 14, -243]
[381, 14, -243]
[355, 12, -244]
[349, 12, -244]
[344, 12, -245]
[389, 23, -151]
[335, 22, -158]
[374, 44, -221]
[353, 44, -222]
[435, 116, -93]
[292, 120, -94]
[446, 220, -52]
[270, 234, -70]
[447, 310, -125]
[283, 314, -156]
[448, 325, -149]
[289, 343, -180]
[444, 325, -169]
[295, 338, -206]
[439, 320, -135]
[295, 326, -168]
[410, 330, -10]
[325, 324, 10]
[408, 482, 3]
[323, 481, 54]
[412, 613, 176]
[330, 619, 209]
[413, 631, 188]
[332, 639, 220]
[402, 663, 85]
[334, 664, 108]
[364, 27, -248]
[371, 13, -235]
[376, 13, -235]
[381, 14, -235]
[355, 12, -237]
[349, 12, -237]
[344, 12, -237]
[389, 22, -146]
[335, 22, -155]
[374, 43, -214]
[353, 44, -216]
[435, 116, -87]
[292, 119, -93]
[445, 220, -38]
[270, 233, -68]
[446, 308, -95]
[285, 312, -140]
[446, 323, -115]
[294, 342, -163]
[439, 322, -135]
[298, 337, -186]
[436, 316, -105]
[296, 322, -151]
[410, 330, -5]
[324, 324, 6]
[408, 482, 19]
[322, 480, 45]
[411, 613, 184]
[328, 619, 184]
[412, 631, 195]
[329, 639, 193]
[401, 663, 94]
[332, 664, 82]
[365, 27, -238]
[372, 13, -225]
[377, 14, -225]
[382, 14, -225]
[356, 12, -228]
[350, 12, -228]
[344, 12, -228]
[390, 23, -136]
[335, 22, -147]
[375, 43, -204]
[354, 44, -207]
[435, 116, -78]
[292, 119, -88]
[445, 220, -32]
[270, 232, -63]
[445, 305, -94]
[287, 311, -137]
[445, 321, -115]
[298, 341, -160]
[439, 320, -135]
[303, 336, -182]
[436, 313, -104]
[301, 320, -148]
[410, 330, -5]
[324, 324, 6]
[408, 480, 16]
[322, 479, 41]
[411, 611, 183]
[328, 617, 175]
[412, 629, 192]
[329, 638, 184]
[401, 660, 92]
[332, 662, 75]
[365, 27, -229]
[373, 13, -216]
[378, 14, -216]
[382, 14, -216]
[357, 12, -219]
[351, 12, -219]
[345, 12, -219]
[390, 23, -128]
[335, 22, -140]
[375, 43, -196]
[354, 44, -199]
[435, 116, -70]
[292, 119, -81]
[445, 218, -26]
[271, 231, -53]
[445, 297, -96]
[290, 308, -129]
[445, 315, -117]
[298, 333, -152]
[439, 313, -138]
[304, 331, -174]
[436, 308, -106]
[304, 319, -139]
[409, 328, -3]
[324, 322, 4]
[407, 474, 17]
[323, 473, 28]
[411, 604, 180]
[329, 612, 157]
[412, 620, 189]
[330, 632, 166]
[401, 653, 90]
[334, 655, 59]
[366, 27, -232]
[373, 13, -219]
[378, 14, -219]
[382, 14, -219]
[357, 12, -222]
[351, 12, -222]
[346, 12, -222]
[391, 23, -132]
[336, 21, -143]
[375, 43, -199]
[355, 44, -202]
[435, 116, -74]
[292, 119, -82]
[445, 216, -29]
[273, 231, -55]
[444, 292, -88]
[295, 303, -129]
[443, 311, -107]
[306, 332, -152]
[437, 307, -127]
[310, 327, -173]
[434, 304, -97]
[309, 314, -139]
[409, 326, -4]
[324, 321, 4]
[407, 471, 23]
[324, 472, 32]
[412, 602, 174]
[331, 610, 165]
[413, 619, 183]
[332, 630, 174]
[402, 649, 86]
[335, 652, 68]
[366, 27, -235]
[373, 13, -222]
[378, 14, -222]
[383, 14, -222]
[357, 12, -224]
[352, 12, -224]
[346, 12, -225]
[390, 23, -134]
[336, 21, -148]
[376, 43, -202]
[355, 44, -204]
[435, 116, -75]
[291, 119, -88]
[445, 214, -23]
[276, 234, -61]
[444, 289, -79]
[299, 297, -133]
[443, 306, -97]
[312, 327, -155]
[436, 304, -117]
[315, 318, -177]
[433, 299, -88]
[311, 306, -143]
[409, 326, -3]
[324, 321, 3]
[407, 471, 19]
[325, 472, 33]
[412, 602, 169]
[332, 610, 165]
[413, 619, 178]
[334, 630, 174]
[403, 650, 83]
[336, 652, 67]
[366, 28, -234]
[373, 13, -221]
[378, 14, -222]
[382, 14, -222]
[357, 12, -224]
[352, 12, -224]
[346, 12, -224]
[390, 23, -134]
[336, 21, -147]
[375, 44, -201]
[355, 44, -204]
[435, 115, -74]
[291, 119, -87]
[444, 209, -29]
[277, 234, -60]
[443, 281, -98]
[298, 298, -131]
[443, 298, -119]
[312, 328, -153]
[436, 296, -139]
[316, 320, -174]
[433, 293, -108]
[310, 308, -141]
[409, 325, -2]
[324, 320, 2]
[407, 472, 17]
[325, 472, 30]
[412, 603, 167]
[332, 610, 158]
[412, 620, 177]
[334, 630, 167]
[404, 650, 80]
[338, 654, 59]
[366, 29, -253]
[373, 14, -240]
[378, 14, -240]
[382, 15, -240]
[357, 13, -242]
[352, 13, -242]
[346, 13, -242]
[389, 23, -147]
[336, 22, -156]
[375, 44, -218]
[355, 45, -220]
[435, 115, -88]
[290, 120, -89]
[444, 214, -82]
[278, 239, -83]
[446, 272, -212]
[295, 295, -199]
[447, 285, -244]
[311, 325, -227]
[449, 282, -265]
[315, 312, -248]
[443, 276, -223]
[313, 301, -209]
[409, 324, -4]
[323, 320, 4]
[407, 472, 9]
[325, 473, 30]
[411, 603, 172]
[332, 610, 174]
[412, 620, 182]
[333, 630, 184]
[403, 651, 82]
[338, 655, 69]
[366, 29, -267]
[373, 14, -254]
[377, 15, -254]
[382, 15, -254]
[357, 14, -255]
[351, 14, -255]
[346, 14, -255]
[388, 23, -161]
[335, 22, -165]
[375, 44, -231]
[354, 45, -232]
[435, 115, -102]
[290, 120, -93]
[445, 220, -112]
[279, 241, -95]
[454, 259, -244]
[295, 281, -219]
[454, 275, -277]
[309, 316, -248]
[456, 264, -293]
[314, 301, -268]
[444, 266, -254]
[312, 282, -229]
[409, 324, -8]
[323, 319, 8]
[407, 472, 18]
[323, 474, 66]
[409, 604, 186]
[329, 610, 222]
[410, 620, 197]
[331, 630, 234]
[398, 652, 92]
[336, 655, 122]
[366, 29, -264]
[372, 14, -251]
[377, 15, -251]
[382, 15, -251]
[357, 14, -251]
[351, 14, -251]
[346, 14, -252]
[388, 23, -158]
[335, 22, -162]
[375, 44, -229]
[354, 45, -230]
[435, 117, -101]
[290, 122, -88]
[447, 234, -134]
[279, 251, -133]
[491, 243, -302]
[254, 262, -333]
[490, 257, -335]
[238, 264, -367]
[507, 251, -351]
[237, 253, -383]
[492, 249, -312]
[253, 250, -344]
[409, 324, -7]
[323, 320, 8]
[408, 474, 31]
[320, 476, 58]
[409, 606, 197]
[324, 610, 206]
[410, 625, 207]
[324, 630, 218]
[396, 655, 103]
[335, 657, 109]
[365, 29, -247]
[372, 14, -235]
[377, 15, -235]
[381, 15, -235]
[356, 13, -234]
[351, 13, -234]
[345, 13, -234]
[388, 23, -144]
[335, 22, -140]
[374, 44, -214]
[353, 45, -212]
[435, 116, -93]
[290, 122, -69]
[449, 233, -131]
[279, 249, -127]
[481, 229, -298]
[264, 236, -333]
[483, 234, -333]
[261, 240, -369]
[490, 218, -344]
[261, 221, -381]
[481, 217, -307]
[268, 218, -343]
[409, 324, -7]
[323, 320, 8]
[410, 472, 32]
[321, 475, 64]
[410, 605, 183]
[325, 609, 200]
[413, 624, 190]
[324, 629, 210]
[397, 653, 83]
[337, 655, 101]
[365, 28, -229]
[372, 14, -217]
[377, 14, -217]
[381, 14, -217]
[356, 13, -217]
[350, 12, -217]
[345, 12, -217]
[388, 23, -131]
[335, 21, -128]
[374, 44, -198]
[353, 45, -197]
[435, 116, -83]
[291, 121, -60]
[454, 231, -127]
[279, 248, -114]
[474, 224, -304]
[230, 235, -313]
[494, 224, -340]
[214, 228, -347]
[499, 206, -351]
[212, 216, -364]
[490, 205, -313]
[222, 216, -325]
[409, 323, -7]
[323, 320, 7]
[412, 468, 28]
[322, 472, 60]
[412, 601, 169]
[326, 605, 195]
[415, 621, 177]
[324, 624, 203]
[397, 649, 74]
[339, 651, 100]
[365, 27, -191]
[372, 13, -180]
[377, 13, -180]
[381, 14, -180]
[356, 11, -181]
[350, 11, -181]
[345, 11, -181]
[388, 22, -103]
[335, 20, -103]
[374, 43, -163]
[353, 44, -163]
[434, 116, -59]
[292, 120, -45]
[457, 230, -126]
[279, 243, -100]
[504, 214, -264]
[212, 224, -277]
[510, 219, -297]
[197, 217, -308]
[532, 208, -313]
[197, 205, -327]
[515, 206, -275]
[202, 207, -290]
[409, 321, -4]
[323, 317, 4]
[412, 462, 27]
[324, 467, 44]
[412, 595, 145]
[326, 600, 143]
[415, 614, 152]
[324, 618, 150]
[397, 640, 62]
[340, 644, 53]
[365, 26, -182]
[372, 12, -171]
[377, 12, -171]
[382, 13, -171]
[356, 10, -172]
[350, 10, -172]
[345, 10, -172]
[388, 22, -93]
[335, 20, -95]
[375, 42, -153]
[354, 43, -153]
[434, 115, -48]
[294, 117, -35]
[458, 221, -124]
[278, 232, -93]
[491, 200, -262]
[218, 209, -282]
[480, 203, -295]
[204, 200, -313]
[509, 185, -307]
[205, 190, -329]
[496, 184, -271]
[209, 193, -293]
[409, 318, -2]
[323, 314, 3]
[412, 456, 21]
[325, 461, 37]
[412, 590, 124]
[328, 595, 128]
[415, 609, 130]
[325, 613, 134]
[398, 634, 40]
[342, 639, 36]
[365, 25, -168]
[372, 12, -158]
[377, 12, -158]
[382, 13, -158]
[356, 10, -159]
[350, 10, -159]
[345, 10, -159]
[389, 22, -83]
[335, 19, -85]
[375, 42, -141]
[354, 42, -141]
[433, 113, -45]
[295, 115, -27]
[457, 213, -108]
[276, 225, -91]
[453, 196, -269]
[222, 199, -287]
[446, 201, -303]
[206, 186, -319]
[448, 182, -310]
[207, 176, -332]
[444, 180, -275]
[214, 180, -297]
[408, 315, -1]
[323, 312, 2]
[412, 450, 18]
[329, 454, 36]
[413, 582, 112]
[331, 588, 122]
[415, 600, 116]
[329, 606, 127]
[400, 625, 32]
[344, 631, 35]
[366, 25, -161]
[373, 12, -150]
[378, 12, -150]
[382, 13, -150]
[357, 10, -151]
[351, 10, -151]
[345, 10, -151]
[389, 22, -75]
[335, 19, -80]
[375, 42, -133]
[354, 42, -134]
[433, 113, -41]
[295, 114, -26]
[458, 205, -102]
[272, 219, -95]
[431, 197, -267]
[224, 189, -296]
[424, 205, -301]
[206, 172, -329]
[421, 185, -305]
[207, 161, -339]
[417, 182, -272]
[215, 166, -305]
[408, 315, 0]
[323, 312, 0]
[412, 448, 18]
[331, 453, 34]
[413, 580, 114]
[334, 586, 120]
[415, 597, 119]
[332, 603, 125]
[401, 623, 36]
[346, 629, 36]
[366, 26, -154]
[373, 12, -144]
[378, 13, -144]
[382, 13, -144]
[357, 11, -146]
[351, 10, -146]
[345, 10, -146]
[389, 22, -72]
[336, 20, -78]
[375, 42, -127]
[354, 42, -129]
[433, 113, -39]
[295, 112, -28]
[462, 198, -98]
[267, 214, -103]
[425, 196, -261]
[224, 174, -302]
[419, 205, -294]
[205, 161, -335]
[413, 184, -288]
[207, 148, -343]
[408, 184, -263]
[214, 152, -310]
[408, 315, 0]
[324, 312, 0]
[411, 449, 18]
[332, 454, 36]
[413, 578, 116]
[335, 585, 131]
[415, 594, 122]
[334, 602, 137]
[402, 621, 40]
[345, 628, 47]
[366, 26, -160]
[373, 12, -149]
[378, 13, -149]
[382, 13, -149]
[358, 11, -151]
[352, 11, -151]
[346, 11, -151]
[389, 22, -74]
[336, 20, -79]
[375, 42, -132]
[355, 43, -133]
[434, 112, -40]
[296, 111, -29]
[465, 197, -103]
[260, 212, -118]
[425, 187, -266]
[222, 162, -326]
[410, 188, -299]
[206, 147, -359]
[402, 172, -296]
[209, 137, -363]
[406, 173, -269]
[215, 143, -332]
[408, 315, 1]
[324, 312, 0]
[411, 449, 17]
[332, 454, 37]
[413, 579, 124]
[336, 586, 137]
[415, 596, 130]
[335, 603, 144]
[402, 622, 46]
[345, 629, 50]
[366, 26, -133]
[373, 13, -124]
[378, 13, -124]
[382, 14, -124]
[358, 11, -124]
[352, 11, -124]
[346, 11, -124]
[390, 22, -57]
[337, 20, -56]
[375, 42, -109]
[355, 43, -109]
[434, 112, -33]
[297, 110, -15]
[468, 192, -102]
[262, 208, -115]
[430, 170, -250]
[226, 148, -307]
[417, 164, -277]
[212, 134, -347]
[412, 150, -272]
[213, 124, -333]
[413, 153, -249]
[220, 130, -330]
[407, 314, 0]
[324, 311, 0]
[409, 447, 8]
[332, 450, 34]
[412, 576, 84]
[337, 582, 108]
[415, 593, 87]
[336, 598, 113]
[402, 618, 9]
[346, 623, 31]
[366, 27, -118]
[373, 13, -109]
[378, 14, -109]
[382, 14, -109]
[358, 12, -110]
[352, 12, -110]
[346, 12, -110]
[390, 23, -43]
[337, 21, -47]
[375, 43, -94]
[355, 43, -95]
[434, 112, -19]
[299, 110, -17]
[466, 192, -97]
[265, 204, -117]
[432, 163, -234]
[245, 143, -296]
[421, 157, -261]
[240, 132, -330]
[417, 145, -256]
[227, 119, -329]
[417, 148, -234]
[240, 128, -310]
[407, 314, 2]
[325, 311, -2]
[408, 447, 6]
[332, 450, 32]
[412, 574, 78]
[337, 580, 102]
[414, 590, 81]
[337, 596, 106]
[402, 617, 5]
[346, 622, 27]
[366, 27, -109]
[373, 14, -100]
[378, 14, -100]
[382, 15, -100]
[358, 12, -99]
[352, 12, -99]
[346, 12, -99]
[390, 23, -40]
[337, 21, -37]
[375, 43, -87]
[355, 43, -86]
[434, 112, -21]
[299, 108, -7]
[465, 198, -97]
[266, 205, -108]
[430, 151, -218]
[245, 136, -264]
[419, 142, -241]
[237, 121, -288]
[416, 133, -232]
[228, 109, -287]
[417, 136, -216]
[238, 115, -269]
[407, 314, 2]
[325, 311, -2]
[407, 448, 5]
[332, 451, 32]
[410, 576, 77]
[337, 581, 109]
[413, 592, 80]
[336, 598, 114]
[400, 619, 8]
[345, 624, 36]
[366, 27, -97]
[373, 14, -87]
[378, 14, -88]
[382, 15, -88]
[358, 12, -87]
[352, 12, -87]
[346, 12, -88]
[390, 24, -25]
[337, 21, -24]
[375, 43, -75]
[355, 43, -74]
[435, 112, -6]
[299, 107, -4]
[463, 202, -90]
[269, 205, -108]
[431, 143, -208]
[251, 130, -265]
[421, 134, -231]
[246, 114, -291]
[419, 124, -224]
[229, 103, -289]
[419, 129, -208]
[241, 111, -270]
[407, 314, 3]
[325, 311, -3]
[406, 448, 6]
[332, 452, 32]
[409, 577, 78]
[337, 583, 100]
[412, 593, 81]
[336, 599, 104]
[398, 620, 10]
[345, 625, 30]
[366, 27, -94]
[373, 14, -83]
[378, 14, -83]
[382, 15, -83]
[358, 12, -84]
[352, 12, -84]
[346, 12, -84]
[390, 24, -17]
[337, 21, -18]
[375, 43, -70]
[355, 43, -71]
[436, 112, 7]
[299, 107, -4]
[462, 204, -80]
[269, 206, -113]
[432, 128, -202]
[258, 120, -268]
[423, 116, -225]
[253, 106, -294]
[422, 109, -216]
[242, 99, -291]
[420, 115, -201]
[246, 104, -272]
[407, 314, 6]
[325, 311, -6]
[406, 448, 7]
[331, 452, 30]
[408, 578, 81]
[336, 583, 93]
[412, 594, 85]
[335, 599, 97]
[395, 620, 12]
[344, 627, 20]
[365, 27, -94]
[373, 14, -83]
[378, 14, -83]
[382, 15, -83]
[357, 12, -84]
[352, 12, -84]
[346, 12, -84]
[390, 24, -15]
[337, 21, -18]
[375, 43, -69]
[355, 43, -70]
[436, 112, 15]
[299, 107, -7]
[461, 204, -67]
[269, 206, -120]
[434, 121, -188]
[276, 114, -269]
[426, 109, -209]
[273, 101, -296]
[426, 101, -200]
[267, 94, -292]
[425, 107, -187]
[269, 100, -273]
[407, 314, 8]
[325, 311, -7]
[406, 449, 8]
[331, 453, 24]
[408, 578, 84]
[336, 584, 83]
[411, 594, 88]
[335, 600, 87]
[395, 621, 15]
[344, 627, 9]
[365, 27, -94]
[373, 14, -82]
[378, 14, -82]
[382, 15, -82]
[357, 12, -83]
[352, 12, -83]
[346, 12, -83]
[390, 24, -14]
[337, 21, -17]
[375, 42, -69]
[355, 42, -70]
[436, 112, 14]
[299, 107, -4]
[460, 204, -69]
[269, 206, -118]
[436, 120, -193]
[277, 114, -269]
[430, 108, -215]
[276, 101, -295]
[432, 100, -208]
[269, 94, -289]
[432, 106, -193]
[271, 100, -271]
[407, 314, 7]
[325, 311, -7]
[405, 449, 8]
[330, 453, 20]
[407, 579, 86]
[335, 584, 79]
[411, 595, 89]
[335, 600, 82]
[394, 621, 17]
[344, 627, 4]
[365, 27, -97]
[373, 14, -86]
[378, 14, -86]
[382, 15, -86]
[357, 12, -86]
[352, 12, -86]
[346, 11, -86]
[390, 24, -18]
[337, 20, -20]
[375, 42, -72]
[355, 42, -73]
[436, 112, 11]
[299, 106, -4]
[459, 204, -69]
[269, 206, -116]
[438, 119, -190]
[274, 115, -269]
[433, 107, -212]
[268, 102, -295]
[436, 99, -203]
[262, 95, -289]
[434, 104, -190]
[268, 101, -271]
[407, 314, 7]
[325, 311, -7]
[405, 449, 10]
[329, 453, 23]
[407, 579, 87]
[335, 584, 87]
[410, 595, 91]
[334, 600, 91]
[392, 622, 18]
[343, 628, 12]
[365, 27, -97]
[373, 14, -86]
[378, 14, -86]
[382, 15, -85]
[357, 12, -86]
[351, 12, -86]
[346, 11, -86]
[390, 24, -18]
[337, 20, -20]
[375, 42, -72]
[355, 42, -73]
[436, 112, 10]
[299, 106, -4]
[458, 205, -67]
[268, 206, -116]
[438, 119, -184]
[275, 115, -267]
[435, 107, -204]
[273, 101, -292]
[438, 99, -196]
[267, 95, -285]
[436, 104, -183]
[270, 100, -268]
[408, 314, 7]
[325, 311, -7]
[405, 450, 10]
[329, 454, 24]
[406, 580, 89]
[334, 585, 92]
[410, 596, 93]
[333, 601, 96]
[392, 623, 19]
[343, 629, 17]
[365, 27, -91]
[373, 13, -79]
[378, 14, -79]
[382, 14, -79]
[357, 12, -80]
[351, 11, -80]
[346, 11, -80]
[390, 23, -11]
[337, 20, -14]
[375, 42, -66]
[355, 42, -67]
[436, 112, 17]
[299, 106, -3]
[458, 205, -64]
[268, 206, -117]
[438, 121, -183]
[279, 112, -268]
[434, 109, -204]
[278, 100, -293]
[437, 101, -196]
[272, 93, -287]
[435, 106, -183]
[274, 99, -270]
[408, 314, 7]
[325, 311, -7]
[405, 450, 9]
[329, 454, 23]
[406, 580, 88]
[334, 586, 89]
[410, 596, 92]
[333, 602, 94]
[392, 623, 18]
[343, 630, 14]
[365, 26, -97]
[373, 13, -86]
[377, 14, -86]
[382, 14, -86]
[357, 12, -87]
[351, 11, -87]
[346, 11, -87]
[390, 23, -19]
[337, 20, -20]
[374, 42, -73]
[355, 42, -73]
[436, 112, 10]
[299, 106, -4]
[457, 206, -66]
[268, 206, -117]
[439, 122, -188]
[275, 117, -269]
[434, 110, -213]
[271, 104, -294]
[438, 102, -207]
[272, 90, -289]
[436, 107, -190]
[270, 97, -270]
[408, 314, 7]
[325, 311, -7]
[405, 450, 6]
[328, 455, 23]
[406, 581, 88]
[334, 587, 92]
[410, 597, 94]
[333, 603, 96]
[391, 625, 23]
[343, 632, 15]
[364, 26, -95]
[372, 13, -84]
[377, 14, -84]
[382, 14, -84]
[357, 12, -85]
[351, 11, -85]
[346, 11, -85]
[390, 24, -17]
[337, 20, -20]
[374, 42, -70]
[355, 42, -71]
[436, 112, 13]
[299, 107, -5]
[457, 207, -66]
[269, 207, -116]
[439, 124, -190]
[272, 120, -269]
[434, 111, -213]
[266, 107, -293]
[438, 104, -206]
[262, 95, -289]
[436, 109, -191]
[269, 101, -270]
[408, 314, 7]
[325, 311, -7]
[405, 450, 7]
[328, 455, 19]
[406, 581, 90]
[334, 587, 87]
[410, 597, 95]
[333, 603, 92]
[391, 625, 26]
[343, 632, 13]
[364, 26, -95]
[372, 13, -85]
[377, 14, -85]
[382, 14, -85]
[357, 12, -85]
[351, 11, -85]
[346, 11, -85]
[390, 24, -19]
[337, 20, -20]
[374, 42, -71]
[355, 42, -72]
[436, 113, 9]
[299, 107, -3]
[455, 209, -67]
[269, 207, -112]
[439, 126, -193]
[271, 122, -267]
[435, 114, -215]
[264, 109, -291]
[438, 106, -209]
[259, 98, -287]
[436, 111, -193]
[262, 104, -269]
[408, 313, 7]
[325, 311, -7]
[405, 451, 7]
[328, 455, 20]
[406, 581, 90]
[334, 587, 90]
[410, 597, 96]
[333, 603, 95]
[391, 625, 27]
[343, 632, 13]
[364, 26, -110]
[372, 13, -101]
[377, 14, -101]
[382, 14, -101]
[357, 12, -100]
[351, 11, -100]
[346, 11, -100]
[390, 24, -41]
[337, 20, -36]
[374, 42, -88]
[355, 42, -86]
[436, 113, -19]
[298, 107, -4]
[454, 209, -102]
[268, 207, -105]
[439, 133, -240]
[247, 127, -267]
[434, 121, -263]
[230, 110, -292]
[436, 110, -255]
[229, 100, -288]
[435, 116, -239]
[236, 106, -269]
[408, 313, 4]
[325, 311, -4]
[405, 451, 6]
[328, 456, 32]
[407, 582, 92]
[334, 588, 112]
[411, 599, 98]
[333, 605, 118]
[393, 627, 29]
[343, 633, 41]
[364, 26, -111]
[372, 13, -103]
[377, 14, -103]
[382, 14, -103]
[357, 12, -102]
[351, 11, -102]
[346, 11, -102]
[390, 24, -43]
[337, 20, -38]
[374, 42, -89]
[355, 42, -88]
[435, 112, -22]
[298, 107, -5]
[453, 209, -106]
[268, 206, -106]
[437, 142, -245]
[238, 130, -270]
[431, 132, -269]
[220, 118, -294]
[431, 122, -262]
[218, 107, -292]
[430, 126, -245]
[222, 112, -274]
[408, 313, 3]
[325, 311, -3]
[406, 451, 5]
[329, 456, 35]
[407, 582, 88]
[333, 588, 114]
[411, 599, 93]
[332, 605, 119]
[394, 627, 21]
[342, 633, 43]
[364, 26, -116]
[372, 13, -107]
[377, 14, -107]
[382, 14, -107]
[357, 12, -107]
[351, 11, -107]
[346, 11, -107]
[390, 24, -46]
[337, 20, -43]
[374, 42, -93]
[355, 42, -93]
[435, 112, -27]
[298, 107, -9]
[453, 209, -106]
[267, 206, -107]
[437, 153, -243]
[236, 139, -280]
[429, 146, -270]
[217, 125, -306]
[428, 134, -265]
[216, 114, -307]
[428, 137, -244]
[223, 119, -285]
[408, 313, 2]
[325, 311, -2]
[406, 451, 6]
[329, 456, 44]
[408, 582, 88]
[334, 588, 128]
[411, 599, 93]
[333, 605, 134]
[395, 626, 21]
[342, 633, 58]
[364, 26, -115]
[372, 13, -105]
[377, 14, -105]
[381, 14, -105]
[357, 12, -105]
[351, 11, -105]
[346, 11, -105]
[390, 24, -43]
[337, 20, -42]
[374, 42, -92]
[355, 42, -91]
[434, 111, -21]
[298, 107, -12]
[455, 201, -91]
[267, 207, -107]
[436, 160, -222]
[243, 145, -278]
[428, 154, -251]
[243, 133, -304]
[426, 141, -254]
[237, 122, -304]
[426, 144, -225]
[237, 126, -283]
[407, 313, 2]
[325, 311, -2]
[406, 451, 6]
[331, 455, 41]
[408, 580, 86]
[335, 587, 121]
[411, 596, 90]
[334, 603, 126]
[397, 624, 17]
[343, 631, 49]
[364, 27, -128]
[372, 13, -117]
[377, 14, -117]
[381, 15, -117]
[357, 12, -118]
[351, 11, -118]
[346, 11, -118]
[389, 24, -48]
[337, 20, -51]
[374, 42, -102]
[354, 42, -103]
[434, 110, -21]
[298, 108, -18]
[458, 193, -87]
[267, 210, -108]
[435, 165, -223]
[274, 153, -280]
[424, 162, -252]
[280, 147, -309]
[419, 148, -251]
[276, 135, -310]
[420, 151, -225]
[289, 141, -284]
[407, 313, 2]
[325, 311, -2]
[407, 449, 6]
[332, 453, 37]
[409, 578, 95]
[336, 584, 117]
[412, 594, 100]
[335, 600, 123]
[399, 621, 20]
[344, 628, 43]
[364, 27, -135]
[372, 13, -124]
[377, 14, -124]
[381, 15, -124]
[356, 12, -125]
[351, 12, -125]
[346, 11, -125]
[388, 24, -50]
[337, 20, -55]
[374, 42, -109]
[354, 42, -110]
[433, 109, -23]
[298, 108, -21]
[458, 193, -93]
[267, 210, -114]
[427, 168, -241]
[270, 162, -290]
[408, 164, -272]
[270, 156, -321]
[403, 152, -268]
[268, 138, -322]
[407, 154, -242]
[276, 145, -295]
[407, 312, 2]
[325, 310, -2]
[408, 446, 8]
[332, 449, 32]
[411, 575, 107]
[336, 580, 115]
[414, 592, 112]
[335, 596, 121]
[401, 618, 27]
[345, 623, 34]
[364, 27, -139]
[372, 14, -127]
[377, 14, -127]
[381, 15, -127]
[357, 12, -130]
[351, 12, -130]
[346, 12, -130]
[388, 24, -53]
[338, 21, -62]
[374, 42, -112]
[354, 42, -114]
[433, 109, -22]
[298, 108, -26]
[459, 193, -84]
[269, 211, -114]
[422, 179, -234]
[271, 175, -287]
[400, 180, -268]
[272, 172, -315]
[396, 168, -260]
[270, 155, -317]
[401, 167, -237]
[276, 158, -291]
[407, 311, 3]
[325, 309, -3]
[410, 443, 13]
[334, 447, 27]
[414, 573, 109]
[338, 577, 111]
[416, 590, 113]
[337, 594, 115]
[404, 615, 27]
[348, 620, 23]
[364, 27, -138]
[372, 14, -128]
[377, 15, -128]
[381, 15, -128]
[357, 13, -129]
[351, 13, -129]
[346, 13, -129]
[388, 24, -57]
[338, 21, -65]
[374, 42, -112]
[354, 42, -114]
[432, 109, -26]
[297, 108, -25]
[459, 193, -76]
[270, 212, -100]
[423, 188, -221]
[246, 181, -279]
[404, 198, -254]
[238, 170, -310]
[401, 175, -259]
[235, 158, -314]
[405, 175, -225]
[237, 161, -286]
[407, 311, 3]
[325, 309, -3]
[411, 442, 14]
[334, 446, 34]
[415, 571, 106]
[339, 576, 121]
[417, 588, 110]
[337, 592, 126]
[406, 612, 27]
[349, 618, 39]
[365, 27, -134]
[372, 14, -123]
[377, 15, -123]
[381, 15, -123]
[357, 13, -125]
[352, 13, -125]
[347, 13, -125]
[388, 24, -54]
[338, 22, -60]
[374, 42, -108]
[354, 42, -110]
[431, 109, -18]
[297, 109, -25]
[458, 193, -62]
[274, 213, -102]
[428, 190, -214]
[250, 184, -279]
[440, 199, -246]
[245, 181, -309]
[436, 180, -255]
[243, 164, -315]
[411, 178, -220]
[242, 167, -286]
[407, 311, 5]
[325, 309, -5]
[411, 442, 16]
[334, 446, 34]
[415, 572, 104]
[339, 576, 119]
[417, 589, 110]
[337, 592, 125]
[405, 613, 23]
[349, 619, 33]
[365, 27, -146]
[372, 14, -136]
[377, 15, -136]
[381, 16, -136]
[357, 13, -138]
[352, 13, -138]
[347, 13, -138]
[388, 25, -61]
[338, 22, -70]
[374, 42, -118]
[355, 42, -121]
[430, 109, -28]
[297, 110, -27]
[456, 193, -67]
[278, 213, -101]
[415, 196, -217]
[263, 188, -279]
[401, 198, -251]
[260, 186, -310]
[398, 185, -258]
[258, 169, -319]
[398, 185, -224]
[263, 170, -286]
[407, 311, 5]
[325, 308, -4]
[410, 440, 17]
[333, 443, 34]
[414, 569, 105]
[338, 573, 119]
[416, 586, 109]
[337, 588, 124]
[405, 609, 23]
[349, 615, 29]
[366, 27, -156]
[372, 14, -145]
[377, 15, -145]
[381, 16, -145]
[358, 13, -148]
[352, 13, -148]
[347, 13, -148]
[388, 25, -67]
[338, 22, -81]
[375, 42, -126]
[355, 42, -130]
[429, 109, -28]
[297, 110, -39]
[456, 196, -52]
[280, 216, -106]
[469, 192, -203]
[287, 196, -281]
[475, 195, -234]
[282, 194, -312]
[475, 180, -247]
[279, 175, -322]
[468, 179, -212]
[284, 175, -290]
[407, 311, 5]
[325, 308, -5]
[410, 441, 18]
[331, 444, 37]
[413, 569, 107]
[336, 574, 128]
[414, 587, 111]
[334, 589, 134]
[404, 610, 23]
[348, 616, 38]
[366, 27, -164]
[373, 14, -154]
[377, 15, -154]
[381, 16, -154]
[358, 13, -155]
[353, 13, -155]
[347, 13, -155]
[388, 24, -77]
[338, 22, -83]
[375, 42, -136]
[356, 42, -137]
[430, 109, -34]
[297, 110, -34]
[456, 202, -60]
[281, 218, -91]
[502, 197, -205]
[234, 201, -281]
[509, 201, -238]
[216, 194, -312]
[525, 191, -260]
[216, 182, -325]
[512, 191, -222]
[222, 184, -290]
[406, 311, 3]
[324, 308, -2]
[410, 441, 18]
[328, 445, 42]
[411, 573, 114]
[332, 575, 137]
[413, 592, 119]
[330, 591, 143]
[400, 614, 32]
[345, 617, 50]
[367, 27, -175]
[373, 14, -164]
[377, 15, -164]
[381, 16, -164]
[358, 13, -166]
[353, 13, -166]
[347, 13, -166]
[388, 24, -85]
[338, 22, -91]
[375, 42, -146]
[356, 42, -148]
[430, 111, -39]
[297, 111, -38]
[456, 208, -61]
[281, 225, -94]
[508, 209, -209]
[232, 213, -282]
[531, 208, -240]
[214, 205, -313]
[535, 199, -260]
[212, 192, -331]
[523, 200, -223]
[216, 195, -294]
[406, 311, 2]
[324, 308, -1]
[409, 446, 19]
[323, 449, 42]
[409, 579, 128]
[327, 578, 141]
[411, 598, 133]
[325, 595, 147]
[396, 620, 44]
[341, 622, 51]
[367, 27, -187]
[373, 14, -175]
[377, 15, -175]
[381, 16, -175]
[358, 13, -176]
[353, 13, -176]
[347, 13, -176]
[388, 24, -94]
[337, 22, -100]
[375, 42, -157]
[356, 42, -158]
[430, 112, -47]
[297, 113, -44]
[456, 215, -62]
[281, 229, -96]
[512, 218, -203]
[232, 219, -285]
[536, 220, -232]
[217, 214, -316]
[540, 210, -255]
[214, 202, -335]
[534, 209, -216]
[217, 202, -298]
[406, 313, 1]
[324, 310, 0]
[409, 449, 18]
[323, 452, 41]
[408, 581, 135]
[326, 581, 145]
[410, 600, 142]
[325, 598, 152]
[394, 623, 49]
[340, 625, 52]
[367, 27, -197]
[373, 14, -185]
[377, 15, -185]
[382, 16, -185]
[358, 13, -187]
[353, 13, -187]
[347, 13, -187]
[388, 24, -101]
[337, 22, -106]
[375, 42, -166]
[356, 43, -167]
[430, 113, -52]
[297, 114, -49]
[454, 220, -68]
[281, 231, -101]
[494, 226, -219]
[241, 222, -294]
[517, 226, -251]
[232, 227, -327]
[518, 220, -272]
[230, 211, -346]
[512, 212, -232]
[238, 208, -308]
[406, 314, 0]
[323, 311, 0]
[409, 452, 20]
[323, 454, 51]
[407, 584, 149]
[326, 584, 177]
[410, 603, 157]
[325, 601, 186]
[394, 627, 59]
[340, 628, 82]
[367, 27, -213]
[373, 14, -200]
[377, 15, -201]
[382, 16, -201]
[358, 13, -201]
[353, 13, -201]
[347, 13, -201]
[388, 24, -114]
[337, 22, -116]
[375, 42, -181]
[356, 43, -181]
[431, 114, -65]
[296, 115, -53]
[453, 226, -98]
[281, 237, -106]
[489, 232, -264]
[242, 236, -305]
[505, 228, -298]
[229, 233, -339]
[508, 216, -313]
[227, 220, -358]
[499, 213, -274]
[236, 220, -318]
[406, 315, -2]
[322, 312, 2]
[409, 457, 21]
[322, 458, 55]
[407, 588, 165]
[326, 588, 189]
[410, 608, 173]
[325, 606, 198]
[394, 633, 74]
[340, 634, 92]
[367, 27, -217]
[373, 14, -204]
[377, 15, -204]
[382, 16, -204]
[358, 13, -205]
[353, 13, -205]
[347, 13, -205]
[388, 24, -114]
[337, 22, -115]
[375, 42, -184]
[356, 43, -184]
[431, 114, -65]
[296, 117, -51]
[452, 226, -106]
[282, 237, -107]
[488, 230, -277]
[251, 239, -316]
[470, 241, -314]
[244, 248, -353]
[469, 231, -329]
[244, 231, -371]
[484, 218, -287]
[252, 227, -329]
[406, 316, -3]
[322, 313, 4]
[409, 459, 21]
[323, 461, 57]
[408, 591, 164]
[326, 591, 197]
[411, 610, 172]
[325, 610, 207]
[394, 636, 70]
[340, 637, 97]
[367, 27, -222]
[373, 14, -209]
[377, 14, -209]
[382, 15, -209]
[358, 13, -210]
[353, 13, -210]
[347, 12, -210]
[388, 23, -120]
[337, 22, -122]
[375, 42, -189]
[356, 43, -190]
[431, 114, -69]
[294, 118, -61]
[451, 226, -96]
[283, 241, -106]
[471, 250, -259]
[273, 262, -300]
[467, 259, -311]
[271, 278, -344]
[469, 252, -302]
[272, 260, -359]
[467, 246, -285]
[278, 253, -316]
[407, 317, -4]
[322, 315, 4]
[409, 462, 21]
[323, 465, 61]
[408, 592, 174]
[327, 595, 212]
[410, 611, 184]
[325, 614, 223]
[395, 638, 83]
[340, 641, 114]
[366, 26, -218]
[373, 13, -205]
[377, 13, -205]
[382, 14, -205]
[357, 12, -207]
[352, 12, -207]
[346, 12, -207]
[388, 22, -116]
[337, 21, -121]
[375, 42, -185]
[355, 42, -187]
[432, 114, -65]
[294, 119, -66]
[450, 224, -73]
[284, 240, -96]
[462, 260, -207]
[290, 277, -250]
[460, 269, -244]
[290, 298, -285]
[460, 265, -263]
[293, 284, -307]
[458, 261, -221]
[298, 274, -263]
[407, 317, -3]
[322, 315, 4]
[409, 462, 21]
[323, 464, 64]
[408, 592, 177]
[328, 595, 225]
[410, 611, 188]
[327, 613, 237]
[396, 638, 86]
[341, 641, 128]
[366, 26, -216]
[372, 12, -203]
[377, 12, -203]
[382, 13, -203]
[357, 11, -205]
[351, 11, -205]
[346, 11, -205]
[388, 22, -117]
[336, 21, -124]
[375, 42, -183]
[355, 42, -185]
[432, 113, -64]
[293, 119, -68]
[447, 219, -44]
[285, 239, -69]
[452, 270, -138]
[295, 273, -177]
[453, 282, -164]
[300, 295, -205]
[452, 279, -184]
[304, 289, -224]
[448, 275, -149]
[305, 279, -188]
[407, 317, -3]
[322, 315, 4]
[409, 462, 20]
[323, 464, 61]
[410, 591, 171]
[330, 594, 202]
[411, 610, 181]
[330, 613, 213]
[399, 637, 83]
[342, 640, 107]
[366, 25, -216]
[372, 11, -204]
[377, 12, -204]
[381, 12, -204]
[357, 11, -206]
[351, 11, -206]
[345, 11, -206]
[388, 21, -118]
[336, 21, -126]
[375, 41, -183]
[355, 42, -186]
[432, 113, -64]
[293, 119, -73]
[445, 215, -39]
[285, 237, -70]
[445, 273, -131]
[297, 277, -170]
[446, 289, -156]
[304, 300, -196]
[445, 285, -177]
[308, 294, -215]
[442, 281, -142]
[308, 289, -180]
[407, 318, -3]
[322, 315, 4]
[408, 462, 20]
[324, 464, 56]
[409, 591, 169]
[331, 595, 193]
[410, 609, 179]
[331, 614, 204]
[399, 637, 82]
[342, 641, 99]
[366, 25, -219]
[372, 11, -206]
[377, 11, -206]
[381, 11, -206]
[356, 10, -209]
[350, 10, -209]
[345, 11, -209]
[388, 20, -122]
[336, 21, -134]
[375, 41, -186]
[355, 42, -190]
[432, 113, -67]
[292, 119, -84]
[444, 213, -30]
[285, 237, -68]
[446, 280, -101]
[296, 293, -143]
[448, 296, -122]
[310, 328, -166]
[445, 294, -141]
[314, 321, -187]
[442, 288, -110]
[308, 303, -153]
[407, 319, -3]
[321, 316, 3]
[405, 464, 28]
[321, 465, 50]
[405, 593, 180]
[326, 598, 190]
[405, 611, 190]
[327, 617, 202]
[395, 640, 96]
[334, 643, 95]
[365, 24, -214]
[372, 10, -201]
[377, 11, -202]
[381, 11, -202]
[356, 10, -204]
[350, 10, -204]
[344, 10, -204]
[388, 20, -117]
[336, 21, -128]
[375, 41, -182]
[355, 42, -185]
[432, 113, -64]
[291, 119, -75]
[444, 210, -36]
[285, 237, -65]
[445, 280, -126]
[296, 285, -155]
[449, 296, -152]
[312, 320, -179]
[445, 295, -172]
[315, 311, -201]
[442, 289, -137]
[315, 299, -165]
[407, 319, -2]
[321, 317, 3]
[404, 465, 14]
[322, 466, 42]
[405, 593, 167]
[327, 600, 177]
[405, 611, 178]
[328, 619, 187]
[396, 640, 83]
[335, 645, 81]
[365, 24, -211]
[372, 10, -199]
[377, 10, -199]
[381, 11, -199]
[356, 10, -201]
[350, 10, -201]
[344, 10, -201]
[388, 20, -115]
[335, 21, -125]
[375, 41, -179]
[354, 42, -182]
[432, 112, -63]
[291, 119, -73]
[443, 206, -38]
[284, 235, -55]
[445, 282, -134]
[293, 293, -130]
[450, 299, -160]
[311, 325, -153]
[447, 299, -180]
[316, 317, -175]
[443, 293, -144]
[309, 305, -140]
[406, 319, -2]
[321, 317, 2]
[402, 465, 9]
[322, 466, 25]
[404, 593, 157]
[327, 600, 146]
[403, 611, 168]
[328, 618, 155]
[396, 640, 76]
[335, 644, 50]
[365, 24, -210]
[372, 10, -198]
[377, 10, -198]
[381, 11, -198]
[356, 10, -201]
[350, 10, -201]
[344, 10, -201]
[388, 20, -114]
[335, 21, -127]
[375, 41, -178]
[354, 42, -181]
[432, 111, -63]
[291, 119, -76]
[443, 204, -24]
[284, 234, -54]
[445, 283, -101]
[294, 295, -123]
[450, 302, -123]
[309, 327, -145]
[446, 302, -144]
[314, 320, -167]
[442, 295, -111]
[308, 308, -133]
[406, 319, -1]
[321, 317, 1]
[402, 465, 10]
[322, 466, 32]
[404, 592, 163]
[327, 599, 148]
[404, 609, 173]
[328, 618, 159]
[396, 639, 82]
[335, 644, 61]
[365, 24, -217]
[372, 10, -204]
[377, 10, -205]
[381, 11, -205]
[356, 10, -208]
[350, 10, -208]
[344, 10, -208]
[388, 19, -119]
[335, 21, -133]
[375, 41, -185]
[354, 42, -189]
[432, 111, -66]
[291, 119, -81]
[443, 205, -30]
[284, 234, -62]
[444, 287, -104]
[297, 298, -141]
[448, 306, -126]
[313, 329, -165]
[445, 306, -147]
[318, 322, -186]
[441, 300, -114]
[318, 310, -151]
[407, 319, -1]
[322, 317, 1]
[402, 465, 11]
[322, 466, 29]
[404, 592, 163]
[327, 600, 153]
[404, 609, 174]
[328, 619, 162]
[397, 640, 81]
[336, 645, 59]
[365, 24, -221]
[372, 10, -208]
[377, 10, -208]
[381, 11, -208]
[356, 10, -211]
[350, 10, -212]
[344, 10, -212]
[388, 19, -123]
[335, 20, -137]
[375, 41, -189]
[354, 42, -193]
[432, 111, -71]
[291, 119, -86]
[443, 205, -35]
[284, 234, -65]
[444, 293, -108]
[296, 302, -141]
[446, 313, -131]
[309, 325, -164]
[442, 312, -151]
[312, 324, -186]
[438, 307, -118]
[312, 314, -151]
[408, 319, 0]
[322, 317, 1]
[402, 467, 12]
[321, 467, 32]
[404, 593, 171]
[326, 601, 159]
[404, 611, 183]
[327, 621, 170]
[397, 642, 90]
[334, 647, 65]
[365, 24, -216]
[372, 10, -203]
[377, 10, -203]
[381, 11, -203]
[356, 10, -207]
[350, 10, -207]
[344, 10, -207]
[388, 19, -119]
[335, 20, -136]
[375, 41, -184]
[354, 42, -189]
[432, 111, -67]
[291, 119, -81]
[444, 205, -25]
[283, 233, -59]
[444, 295, -91]
[295, 303, -129]
[447, 313, -111]
[307, 325, -151]
[443, 313, -131]
[310, 322, -173]
[439, 307, -100]
[309, 315, -139]
[408, 320, 0]
[322, 317, 0]
[402, 467, 13]
[321, 467, 27]
[404, 594, 169]
[325, 601, 152]
[404, 612, 179]
[325, 621, 161]
[396, 642, 86]
[332, 646, 57]
[365, 24, -221]
[372, 10, -207]
[377, 10, -208]
[381, 11, -208]
[356, 10, -210]
[350, 10, -210]
[344, 10, -210]
[388, 20, -122]
[335, 20, -133]
[375, 41, -188]
[354, 42, -191]
[432, 111, -69]
[292, 119, -79]
[444, 206, -39]
[282, 232, -54]
[444, 298, -126]
[295, 304, -131]
[448, 314, -152]
[305, 325, -154]
[444, 315, -173]
[309, 326, -177]
[440, 310, -137]
[308, 317, -141]
[408, 321, -2]
[322, 318, 2]
[402, 468, 1]
[321, 468, 29]
[404, 595, 168]
[325, 602, 172]
[404, 613, 178]
[325, 622, 183]
[396, 644, 83]
[332, 647, 73]
[365, 24, -231]
[372, 10, -218]
[377, 11, -218]
[381, 11, -218]
[356, 10, -220]
[350, 10, -220]
[344, 10, -220]
[388, 20, -132]
[335, 20, -139]
[375, 41, -198]
[355, 42, -200]
[433, 111, -80]
[293, 118, -80]
[444, 209, -41]
[282, 232, -51]
[443, 301, -114]
[294, 304, -129]
[446, 318, -137]
[305, 325, -151]
[440, 318, -156]
[308, 323, -175]
[437, 312, -124]
[308, 314, -140]
[408, 321, -7]
[322, 318, 7]
[403, 468, 4]
[321, 467, 42]
[404, 595, 167]
[325, 602, 184]
[405, 613, 177]
[326, 622, 194]
[396, 643, 82]
[332, 646, 85]
[365, 24, -229]
[372, 11, -216]
[377, 11, -216]
[381, 11, -216]
[356, 10, -218]
[350, 10, -218]
[344, 10, -219]
[389, 20, -130]
[335, 20, -137]
[375, 41, -196]
[355, 42, -198]
[433, 112, -76]
[293, 118, -80]
[444, 211, -39]
[281, 232, -54]
[443, 302, -116]
[295, 304, -133]
[445, 319, -140]
[304, 325, -157]
[439, 319, -160]
[308, 323, -180]
[436, 313, -126]
[308, 316, -144]
[408, 321, -7]
[322, 318, 7]
[403, 468, 6]
[321, 468, 35]
[404, 596, 169]
[325, 603, 182]
[405, 613, 180]
[325, 623, 193]
[396, 645, 82]
[331, 647, 77]
[366, 24, -229]
[372, 11, -217]
[377, 11, -217]
[382, 11, -217]
[356, 10, -219]
[350, 10, -219]
[344, 10, -219]
[389, 20, -130]
[335, 20, -139]
[376, 41, -197]
[355, 42, -199]
[433, 112, -74]
[294, 118, -82]
[445, 212, -34]
[281, 232, -56]
[442, 302, -108]
[295, 305, -136]
[445, 319, -131]
[304, 326, -159]
[439, 319, -151]
[308, 326, -182]
[435, 314, -118]
[308, 317, -146]
[408, 321, -5]
[322, 318, 6]
[403, 469, 5]
[322, 468, 25]
[405, 596, 168]
[325, 604, 162]
[405, 614, 179]
[325, 624, 172]
[397, 645, 82]
[332, 649, 59]
