[286, 261, 139]
[292, 262, 141]
[295, 262, 141]
[297, 263, 141]
[284, 261, 142]
[281, 261, 142]
[279, 260, 142]
[306, 267, 130]
[278, 263, 132]
[292, 264, 133]
[283, 263, 133]
[333, 283, 89]
[259, 263, 89]
[360, 295, 88]
[211, 255, 81]
[380, 282, 80]
[209, 258, 69]
[387, 282, 79]
[204, 256, 73]
[387, 273, 77]
[212, 252, 72]
[383, 272, 79]
[215, 252, 69]
[330, 282, 4]
[280, 278, -4]
[392, 253, -7]
[234, 230, 8]
[461, 190, -9]
[268, 212, -21]
[471, 191, -6]
[279, 218, -20]
[469, 161, -10]
[260, 192, -24]
[249, 245, 185]
[253, 247, 191]
[255, 247, 191]
[256, 247, 191]
[246, 249, 194]
[245, 249, 194]
[243, 250, 194]
[266, 250, 185]
[243, 253, 199]
[255, 246, 178]
[234, 241, 182]
[303, 259, 122]
[234, 260, 164]
[370, 274, 110]
[190, 266, 151]
[431, 276, 93]
[182, 267, 142]
[447, 274, 94]
[178, 263, 153]
[448, 273, 89]
[181, 253, 147]
[439, 274, 91]
[183, 255, 140]
[306, 277, -13]
[256, 280, 12]
[385, 241, -76]
[208, 202, 58]
[451, 155, -87]
[218, 133, 0]
[454, 150, -85]
[223, 132, 6]
[473, 125, -87]
[206, 99, 9]
[237, 247, 243]
[245, 251, 245]
[247, 251, 245]
[250, 251, 244]
[236, 253, 245]
[233, 254, 245]
[231, 255, 245]
[261, 254, 215]
[229, 261, 218]
[243, 246, 229]
[234, 247, 229]
[291, 254, 143]
[211, 267, 163]
[343, 261, 140]
[176, 276, 161]
[356, 263, 134]
[170, 265, 154]
[362, 265, 139]
[168, 262, 168]
[356, 266, 143]
[170, 255, 166]
[351, 265, 137]
[172, 254, 154]
[289, 273, -2]
[224, 271, 2]
[374, 232, -48]
[164, 206, 17]
[437, 160, -61]
[163, 146, -42]
[445, 155, -60]
[166, 143, -44]
[450, 136, -59]
[158, 118, -46]
[251, 259, 135]
[256, 258, 137]
[258, 258, 137]
[260, 259, 137]
[251, 259, 136]
[249, 259, 136]
[248, 259, 136]
[268, 260, 128]
[248, 261, 126]
[256, 260, 131]
[250, 260, 130]
[295, 271, 91]
[226, 268, 97]
[340, 292, 92]
[179, 280, 89]
[365, 288, 82]
[159, 283, 71]
[383, 288, 83]
[152, 283, 78]
[376, 285, 79]
[157, 280, 74]
[365, 285, 80]
[160, 280, 70]
[287, 283, -4]
[243, 282, 3]
[373, 262, -36]
[233, 246, 62]
[419, 198, -37]
[173, 236, 49]
[419, 197, -35]
[219, 241, 51]
[434, 168, -40]
[225, 217, 45]
[245, 230, 184]
[249, 232, 184]
[251, 232, 184]
[253, 232, 183]
[243, 233, 183]
[241, 234, 183]
[240, 235, 183]
[260, 235, 154]
[238, 241, 154]
[249, 232, 171]
[242, 233, 171]
[284, 244, 94]
[217, 257, 105]
[331, 260, 94]
[174, 279, 106]
[358, 250, 89]
[149, 286, 93]
[367, 246, 92]
[139, 289, 104]
[363, 241, 86]
[141, 286, 92]
[358, 242, 86]
[146, 284, 89]
[280, 273, 0]
[230, 280, 0]
[358, 243, -47]
[178, 225, 30]
[405, 159, -81]
[182, 208, -44]
[401, 158, -81]
[193, 219, -47]
[402, 120, -80]
[170, 177, -48]
[256, 235, 146]
[261, 236, 148]
[262, 236, 148]
[264, 237, 148]
[255, 237, 147]
[254, 237, 147]
[252, 237, 147]
[269, 241, 133]
[250, 242, 128]
[259, 238, 138]
[253, 239, 136]
[289, 252, 87]
[221, 257, 91]
[326, 260, 90]
[172, 270, 84]
[348, 249, 79]
[155, 281, 76]
[354, 248, 75]
[148, 286, 83]
[351, 242, 67]
[153, 282, 78]
[348, 242, 72]
[156, 281, 75]
[286, 274, 1]
[235, 283, -1]
[344, 246, -74]
[199, 243, -81]
[402, 200, -143]
[185, 278, -160]
[410, 206, -150]
[191, 297, -166]
[409, 169, -170]
[162, 265, -194]
[507, 272, -417]
[521, 286, -429]
[506, 290, -429]
[505, 296, -429]
[523, 263, -436]
[522, 261, -436]
[522, 259, -436]
[513, 301, -385]
[528, 247, -414]
[490, 269, -388]
[498, 250, -397]
[526, 295, -279]
[517, 187, -327]
[425, 272, -175]
[384, 209, -284]
[353, 258, -135]
[350, 305, -235]
[341, 261, -135]
[334, 329, -250]
[338, 260, -153]
[360, 333, -243]
[342, 253, -140]
[364, 328, -232]
[439, 102, 35]
[426, 53, -36]
[341, 136, 170]
[323, 149, 51]
[243, 94, 325]
[242, 140, 229]
[244, 77, 342]
[240, 136, 250]
[190, 107, 333]
[180, 159, 258]
[515, 272, -259]
[526, 284, -274]
[524, 288, -274]
[525, 294, -274]
[524, 267, -279]
[524, 264, -279]
[524, 261, -279]
[536, 294, -261]
[531, 251, -283]
[513, 269, -244]
[513, 253, -251]
[574, 275, -175]
[516, 203, -223]
[502, 234, -83]
[393, 219, -176]
[464, 214, -57]
[371, 303, -131]
[462, 210, -55]
[353, 321, -144]
[457, 215, -72]
[385, 326, -146]
[456, 214, -61]
[393, 321, -132]
[487, 109, 36]
[451, 78, -36]
[413, 161, 102]
[342, 170, 3]
[276, 128, 199]
[208, 162, 65]
[259, 115, 209]
[192, 150, 72]
[223, 153, 194]
[147, 207, 48]
[525, 270, -345]
[529, 277, -355]
[531, 280, -355]
[532, 282, -356]
[526, 267, -360]
[527, 264, -360]
[527, 261, -360]
[538, 277, -313]
[531, 252, -331]
[524, 267, -319]
[524, 254, -326]
[562, 246, -201]
[503, 207, -268]
[438, 219, -127]
[340, 242, -226]
[326, 220, -113]
[208, 262, -177]
[315, 225, -117]
[138, 265, -167]
[296, 228, -141]
[142, 274, -157]
[297, 223, -123]
[160, 268, -175]
[473, 102, 33]
[449, 75, -34]
[396, 141, 175]
[348, 137, 99]
[307, 106, 376]
[239, 106, 273]
[294, 105, 399]
[227, 91, 292]
[270, 124, 398]
[192, 148, 271]
[522, 247, -363]
[521, 263, -374]
[527, 267, -374]
[524, 272, -375]
[525, 251, -381]
[527, 247, -381]
[527, 242, -381]
[522, 274, -330]
[533, 241, -357]
[523, 247, -336]
[520, 232, -345]
[511, 257, -203]
[514, 187, -281]
[343, 232, -203]
[350, 217, -241]
[179, 225, -223]
[241, 263, -220]
[149, 229, -232]
[204, 275, -246]
[119, 240, -262]
[217, 285, -241]
[133, 233, -235]
[227, 280, -221]
[435, 102, 27]
[437, 67, -27]
[321, 140, 202]
[336, 108, 127]
[236, 137, 415]
[230, 106, 328]
[226, 138, 439]
[217, 103, 350]
[188, 151, 424]
[183, 123, 326]
[514, 235, -346]
[516, 252, -356]
[521, 258, -356]
[518, 264, -357]
[523, 237, -362]
[526, 231, -362]
[527, 226, -362]
[516, 272, -324]
[536, 221, -347]
[513, 238, -323]
[517, 220, -331]
[489, 260, -225]
[534, 175, -280]
[326, 237, -221]
[410, 182, -231]
[164, 224, -246]
[279, 248, -210]
[133, 233, -255]
[251, 266, -232]
[111, 242, -281]
[237, 275, -227]
[127, 235, -257]
[230, 270, -211]
[426, 118, 17]
[438, 68, -17]
[326, 159, 166]
[347, 112, 118]
[227, 176, 367]
[232, 114, 288]
[216, 182, 387]
[219, 110, 306]
[173, 179, 376]
[184, 112, 283]
[511, 222, -403]
[516, 241, -406]
[519, 255, -406]
[518, 256, -406]
[524, 230, -415]
[526, 228, -415]
[527, 225, -415]
[516, 261, -351]
[539, 205, -392]
[504, 234, -374]
[516, 201, -385]
[480, 247, -274]
[553, 130, -312]
[316, 236, -260]
[470, 104, -239]
[144, 225, -291]
[383, 156, -207]
[109, 233, -305]
[362, 172, -224]
[101, 242, -331]
[371, 183, -225]
[115, 234, -302]
[371, 179, -209]
[428, 94, 15]
[448, 28, -15]
[332, 149, 196]
[370, 68, 160]
[265, 136, 435]
[283, 76, 377]
[261, 151, 459]
[272, 83, 399]
[219, 121, 434]
[238, 71, 370]
[495, 202, -435]
[498, 229, -439]
[495, 238, -439]
[489, 244, -440]
[515, 211, -444]
[521, 206, -444]
[526, 201, -444]
[486, 258, -390]
[539, 196, -412]
[483, 207, -409]
[504, 185, -415]
[434, 255, -317]
[563, 128, -324]
[271, 237, -307]
[509, 63, -232]
[123, 227, -358]
[445, 22, -193]
[89, 235, -381]
[441, 16, -203]
[88, 238, -401]
[438, 25, -214]
[100, 229, -369]
[431, 33, -198]
[401, 118, 2]
[461, 32, -2]
[337, 124, 205]
[422, 57, 204]
[315, 110, 452]
[370, 68, 435]
[315, 141, 477]
[370, 83, 459]
[289, 75, 447]
[327, 40, 426]
[492, 161, -460]
[495, 178, -464]
[492, 188, -464]
[485, 200, -464]
[514, 163, -463]
[520, 162, -463]
[527, 158, -464]
[483, 229, -414]
[543, 162, -409]
[476, 169, -433]
[499, 148, -432]
[408, 258, -334]
[574, 107, -328]
[244, 249, -340]
[551, -11, -303]
[120, 228, -387]
[505, -137, -349]
[83, 237, -409]
[516, -161, -373]
[84, 239, -433]
[501, -157, -391]
[104, 225, -399]
[486, -143, -360]
[385, 131, -2]
[465, 48, 2]
[329, 127, 208]
[417, 69, 217]
[295, 134, 460]
[343, 80, 461]
[292, 149, 485]
[338, 108, 486]
[259, 93, 447]
[297, 69, 449]
[488, 151, -462]
[489, 174, -468]
[488, 179, -469]
[481, 190, -469]
[512, 157, -471]
[519, 152, -471]
[526, 146, -471]
[481, 216, -420]
[543, 149, -426]
[475, 163, -434]
[493, 137, -437]
[419, 251, -335]
[568, 93, -329]
[252, 243, -319]
[519, 7, -217]
[121, 218, -365]
[457, -53, -161]
[84, 233, -388]
[452, -62, -165]
[85, 229, -408]
[450, -57, -183]
[103, 212, -375]
[442, -48, -168]
[386, 129, -2]
[460, 43, 2]
[318, 129, 210]
[400, 58, 217]
[286, 113, 466]
[324, 72, 453]
[283, 129, 493]
[318, 91, 478]
[248, 82, 465]
[277, 48, 449]
[481, 157, -464]
[485, 182, -470]
[481, 189, -470]
[474, 197, -470]
[493, 161, -473]
[503, 152, -473]
[507, 150, -473]
[478, 208, -421]
[525, 149, -433]
[472, 168, -437]
[487, 142, -441]
[411, 237, -343]
[567, 79, -339]
[255, 218, -339]
[518, -7, -234]
[110, 204, -381]
[471, -94, -176]
[71, 225, -400]
[472, -111, -202]
[72, 219, -425]
[466, -107, -209]
[87, 205, -392]
[456, -96, -189]
[377, 98, 1]
[449, 19, -1]
[305, 91, 222]
[399, 22, 212]
[282, 87, 482]
[313, 50, 448]
[281, 96, 509]
[309, 65, 473]
[243, 72, 482]
[266, 37, 442]
[474, 170, -442]
[483, 193, -438]
[479, 201, -439]
[475, 209, -439]
[485, 169, -444]
[486, 158, -444]
[488, 155, -444]
[477, 220, -387]
[501, 147, -408]
[463, 181, -419]
[470, 156, -426]
[422, 231, -332]
[519, 81, -333]
[244, 212, -296]
[427, 35, -256]
[82, 204, -329]
[362, 15, -232]
[54, 223, -347]
[351, 9, -258]
[66, 215, -373]
[357, 8, -263]
[79, 204, -340]
[355, 16, -239]
[373, 86, 4]
[410, 9, -3]
[286, 103, 218]
[337, 35, 205]
[245, 92, 446]
[261, 59, 405]
[245, 98, 471]
[257, 70, 429]
[201, 75, 445]
[210, 55, 431]
[473, 175, -368]
[483, 187, -373]
[482, 192, -373]
[479, 204, -374]
[485, 172, -376]
[484, 161, -376]
[490, 153, -376]
[479, 202, -336]
[493, 148, -348]
[466, 179, -347]
[472, 156, -351]
[439, 200, -268]
[476, 93, -283]
[266, 188, -244]
[336, 96, -248]
[117, 182, -285]
[234, 134, -248]
[99, 208, -305]
[208, 145, -280]
[80, 200, -332]
[223, 154, -281]
[93, 185, -297]
[228, 152, -253]
[381, 69, 4]
[383, 10, -4]
[298, 109, 202]
[313, 50, 150]
[249, 100, 429]
[237, 62, 359]
[248, 102, 454]
[232, 67, 382]
[207, 109, 435]
[186, 61, 387]
[466, 173, -362]
[478, 180, -369]
[482, 191, -369]
[479, 198, -369]
[478, 165, -371]
[477, 153, -372]
[479, 148, -372]
[481, 199, -338]
[486, 135, -348]
[464, 173, -341]
[466, 149, -345]
[457, 187, -265]
[459, 86, -282]
[290, 175, -237]
[315, 99, -248]
[124, 171, -262]
[223, 133, -253]
[119, 195, -274]
[199, 141, -280]
[91, 184, -299]
[214, 149, -281]
[98, 180, -272]
[219, 148, -257]
[386, 60, 13]
[377, 6, -13]
[282, 93, 162]
[280, 47, 96]
[210, 101, 349]
[181, 66, 259]
[202, 103, 369]
[170, 70, 275]
[170, 118, 349]
[128, 74, 243]
[470, 158, -355]
[481, 166, -369]
[482, 171, -369]
[482, 175, -369]
[483, 155, -370]
[483, 150, -370]
[484, 146, -370]
[491, 178, -349]
[492, 138, -353]
[467, 160, -338]
[468, 141, -339]
[507, 184, -267]
[462, 92, -279]
[386, 177, -208]
[296, 113, -248]
[287, 181, -197]
[189, 148, -256]
[281, 198, -203]
[162, 157, -285]
[267, 196, -226]
[179, 165, -283]
[267, 189, -205]
[186, 165, -259]
[408, 66, 15]
[390, 11, -14]
[292, 93, 151]
[299, 51, 91]
[222, 100, 334]
[208, 75, 257]
[219, 102, 355]
[203, 71, 275]
[179, 117, 343]
[155, 111, 256]
[488, 163, -330]
[495, 168, -339]
[497, 171, -339]
[499, 173, -340]
[491, 161, -339]
[489, 157, -339]
[487, 154, -339]
[503, 168, -315]
[496, 146, -311]
[486, 160, -313]
[483, 149, -312]
[511, 154, -245]
[456, 96, -245]
[394, 155, -185]
[277, 127, -235]
[303, 170, -176]
[138, 147, -252]
[299, 186, -183]
[109, 152, -284]
[287, 191, -203]
[118, 157, -278]
[286, 181, -183]
[127, 158, -254]
[408, 40, 0]
[386, 15, 0]
[319, 89, 153]
[303, 51, 153]
[268, 84, 337]
[252, 78, 369]
[263, 92, 377]
[254, 79, 391]
[241, 82, 364]
[221, 100, 370]
[486, 163, -268]
[491, 165, -280]
[494, 166, -280]
[497, 167, -280]
[484, 161, -280]
[482, 158, -280]
[480, 155, -280]
[502, 158, -267]
[479, 146, -264]
[485, 159, -255]
[481, 152, -255]
[511, 137, -181]
[428, 98, -214]
[386, 122, -134]
[265, 126, -211]
[294, 112, -145]
[116, 147, -211]
[285, 114, -150]
[98, 144, -242]
[274, 120, -169]
[81, 150, -234]
[276, 115, -152]
[89, 151, -212]
[418, 46, 12]
[378, 28, -12]
[320, 91, 129]
[265, 85, 65]
[257, 96, 293]
[163, 94, 211]
[246, 99, 312]
[153, 87, 226]
[234, 124, 305]
[123, 128, 205]
[488, 133, -299]
[493, 131, -326]
[497, 132, -326]
[501, 133, -326]
[485, 129, -290]
[483, 128, -290]
[480, 127, -289]
[508, 129, -336]
[477, 124, -309]
[491, 134, -262]
[482, 132, -301]
[543, 133, -226]
[431, 99, -244]
[455, 121, -159]
[274, 121, -217]
[413, 113, -142]
[175, 139, -219]
[417, 111, -144]
[151, 139, -244]
[407, 120, -161]
[159, 145, -235]
[403, 119, -146]
[167, 146, -220]
[454, 51, 19]
[382, 42, -18]
[329, 99, 115]
[277, 101, 45]
[245, 105, 275]
[147, 105, 181]
[228, 107, 294]
[136, 95, 196]
[211, 133, 279]
[97, 142, 168]
[498, 110, -301]
[505, 118, -324]
[507, 121, -324]
[508, 124, -325]
[502, 111, -317]
[501, 109, -317]
[500, 106, -317]
[511, 132, -341]
[499, 108, -324]
[496, 117, -294]
[492, 108, -294]
[527, 145, -244]
[478, 99, -256]
[406, 123, -169]
[414, 102, -182]
[319, 95, -185]
[381, 107, -121]
[308, 91, -193]
[370, 107, -126]
[301, 97, -213]
[382, 109, -134]
[307, 94, -192]
[383, 110, -124]
[439, 52, 19]
[400, 48, -19]
[284, 89, 103]
[267, 96, 54]
[161, 95, 224]
[126, 102, 166]
[141, 95, 236]
[106, 95, 177]
[110, 127, 200]
[77, 127, 141]
[514, 58, -348]
[516, 83, -364]
[512, 87, -364]
[509, 91, -364]
[527, 76, -349]
[531, 74, -349]
[535, 73, -349]
[505, 108, -358]
[535, 83, -328]
[499, 61, -336]
[511, 52, -321]
[443, 111, -277]
[533, 57, -249]
[298, 102, -249]
[509, 31, -177]
[201, 83, -233]
[476, 38, -138]
[173, 87, -232]
[469, 45, -135]
[176, 91, -250]
[483, 43, -142]
[189, 85, -239]
[479, 40, -140]
[393, 12, -8]
[404, -7, 8]
[225, 60, 14]
[272, 38, 74]
[88, 112, 83]
[147, 95, 182]
[66, 108, 89]
[133, 96, 194]
[61, 124, 44]
[100, 94, 168]
[492, 56, -409]
[487, 75, -418]
[476, 82, -419]
[462, 91, -419]
[507, 71, -421]
[509, 71, -421]
[525, 66, -422]
[467, 107, -374]
[527, 66, -388]
[476, 62, -380]
[507, 51, -385]
[441, 125, -297]
[565, 22, -256]
[296, 115, -273]
[536, -48, -162]
[170, 93, -291]
[499, -74, -122]
[139, 99, -301]
[493, -78, -116]
[141, 99, -321]
[503, -77, -139]
[157, 89, -298]
[499, -73, -130]
[393, 22, -13]
[445, -35, 13]
[257, 72, -35]
[320, -4, 70]
[100, 112, 38]
[191, 41, 200]
[102, 118, 45]
[180, 55, 213]
[53, 128, -16]
[132, 28, 167]
[457, 55, -467]
[452, 76, -475]
[446, 82, -475]
[440, 88, -476]
[476, 58, -482]
[479, 58, -482]
[493, 51, -482]
[459, 99, -417]
[515, 53, -445]
[457, 58, -433]
[475, 46, -442]
[440, 137, -331]
[566, 0, -303]
[300, 117, -305]
[530, -95, -229]
[169, 93, -348]
[504, -150, -255]
[138, 101, -366]
[507, -160, -266]
[138, 99, -391]
[514, -160, -294]
[155, 86, -359]
[507, -152, -269]
[403, 31, -6]
[465, -34, 6]
[247, 73, 52]
[340, -46, 92]
[148, 93, 176]
[229, 8, 212]
[142, 96, 191]
[221, 24, 230]
[104, 96, 169]
[172, 4, 200]
[448, 54, -441]
[446, 74, -449]
[441, 79, -449]
[435, 84, -449]
[466, 63, -454]
[473, 60, -454]
[483, 57, -455]
[447, 99, -396]
[515, 59, -422]
[457, 59, -409]
[472, 49, -418]
[445, 124, -316]
[564, 11, -293]
[306, 99, -287]
[528, -82, -228]
[178, 74, -321]
[500, -148, -267]
[148, 82, -337]
[502, -159, -278]
[150, 80, -361]
[507, -160, -303]
[165, 69, -331]
[501, -152, -279]
[429, 36, -8]
[478, -19, 8]
[250, 60, 41]
[347, -22, 77]
[167, 67, 177]
[240, 15, 200]
[156, 69, 189]
[233, 29, 213]
[135, 64, 135]
[191, 4, 162]
[457, 63, -158]
[458, 71, -173]
[453, 72, -173]
[445, 73, -174]
[465, 70, -172]
[467, 69, -172]
[469, 68, -172]
[457, 70, -191]
[472, 67, -186]
[458, 62, -156]
[469, 61, -155]
[514, 37, -150]
[455, 47, -129]
[413, 6, -132]
[332, 65, -137]
[328, 9, -160]
[244, 75, -153]
[310, 13, -170]
[218, 76, -166]
[313, 24, -177]
[226, 81, -164]
[319, 22, -164]
[238, 79, -155]
[478, 1, -5]
[461, 13, 5]
[354, 0, -51]
[347, 25, -16]
[275, -33, 58]
[197, 31, 37]
[265, -35, 69]
[187, 37, 41]
[240, -48, 26]
[132, 28, -10]
[466, 34, -34]
[465, 44, -34]
[462, 48, -34]
[456, 52, -35]
[475, 35, -32]
[480, 32, -32]
[483, 30, -32]
[466, 62, -23]
[498, 31, -10]
[461, 43, -27]
[472, 35, -23]
[503, 71, -18]
[483, 20, 24]
[388, 48, -12]
[429, -42, 13]
[326, 23, -43]
[438, -83, -16]
[308, 18, -50]
[436, -95, -15]
[323, 22, -51]
[448, -92, -26]
[330, 22, -44]
[445, -83, -22]
[457, 12, -5]
[457, 5, 5]
[297, 20, -47]
[331, 21, -5]
[192, 25, -43]
[174, 32, -19]
[174, 25, -43]
[157, 43, -21]
[149, 23, -82]
[111, 37, -55]
[387, 229, -444]
[372, 260, -444]
[363, 258, -444]
[355, 256, -444]
[397, 267, -450]
[408, 270, -450]
[418, 273, -450]
[363, 250, -343]
[447, 282, -372]
[388, 204, -396]
[422, 212, -405]
[323, 143, -273]
[544, 147, -219]
[213, -16, -221]
[531, -86, -35]
[221, 18, -280]
[508, -62, 65]
[221, 21, -304]
[491, -64, 68]
[220, 50, -315]
[523, -39, 42]
[230, 48, -285]
[523, -35, 55]
[379, -262, 1]
[528, -275, 0]
[370, -312, 322]
[497, -301, 290]
[366, -492, 722]
[419, -483, 660]
[371, -518, 765]
[414, -501, 698]
[339, -555, 706]
[373, -558, 625]
[551, 195, -185]
[534, 217, -177]
[526, 215, -177]
[518, 213, -178]
[558, 223, -178]
[568, 225, -178]
[578, 227, -178]
[526, 200, -94]
[606, 217, -99]
[552, 168, -146]
[583, 175, -147]
[517, 133, -109]
[694, 86, -7]
[358, 13, -151]
[534, -35, -10]
[300, 42, -256]
[479, 72, -58]
[281, 44, -292]
[449, 90, -81]
[293, 68, -303]
[481, 116, -103]
[302, 66, -262]
[489, 109, -71]
[558, -303, -31]
[665, -336, 32]
[440, -119, -46]
[632, -169, 7]
[465, -281, 191]
[507, -275, 219]
[481, -314, 209]
[496, -288, 241]
[436, -300, 130]
[477, -297, 197]
[650, 174, -199]
[631, 197, -188]
[621, 194, -189]
[611, 192, -189]
[658, 202, -187]
[669, 204, -187]
[680, 206, -187]
[614, 180, -86]
[707, 197, -80]
[646, 147, -153]
[682, 155, -152]
[595, 100, -99]
[803, 66, 39]
[419, 11, -193]
[690, -45, 45]
[417, 60, -344]
[659, 26, -23]
[414, 78, -381]
[639, 37, -34]
[425, 101, -365]
[670, 60, -59]
[432, 92, -341]
[673, 57, -37]
[632, -333, -61]
[751, -359, 62]
[543, -138, -43]
[735, -178, 71]
[590, -306, 212]
[628, -279, 286]
[606, -339, 232]
[616, -294, 309]
[580, -331, 151]
[613, -299, 265]
[588, 231, -210]
[573, 255, -206]
[565, 254, -206]
[550, 259, -206]
[598, 257, -201]
[608, 257, -201]
[618, 257, -202]
[560, 244, -129]
[640, 231, -105]
[583, 203, -176]
[618, 205, -169]
[517, 115, -107]
[747, 84, -18]
[349, 8, -196]
[712, -49, 47]
[375, 69, -348]
[699, -85, -4]
[345, 96, -388]
[697, -101, -10]
[414, 117, -375]
[708, -83, -42]
[380, 105, -349]
[705, -77, -20]
[549, -321, -45]
[697, -335, 46]
[497, -602, 0]
[651, -600, 59]
[507, -912, 233]
[606, -907, 236]
[517, -950, 251]
[611, -949, 249]
[488, -1002, 90]
[573, -980, 57]
[504, 224, -328]
[493, 251, -328]
[483, 250, -328]
[473, 252, -328]
[522, 255, -341]
[536, 256, -341]
[552, 267, -341]
[486, 243, -238]
[578, 252, -287]
[508, 198, -287]
[550, 204, -303]
[442, 116, -163]
[700, 94, -169]
[283, -8, -199]
[700, -78, 25]
[266, 39, -330]
[678, -102, 112]
[233, 60, -361]
[674, -109, 126]
[266, 76, -357]
[688, -92, 90]
[285, 66, -341]
[684, -89, 100]
[508, -311, -25]
[661, -331, 25]
[472, -648, 101]
[622, -642, 102]
[492, -948, 400]
[587, -948, 348]
[504, -988, 426]
[597, -991, 370]
[466, -1041, 273]
[544, -1028, 170]
[630, 208, -331]
[608, 236, -328]
[597, 233, -329]
[586, 233, -329]
[637, 243, -335]
[649, 247, -335]
[660, 253, -335]
[584, 228, -220]
[685, 248, -230]
[625, 181, -285]
[664, 191, -292]
[537, 120, -173]
[789, 104, -121]
[380, 16, -273]
[677, 7, -82]
[372, 82, -418]
[665, 75, -128]
[371, 103, -461]
[620, 91, -155]
[384, 124, -454]
[646, 111, -162]
[391, 114, -420]
[669, 102, -136]
[599, -306, -25]
[746, -325, 26]
[536, -480, 58]
[719, -558, 73]
[529, -713, 352]
[632, -706, 335]
[534, -747, 380]
[624, -735, 359]
[525, -788, 263]
[608, -781, 253]
[599, 216, -331]
[580, 243, -325]
[570, 240, -325]
[560, 239, -325]
[608, 251, -330]
[620, 254, -330]
[631, 258, -330]
[562, 232, -215]
[659, 251, -230]
[596, 188, -283]
[634, 198, -290]
[525, 124, -171]
[774, 109, -121]
[379, 13, -261]
[683, -16, -55]
[357, 84, -399]
[631, 28, -56]
[352, 104, -439]
[602, 8, -63]
[359, 128, -439]
[634, 35, -96]
[369, 119, -403]
[643, 41, -71]
[576, -305, -15]
[729, -321, 16]
[529, -438, 105]
[691, -461, 101]
[521, -668, 410]
[627, -662, 377]
[529, -701, 442]
[626, -694, 406]
[511, -753, 285]
[590, -742, 310]
[653, 192, -437]
[632, 228, -426]
[619, 226, -427]
[606, 224, -427]
[666, 235, -430]
[679, 239, -430]
[692, 243, -430]
[599, 223, -283]
[717, 245, -296]
[642, 165, -373]
[687, 175, -378]
[542, 118, -193]
[826, 110, -144]
[384, 12, -292]
[764, -44, -40]
[341, 80, -448]
[710, -82, -33]
[332, 102, -494]
[694, -106, -45]
[339, 126, -502]
[708, -83, -75]
[351, 115, -457]
[709, -75, -47]
[606, -306, -15]
[771, -323, 16]
[551, -482, 101]
[729, -473, 94]
[538, -731, 412]
[659, -730, 369]
[543, -765, 443]
[656, -764, 395]
[540, -832, 308]
[626, -820, 267]
[625, 182, -404]
[608, 219, -397]
[597, 218, -398]
[586, 216, -398]
[640, 227, -400]
[653, 231, -400]
[665, 234, -401]
[586, 214, -273]
[693, 236, -284]
[618, 153, -348]
[660, 163, -352]
[535, 101, -197]
[818, 99, -129]
[384, -25, -285]
[800, -113, 87]
[385, 75, -422]
[775, -176, 164]
[368, 95, -463]
[775, -197, 175]
[389, 122, -452]
[783, -184, 133]
[409, 111, -423]
[778, -175, 148]
[589, -327, -27]
[765, -336, 28]
[552, -660, 102]
[715, -650, 149]
[541, -955, 415]
[689, -945, 466]
[546, -995, 443]
[695, -987, 495]
[535, -1060, 271]
[655, -1034, 299]
[654, 179, -418]
[636, 217, -408]
[624, 215, -408]
[612, 213, -409]
[670, 224, -412]
[683, 228, -412]
[696, 232, -413]
[608, 210, -272]
[721, 232, -286]
[643, 149, -357]
[688, 158, -362]
[539, 100, -190]
[837, 95, -131]
[396, -25, -307]
[813, -115, 85]
[437, 104, -466]
[774, -170, 179]
[429, 142, -507]
[770, -194, 188]
[456, 159, -486]
[774, -183, 156]
[471, 142, -463]
[772, -174, 168]
[603, -337, -25]
[784, -347, 27]
[574, -654, 100]
[739, -645, 124]
[566, -936, 384]
[720, -931, 365]
[569, -978, 409]
[728, -975, 385]
[562, -1038, 247]
[678, -1018, 199]
[643, 181, -417]
[625, 216, -384]
[613, 214, -384]
[602, 212, -384]
[657, 223, -392]
[670, 227, -392]
[682, 230, -392]
[600, 206, -226]
[710, 228, -250]
[634, 151, -336]
[676, 160, -346]
[555, 94, -154]
[825, 91, -128]
[400, -16, -288]
[765, -88, -79]
[428, 117, -425]
[696, -57, -119]
[428, 153, -465]
[659, -55, -142]
[446, 170, -454]
[669, -39, -144]
[454, 154, -426]
[678, -43, -123]
[606, -339, -19]
[779, -354, 21]
[553, -592, 57]
[747, -586, 52]
[557, -859, 331]
[700, -866, 282]
[566, -896, 355]
[702, -906, 302]
[554, -959, 204]
[663, -951, 151]
[656, 183, -245]
[636, 216, -226]
[626, 214, -227]
[616, 212, -227]
[666, 223, -231]
[677, 227, -231]
[688, 230, -231]
[615, 206, -97]
[715, 228, -115]
[650, 154, -188]
[687, 163, -194]
[586, 96, -68]
[823, 93, -43]
[419, 9, -204]
[712, -35, -85]
[440, 119, -348]
[576, 31, -152]
[444, 151, -391]
[533, 43, -178]
[458, 168, -364]
[556, 62, -179]
[465, 153, -341]
[568, 53, -156]
[633, -333, -23]
[786, -349, 25]
[542, -359, -88]
[778, -396, -71]
[556, -652, 128]
[678, -669, 141]
[566, -697, 147]
[674, -699, 161]
[556, -734, 44]
[650, -757, 75]
[637, 185, -236]
[618, 216, -221]
[608, 214, -221]
[598, 212, -221]
[648, 224, -229]
[659, 228, -229]
[671, 231, -229]
[599, 207, -97]
[698, 229, -129]
[631, 156, -181]
[670, 163, -192]
[563, 97, -55]
[808, 94, -62]
[406, 8, -188]
[670, -24, -116]
[418, 110, -344]
[530, 43, -165]
[419, 141, -385]
[487, 55, -190]
[430, 159, -363]
[512, 74, -188]
[438, 145, -339]
[524, 65, -168]
[612, -330, -20]
[768, -346, 21]
[524, -399, -54]
[748, -406, -51]
[550, -681, 159]
[666, -687, 143]
[556, -722, 178]
[663, -706, 161]
[544, -766, 71]
[635, -771, 70]
[618, 199, -231]
[607, 226, -217]
[600, 225, -217]
[594, 223, -217]
[630, 231, -228]
[640, 233, -228]
[649, 235, -228]
[592, 216, -101]
[682, 231, -150]
[619, 171, -179]
[647, 176, -195]
[554, 101, -60]
[786, 94, -95]
[404, 6, -185]
[596, -18, -183]
[407, 107, -352]
[416, 40, -207]
[408, 138, -388]
[362, 49, -234]
[417, 156, -375]
[387, 71, -226]
[426, 143, -349]
[404, 64, -206]
[602, -327, -7]
[762, -344, 8]
[518, -317, -31]
[714, -311, -50]
[543, -571, 206]
[646, -575, 184]
[550, -611, 226]
[648, -610, 205]
[538, -638, 139]
[619, -645, 130]
[585, 205, -251]
[577, 231, -238]
[572, 230, -238]
[568, 229, -238]
[596, 235, -253]
[605, 237, -253]
[614, 238, -253]
[582, 223, -123]
[650, 233, -153]
[589, 176, -199]
[613, 181, -219]
[551, 102, -66]
[745, 99, -178]
[398, 5, -180]
[509, 0, -259]
[382, 103, -372]
[324, 80, -256]
[384, 134, -422]
[271, 96, -292]
[385, 153, -415]
[294, 122, -283]
[389, 139, -376]
[312, 110, -255]
[599, -316, 6]
[735, -335, -5]
[511, -238, -28]
[659, -231, -76]
[540, -454, 221]
[620, -442, 189]
[547, -493, 241]
[631, -472, 214]
[534, -492, 157]
[599, -482, 151]
[585, 220, -220]
[578, 247, -202]
[573, 246, -202]
[568, 245, -202]
[597, 251, -217]
[606, 253, -217]
[615, 255, -217]
[580, 239, -78]
[651, 249, -138]
[589, 190, -166]
[614, 195, -186]
[550, 109, -29]
[749, 116, -167]
[400, 4, -179]
[554, 0, -215]
[389, 106, -377]
[381, 68, -253]
[392, 139, -430]
[330, 80, -287]
[395, 160, -416]
[353, 102, -281]
[400, 145, -379]
[370, 93, -254]
[596, -302, 7]
[735, -320, -6]
[510, -433, -13]
[665, -414, -24]
[534, -717, 202]
[619, -737, 157]
[544, -754, 219]
[630, -789, 169]
[524, -816, 102]
[588, -811, 48]
[570, 236, -219]
[568, 264, -198]
[564, 264, -198]
[559, 263, -198]
[587, 267, -220]
[596, 268, -219]
[606, 269, -220]
[579, 254, -68]
[643, 259, -157]
[572, 205, -164]
[597, 207, -191]
[548, 111, 1]
[727, 118, -171]
[398, 1, -125]
[515, 0, -260]
[373, 106, -367]
[339, 67, -261]
[375, 136, -424]
[288, 76, -296]
[378, 157, -415]
[308, 103, -290]
[382, 142, -373]
[327, 95, -261]
[595, -298, 24]
[713, -314, -23]
[497, -375, -1]
[611, -336, -61]
[514, -646, 231]
[582, -655, 166]
[525, -685, 249]
[595, -712, 185]
[506, -720, 145]
[557, -719, 103]
[533, 250, -212]
[532, 279, -192]
[526, 279, -192]
[520, 279, -192]
[554, 281, -213]
[565, 282, -213]
[575, 283, -213]
[537, 269, -63]
[611, 273, -153]
[532, 219, -157]
[562, 221, -184]
[501, 126, 0]
[709, 131, -159]
[361, 3, -149]
[535, 0, -250]
[370, 124, -369]
[381, 75, -262]
[374, 158, -425]
[336, 86, -295]
[379, 180, -414]
[357, 110, -290]
[383, 164, -373]
[374, 102, -262]
[547, -289, 22]
[696, -302, -21]
[494, -522, 36]
[624, -505, -11]
[482, -805, 243]
[590, -817, 179]
[489, -844, 266]
[600, -869, 191]
[465, -900, 147]
[558, -885, 47]
[574, 230, -230]
[558, 255, -214]
[550, 252, -214]
[541, 249, -215]
[583, 264, -222]
[594, 268, -222]
[604, 271, -222]
[553, 241, -91]
[637, 267, -124]
[577, 202, -178]
[611, 213, -189]
[545, 124, -85]
[757, 130, -16]
[395, -1, -212]
[678, -35, -24]
[388, 82, -362]
[598, -19, -115]
[384, 103, -411]
[573, -22, -133]
[391, 130, -398]
[591, -1, -151]
[399, 120, -363]
[598, 0, -127]
[597, -291, -35]
[742, -304, 37]
[541, -500, 26]
[688, -468, 84]
[525, -766, 260]
[648, -760, 306]
[525, -801, 286]
[644, -804, 325]
[528, -859, 158]
[644, -837, 195]
[590, 213, -216]
[570, 238, -202]
[561, 235, -202]
[551, 232, -202]
[598, 248, -204]
[608, 252, -204]
[619, 256, -204]
[557, 228, -85]
[649, 258, -94]
[591, 188, -165]
[626, 201, -169]
[547, 124, -84]
[769, 129, 9]
[408, -5, -212]
[699, -50, -31]
[422, 69, -324]
[619, -34, -126]
[423, 87, -369]
[596, -37, -148]
[434, 114, -350]
[612, -16, -161]
[440, 105, -322]
[617, -16, -133]
[604, -292, -44]
[753, -304, 46]
[544, -479, -29]
[713, -460, 61]
[539, -742, 204]
[658, -748, 287]
[539, -778, 225]
[650, -797, 312]
[551, -830, 96]
[659, -815, 194]
[597, 210, -253]
[578, 238, -247]
[567, 235, -248]
[555, 233, -248]
[610, 246, -246]
[622, 250, -246]
[635, 254, -246]
[557, 229, -144]
[661, 258, -120]
[591, 196, -206]
[632, 196, -203]
[535, 126, -101]
[782, 128, -22]
[404, -29, -165]
[757, -116, 78]
[392, 17, -250]
[740, -208, 7]
[370, 23, -284]
[743, -248, -2]
[388, 44, -283]
[743, -233, -43]
[405, 42, -254]
[737, -215, -11]
[604, -287, -37]
[759, -291, 38]
[554, -578, -6]
[713, -567, 96]
[551, -871, 213]
[686, -858, 277]
[554, -913, 226]
[692, -905, 294]
[559, -969, 115]
[662, -940, 137]
[495, 284, -264]
[480, 310, -262]
[471, 308, -263]
[462, 306, -263]
[504, 316, -262]
[514, 319, -262]
[524, 322, -262]
[466, 295, -179]
[550, 316, -177]
[492, 259, -223]
[526, 267, -223]
[456, 209, -163]
[625, 187, -23]
[318, 66, -235]
[533, -7, 95]
[259, 76, -429]
[439, 84, 99]
[241, 81, -471]
[396, 101, 93]
[243, 111, -476]
[432, 141, 81]
[256, 106, -435]
[444, 135, 93]
[499, -179, -39]
[606, -196, 40]
[426, -283, 113]
[550, -305, 197]
[401, -505, 428]
[479, -536, 443]
[394, -534, 460]
[462, -559, 468]
[386, -581, 384]
[471, -629, 378]
[619, 211, -247]
[603, 236, -242]
[596, 235, -242]
[589, 234, -242]
[624, 239, -242]
[633, 241, -242]
[641, 242, -242]
[594, 223, -162]
[662, 231, -164]
[616, 186, -206]
[643, 190, -208]
[612, 142, -135]
[709, 110, -80]
[423, 55, -166]
[508, 11, -123]
[370, 87, -252]
[381, 114, -193]
[364, 103, -287]
[342, 134, -232]
[370, 128, -294]
[368, 161, -236]
[372, 118, -257]
[380, 151, -200]
[642, -245, -30]
[701, -275, 31]
[490, -11, -2]
[619, -36, 27]
[507, -53, 268]
[495, -48, 276]
[525, -70, 291]
[490, -52, 302]
[472, -28, 229]
[468, -22, 284]
[682, 164, -315]
[664, 196, -314]
[653, 196, -314]
[642, 195, -314]
[691, 199, -307]
[701, 200, -307]
[712, 202, -307]
[631, 190, -226]
[725, 197, -197]
[667, 138, -271]
[703, 141, -264]
[592, 98, -192]
[783, 79, -88]
[435, -9, -238]
[656, -30, -57]
[428, 26, -337]
[587, 11, -120]
[429, 35, -375]
[561, 12, -145]
[436, 63, -380]
[587, 37, -165]
[442, 57, -342]
[592, 34, -133]
[643, -292, -36]
[754, -310, 37]
[548, -126, -8]
[719, -147, 69]
[604, -281, 258]
[618, -276, 298]
[622, -310, 280]
[612, -293, 321]
[592, -311, 203]
[587, -312, 278]
[636, 197, -200]
[619, 223, -196]
[611, 222, -196]
[603, 220, -196]
[642, 227, -196]
[651, 228, -196]
[660, 230, -196]
[605, 209, -126]
[682, 221, -126]
[632, 171, -165]
[662, 176, -166]
[614, 122, -120]
[751, 101, -70]
[453, 3, -219]
[621, -12, -92]
[482, 146, -320]
[530, 52, -133]
[496, 187, -357]
[497, 64, -161]
[498, 207, -339]
[504, 60, -166]
[498, 187, -315]
[517, 43, -140]
[668, -275, -28]
[749, -294, 29]
[561, -88, 30]
[684, -98, 85]
[601, -187, 313]
[613, -173, 324]
[617, -210, 338]
[613, -184, 350]
[580, -188, 275]
[582, -183, 281]
[485, 26, -313]
[514, 14, -324]
[522, 21, -324]
[530, 27, -324]
[498, 0, -312]
[493, -6, -312]
[488, -12, -312]
[553, 46, -313]
[495, -7, -258]
[494, 58, -301]
[472, 39, -285]
[565, 171, -283]
[464, 27, -167]
[483, 285, -246]
[371, 45, -78]
[363, 284, -230]
[304, 55, -61]
[330, 295, -244]
[285, 57, -57]
[328, 269, -247]
[287, 49, -78]
[336, 262, -229]
[296, 60, -69]
[436, 307, -40]
[387, 219, 40]
[350, 227, -114]
[282, 167, 50]
[239, 274, 58]
[159, 200, 130]
[230, 293, 75]
[148, 221, 138]
[173, 258, 64]
[82, 173, 123]
[490, 27, -212]
[516, 16, -224]
[523, 22, -224]
[531, 27, -224]
[502, 3, -213]
[497, -2, -213]
[493, -7, -214]
[553, 46, -219]
[499, -3, -173]
[499, 58, -204]
[480, 39, -191]
[562, 142, -212]
[490, 28, -98]
[448, 211, -193]
[452, 93, -55]
[316, 153, -143]
[435, 125, -66]
[279, 147, -148]
[429, 137, -70]
[289, 124, -138]
[435, 127, -82]
[301, 125, -136]
[438, 130, -72]
[450, 275, -40]
[405, 208, 41]
[369, 226, -20]
[292, 161, 71]
[275, 274, 108]
[170, 198, 149]
[271, 292, 120]
[165, 219, 155]
[219, 281, 113]
[87, 178, 137]
[496, 43, -244]
[520, 33, -255]
[527, 38, -255]
[535, 43, -255]
[505, 19, -246]
[501, 13, -246]
[496, 8, -246]
[556, 56, -246]
[502, 7, -206]
[505, 69, -234]
[486, 52, -223]
[564, 147, -233]
[497, 33, -124]
[454, 212, -201]
[458, 96, -54]
[320, 167, -142]
[459, 163, -46]
[286, 164, -148]
[458, 181, -49]
[292, 138, -141]
[470, 174, -53]
[304, 138, -136]
[471, 174, -47]
[456, 279, -40]
[411, 208, 41]
[369, 217, 27]
[291, 161, 110]
[270, 262, 144]
[170, 184, 190]
[264, 276, 156]
[165, 201, 197]
[212, 265, 148]
[89, 165, 181]
[498, 43, -248]
[523, 34, -263]
[530, 39, -263]
[537, 44, -263]
[508, 19, -259]
[504, 14, -259]
[500, 8, -259]
[559, 57, -247]
[508, 8, -221]
[506, 69, -237]
[488, 51, -229]
[568, 155, -242]
[491, 34, -140]
[463, 226, -213]
[386, 61, -89]
[327, 182, -156]
[340, 133, -101]
[295, 178, -160]
[323, 136, -106]
[297, 155, -153]
[333, 171, -115]
[306, 154, -150]
[341, 166, -105]
[453, 283, -40]
[408, 209, 40]
[366, 225, 40]
[290, 162, 117]
[265, 274, 197]
[178, 199, 237]
[258, 286, 212]
[175, 216, 249]
[207, 275, 197]
[97, 190, 228]
[497, 44, -233]
[522, 35, -245]
[530, 40, -245]
[536, 46, -245]
[508, 20, -236]
[504, 15, -236]
[500, 9, -236]
[559, 58, -240]
[507, 9, -195]
[506, 70, -224]
[487, 53, -211]
[569, 163, -227]
[488, 34, -118]
[448, 197, -184]
[386, 59, -44]
[318, 143, -107]
[358, 118, -30]
[284, 137, -109]
[347, 126, -29]
[293, 115, -101]
[358, 131, -37]
[303, 115, -100]
[364, 134, -33]
[453, 286, -40]
[405, 214, 40]
[368, 249, 19]
[290, 184, 116]
[263, 294, 170]
[176, 211, 222]
[255, 303, 184]
[172, 229, 230]
[204, 299, 168]
[96, 196, 206]
[494, 43, -208]
[518, 33, -220]
[526, 38, -220]
[532, 45, -221]
[505, 19, -208]
[501, 13, -208]
[497, 8, -208]
[561, 61, -220]
[506, 9, -162]
[503, 70, -200]
[486, 52, -183]
[569, 170, -219]
[486, 36, -85]
[416, 181, -193]
[386, 54, -31]
[271, 117, -118]
[360, 109, -42]
[228, 109, -126]
[348, 116, -41]
[240, 89, -115]
[358, 116, -54]
[255, 90, -110]
[364, 120, -47]
[437, 304, -42]
[395, 231, 42]
[359, 286, 0]
[290, 204, 112]
[248, 335, 158]
[167, 254, 225]
[239, 347, 172]
[161, 276, 233]
[192, 340, 150]
[83, 243, 202]
[495, 42, -233]
[520, 32, -246]
[528, 37, -246]
[534, 44, -246]
[507, 18, -234]
[503, 12, -234]
[499, 7, -234]
[561, 60, -244]
[507, 8, -189]
[504, 69, -225]
[486, 52, -210]
[569, 172, -233]
[485, 36, -108]
[426, 188, -195]
[392, 63, -44]
[287, 133, -117]
[371, 118, -43]
[248, 127, -124]
[360, 127, -44]
[259, 106, -112]
[370, 124, -56]
[271, 106, -109]
[375, 128, -47]
[438, 304, -43]
[394, 229, 43]
[362, 288, -3]
[290, 204, 112]
[253, 343, 156]
[170, 263, 227]
[245, 355, 169]
[166, 284, 236]
[196, 354, 144]
[84, 261, 205]
[490, 42, -244]
[517, 32, -256]
[524, 37, -256]
[532, 44, -256]
[502, 17, -244]
[498, 12, -244]
[494, 6, -244]
[557, 60, -252]
[502, 8, -198]
[500, 71, -235]
[481, 53, -220]
[567, 188, -237]
[486, 37, -117]
[434, 203, -201]
[393, 60, -32]
[296, 153, -130]
[367, 103, -23]
[259, 153, -138]
[355, 110, -22]
[267, 131, -129]
[363, 111, -36]
[279, 130, -123]
[369, 117, -29]
[438, 313, -44]
[394, 232, 44]
[357, 295, 19]
[296, 202, 129]
[258, 353, 201]
[179, 270, 269]
[256, 366, 217]
[177, 292, 281]
[198, 366, 200]
[92, 274, 256]
[490, 42, -246]
[516, 31, -259]
[524, 37, -259]
[531, 43, -259]
[502, 17, -246]
[498, 11, -246]
[494, 6, -246]
[556, 60, -256]
[502, 8, -198]
[500, 71, -238]
[481, 52, -221]
[566, 186, -246]
[486, 37, -113]
[438, 209, -212]
[388, 54, -37]
[300, 164, -137]
[343, 86, -34]
[260, 162, -146]
[325, 92, -34]
[269, 140, -135]
[332, 91, -46]
[281, 139, -130]
[340, 99, -40]
[438, 316, -48]
[395, 234, 48]
[351, 312, 1]
[298, 224, 116]
[259, 391, 180]
[181, 320, 258]
[258, 407, 197]
[179, 345, 271]
[199, 410, 179]
[92, 331, 243]
[491, 41, -239]
[517, 30, -254]
[525, 36, -254]
[533, 42, -254]
[503, 14, -240]
[499, 8, -240]
[494, 2, -240]
[556, 60, -254]
[501, 5, -190]
[500, 70, -231]
[481, 52, -212]
[565, 185, -248]
[484, 38, -91]
[404, 196, -220]
[388, 54, -56]
[283, 116, -140]
[354, 86, -146]
[240, 106, -149]
[335, 94, -153]
[258, 87, -137]
[345, 92, -167]
[270, 89, -131]
[355, 99, -154]
[436, 316, -50]
[390, 236, 51]
[348, 334, -55]
[289, 247, 94]
[252, 422, 146]
[158, 340, 236]
[246, 440, 163]
[150, 364, 247]
[196, 441, 131]
[82, 350, 223]
[491, 39, -197]
[516, 27, -211]
[523, 32, -211]
[531, 38, -211]
[503, 14, -196]
[498, 8, -196]
[494, 2, -197]
[551, 54, -216]
[501, 5, -149]
[500, 68, -191]
[481, 52, -172]
[564, 184, -220]
[484, 47, -58]
[399, 197, -195]
[389, 74, -49]
[290, 113, -110]
[389, 106, -145]
[250, 100, -116]
[384, 116, -153]
[261, 81, -104]
[394, 106, -160]
[272, 84, -100]
[399, 109, -151]
[434, 321, -53]
[388, 248, 53]
[343, 331, -45]
[283, 253, 99]
[230, 414, 136]
[145, 340, 229]
[223, 433, 152]
[135, 364, 240]
[173, 425, 123]
[72, 342, 214]
[492, 39, -170]
[516, 27, -183]
[523, 33, -183]
[530, 38, -183]
[504, 15, -169]
[501, 10, -169]
[498, 6, -169]
[549, 54, -186]
[505, 12, -122]
[500, 68, -166]
[484, 52, -148]
[556, 183, -189]
[488, 58, -52]
[402, 178, -161]
[411, 114, -32]
[336, 54, -72]
[399, 123, -111]
[301, 49, -76]
[392, 129, -117]
[322, 31, -72]
[405, 121, -127]
[330, 39, -66]
[410, 125, -117]
[434, 323, -48]
[389, 255, 48]
[347, 264, -28]
[276, 247, 91]
[234, 330, 100]
[146, 264, 158]
[227, 353, 112]
[136, 289, 164]
[176, 321, 117]
[71, 229, 163]
[490, 39, -187]
[513, 27, -201]
[520, 32, -201]
[527, 37, -201]
[501, 15, -187]
[498, 10, -187]
[495, 6, -187]
[546, 54, -204]
[502, 11, -137]
[498, 68, -181]
[481, 51, -162]
[555, 173, -205]
[480, 59, -52]
[408, 185, -160]
[408, 120, -37]
[331, 91, -57]
[395, 139, -133]
[298, 81, -58]
[387, 151, -144]
[316, 63, -52]
[399, 140, -152]
[325, 68, -49]
[405, 142, -139]
[429, 327, -49]
[381, 264, 49]
[362, 269, -56]
[273, 235, 91]
[262, 353, 106]
[152, 292, 181]
[259, 376, 123]
[146, 319, 188]
[198, 373, 122]
[72, 280, 194]
[488, 40, -190]
[512, 29, -204]
[519, 34, -204]
[526, 39, -204]
[500, 16, -190]
[497, 12, -190]
[493, 7, -190]
[543, 55, -202]
[500, 12, -140]
[496, 69, -182]
[477, 47, -164]
[555, 171, -204]
[471, 58, -55]
[410, 190, -170]
[395, 114, -38]
[328, 106, -84]
[364, 129, -131]
[292, 97, -77]
[349, 139, -143]
[316, 77, -57]
[362, 132, -156]
[324, 80, -74]
[372, 135, -139]
[425, 329, -48]
[373, 264, 48]
[381, 269, -93]
[274, 229, 78]
[277, 356, 60]
[162, 298, 151]
[271, 378, 76]
[157, 326, 159]
[217, 379, 82]
[76, 288, 157]
[488, 44, -201]
[512, 31, -214]
[519, 35, -214]
[525, 40, -214]
[500, 21, -201]
[497, 17, -201]
[494, 13, -201]
[542, 55, -211]
[500, 18, -152]
[496, 69, -193]
[479, 52, -176]
[555, 171, -212]
[463, 58, -63]
[437, 236, -190]
[380, 113, -37]
[337, 167, -150]
[344, 124, -120]
[296, 160, -158]
[331, 134, -127]
[317, 137, -145]
[337, 125, -141]
[328, 137, -141]
[345, 125, -128]
[425, 327, -49]
[369, 260, 49]
[334, 358, -77]
[265, 301, 68]
[230, 470, 89]
[134, 414, 170]
[226, 492, 104]
[123, 436, 179]
[174, 489, 76]
[66, 434, 142]
[488, 42, -304]
[503, 43, -320]
[509, 49, -320]
[514, 70, -320]
[496, 29, -301]
[495, 24, -301]
[494, 19, -302]
[543, 89, -329]
[511, 25, -242]
[495, 69, -300]
[489, 45, -275]
[546, 202, -305]
[520, 60, -160]
[368, 162, -291]
[407, 70, -176]
[354, 60, -244]
[384, 62, -279]
[342, 37, -257]
[372, 58, -293]
[369, 28, -260]
[384, 60, -297]
[372, 36, -242]
[390, 70, -283]
[423, 305, -40]
[413, 205, 40]
[313, 271, -173]
[323, 118, -51]
[193, 247, -87]
[181, 142, -11]
[168, 251, -79]
[162, 167, -7]
[124, 187, -115]
[120, 92, -31]
[495, 42, -251]
[513, 50, -265]
[518, 57, -265]
[524, 70, -265]
[511, 29, -251]
[509, 24, -251]
[508, 19, -251]
[547, 96, -265]
[512, 31, -201]
[496, 68, -245]
[490, 44, -226]
[544, 204, -243]
[508, 59, -131]
[380, 184, -206]
[407, 69, -128]
[354, 91, -125]
[397, 67, -194]
[340, 73, -128]
[391, 67, -204]
[363, 63, -127]
[403, 69, -203]
[367, 69, -121]
[405, 78, -195]
[421, 297, -38]
[408, 209, 39]
[316, 224, -96]
[305, 135, 0]
[189, 229, -19]
[177, 162, 49]
[168, 243, -10]
[160, 185, 55]
[122, 182, -18]
[117, 125, 50]
[495, 46, -273]
[512, 60, -289]
[519, 67, -289]
[525, 74, -289]
[510, 32, -271]
[510, 25, -271]
[504, 28, -271]
[547, 98, -290]
[506, 33, -219]
[494, 89, -267]
[488, 48, -246]
[544, 203, -263]
[499, 58, -145]
[381, 179, -212]
[383, 61, -139]
[338, 94, -133]
[383, 74, -186]
[318, 81, -137]
[376, 78, -193]
[336, 68, -136]
[388, 79, -193]
[342, 72, -129]
[390, 85, -187]
[421, 293, -36]
[404, 211, 36]
[318, 239, -95]
[291, 165, 5]
[170, 213, -24]
[175, 168, 46]
[150, 221, -17]
[159, 187, 52]
[101, 156, -34]
[118, 129, 42]
[492, 50, -312]
[512, 67, -325]
[518, 74, -325]
[524, 80, -325]
[509, 35, -315]
[508, 29, -315]
[505, 27, -315]
[546, 101, -313]
[504, 36, -271]
[491, 97, -300]
[485, 51, -287]
[538, 204, -274]
[494, 58, -186]
[389, 191, -220]
[376, 59, -148]
[332, 122, -137]
[377, 87, -164]
[308, 111, -139]
[370, 94, -165]
[323, 96, -138]
[381, 94, -166]
[332, 98, -133]
[383, 99, -164]
[421, 289, -33]
[404, 211, 33]
[314, 245, -59]
[277, 187, 43]
[164, 207, 22]
[171, 184, 94]
[146, 213, 31]
[156, 199, 101]
[95, 148, 14]
[119, 148, 90]
[486, 55, -321]
[504, 75, -338]
[511, 82, -338]
[517, 87, -338]
[503, 40, -325]
[503, 36, -325]
[502, 30, -325]
[540, 102, -340]
[496, 45, -282]
[486, 103, -313]
[479, 58, -296]
[541, 209, -295]
[492, 60, -191]
[404, 193, -234]
[375, 62, -145]
[348, 109, -140]
[381, 105, -145]
[322, 93, -141]
[375, 116, -143]
[327, 79, -138]
[387, 115, -144]
[339, 84, -134]
[389, 117, -144]
[423, 291, -33]
[404, 212, 33]
[322, 246, -135]
[285, 171, -13]
[158, 207, -74]
[170, 175, 10]
[139, 212, -67]
[154, 193, 14]
[89, 144, -97]
[119, 135, -8]
[486, 58, -314]
[504, 74, -332]
[510, 81, -332]
[517, 87, -332]
[505, 43, -316]
[504, 39, -316]
[504, 35, -316]
[538, 103, -332]
[497, 49, -267]
[486, 101, -308]
[480, 61, -288]
[541, 217, -290]
[494, 64, -181]
[400, 194, -236]
[376, 65, -145]
[348, 105, -155]
[380, 101, -178]
[323, 88, -159]
[372, 108, -184]
[336, 75, -160]
[385, 108, -185]
[345, 81, -151]
[387, 112, -178]
[426, 292, -37]
[415, 212, 37]
[319, 216, -131]
[321, 119, -28]
[161, 190, -57]
[175, 157, 13]
[141, 201, -47]
[157, 180, 19]
[94, 124, -71]
[121, 125, -2]
[484, 58, -293]
[504, 72, -309]
[507, 82, -309]
[514, 87, -309]
[500, 45, -296]
[500, 41, -296]
[501, 35, -296]
[536, 103, -313]
[496, 52, -255]
[486, 103, -287]
[478, 62, -270]
[542, 218, -282]
[496, 67, -175]
[392, 193, -231]
[382, 76, -137]
[320, 102, -154]
[378, 105, -168]
[293, 88, -161]
[368, 114, -173]
[309, 74, -161]
[382, 113, -176]
[320, 79, -151]
[384, 117, -169]
[430, 292, -37]
[416, 216, 37]
[320, 229, -107]
[315, 134, -20]
[164, 201, -26]
[172, 161, 28]
[142, 210, -16]
[155, 181, 35]
[95, 137, -38]
[120, 128, 15]
[475, 60, -274]
[496, 74, -289]
[501, 81, -289]
[507, 87, -289]
[491, 46, -276]
[489, 42, -276]
[487, 47, -276]
[530, 103, -299]
[494, 52, -236]
[483, 102, -270]
[470, 65, -252]
[542, 219, -276]
[496, 69, -162]
[374, 189, -214]
[387, 90, -116]
[322, 101, -122]
[372, 109, -144]
[300, 84, -127]
[362, 113, -151]
[320, 71, -130]
[374, 112, -154]
[328, 77, -120]
[378, 117, -146]
[433, 293, -37]
[420, 217, 37]
[320, 234, -55]
[303, 156, 51]
[164, 202, 48]
[170, 166, 125]
[144, 214, 60]
[154, 184, 133]
[97, 138, 49]
[119, 130, 128]
[477, 62, -263]
[496, 72, -277]
[500, 76, -277]
[504, 78, -277]
[492, 49, -267]
[490, 45, -267]
[488, 45, -267]
[520, 95, -278]
[495, 53, -228]
[483, 97, -256]
[472, 71, -241]
[513, 195, -248]
[497, 84, -156]
[362, 192, -173]
[411, 110, -45]
[332, 99, -75]
[373, 109, -4]
[320, 81, -79]
[365, 109, -5]
[346, 70, -84]
[375, 109, -11]
[352, 75, -74]
[378, 114, -6]
[433, 286, -37]
[420, 221, 38]
[321, 199, 62]
[303, 169, 136]
[184, 199, 197]
[184, 175, 263]
[165, 216, 213]
[169, 191, 278]
[132, 133, 220]
[137, 132, 282]
[481, 57, -273]
[501, 65, -288]
[502, 74, -288]
[505, 77, -288]
[493, 48, -276]
[506, 38, -276]
[490, 44, -276]
[523, 95, -291]
[499, 52, -233]
[483, 80, -267]
[474, 58, -250]
[502, 184, -255]
[499, 82, -157]
[346, 181, -204]
[408, 102, -93]
[295, 94, -119]
[354, 93, -107]
[273, 79, -125]
[342, 85, -114]
[294, 68, -127]
[345, 83, -120]
[303, 72, -117]
[348, 93, -110]
[424, 280, -38]
[420, 218, 38]
[319, 190, -20]
[308, 161, 74]
[179, 201, 84]
[186, 176, 165]
[158, 217, 96]
[171, 195, 176]
[130, 138, 94]
[135, 137, 182]
[487, 53, -247]
[502, 54, -264]
[502, 59, -264]
[506, 61, -264]
[502, 47, -252]
[509, 39, -252]
[505, 42, -252]
[516, 83, -273]
[516, 55, -217]
[487, 69, -243]
[483, 59, -227]
[479, 181, -253]
[517, 104, -150]
[309, 186, -185]
[439, 143, -75]
[309, 97, -99]
[380, 112, -74]
[292, 78, -108]
[372, 104, -78]
[329, 71, -112]
[365, 97, -85]
[331, 77, -98]
[365, 106, -76]
[412, 281, -37]
[419, 230, 37]
[293, 203, 75]
[303, 202, 149]
[164, 222, 214]
[185, 209, 291]
[148, 242, 232]
[170, 225, 308]
[118, 162, 242]
[136, 164, 317]
[497, 53, -244]
[515, 53, -259]
[505, 58, -259]
[506, 61, -259]
[524, 47, -248]
[516, 44, -248]
[518, 44, -248]
[513, 83, -262]
[528, 63, -213]
[491, 70, -238]
[494, 61, -224]
[471, 181, -239]
[523, 111, -144]
[317, 170, -166]
[447, 151, -44]
[315, 96, -92]
[393, 122, -19]
[319, 78, -104]
[390, 113, -23]
[355, 70, -109]
[383, 107, -29]
[356, 76, -92]
[381, 114, -21]
[406, 281, -38]
[419, 234, 38]
[295, 209, 86]
[326, 196, 177]
[176, 221, 252]
[222, 205, 340]
[166, 240, 272]
[208, 220, 358]
[131, 161, 275]
[175, 163, 361]
[511, 56, -243]
[519, 55, -257]
[513, 59, -257]
[512, 63, -257]
[528, 54, -248]
[528, 54, -248]
[531, 55, -248]
[513, 84, -260]
[536, 77, -221]
[501, 72, -238]
[507, 69, -227]
[461, 177, -228]
[529, 129, -152]
[324, 185, -154]
[463, 175, -51]
[341, 96, -84]
[438, 142, 1]
[343, 72, -96]
[442, 135, 0]
[375, 70, -99]
[438, 125, -5]
[377, 75, -84]
[434, 130, 1]
[395, 281, -34]
[424, 242, 34]
[276, 213, 106]
[394, 196, 193]
[174, 222, 276]
[346, 219, 375]
[165, 239, 296]
[338, 234, 396]
[128, 170, 304]
[317, 185, 413]
[504, 60, -240]
[509, 59, -255]
[506, 62, -255]
[505, 64, -255]
[518, 57, -245]
[521, 56, -245]
[529, 55, -245]
[508, 85, -256]
[532, 73, -212]
[493, 72, -233]
[503, 72, -220]
[470, 179, -228]
[527, 115, -143]
[326, 175, -155]
[447, 149, -51]
[340, 104, -79]
[413, 120, -30]
[338, 80, -87]
[419, 107, -33]
[369, 77, -91]
[404, 99, -40]
[372, 83, -78]
[400, 107, -32]
[398, 282, -33]
[413, 239, 33]
[285, 237, 81]
[323, 222, 149]
[182, 253, 219]
[235, 228, 285]
[174, 268, 235]
[220, 240, 301]
[131, 214, 239]
[191, 192, 301]
[481, 80, -282]
[499, 78, -300]
[501, 83, -300]
[504, 88, -300]
[495, 66, -288]
[494, 62, -288]
[495, 58, -288]
[509, 105, -303]
[503, 69, -252]
[488, 97, -275]
[475, 87, -261]
[477, 191, -270]
[502, 110, -177]
[331, 218, -219]
[420, 140, -138]
[341, 118, -146]
[395, 113, -167]
[337, 95, -149]
[392, 99, -173]
[365, 87, -149]
[391, 93, -176]
[368, 93, -142]
[392, 103, -169]
[401, 289, -31]
[401, 239, 31]
[291, 263, 43]
[279, 216, 126]
[181, 281, 131]
[178, 234, 189]
[171, 295, 141]
[168, 248, 199]
[125, 244, 151]
[121, 210, 214]
[479, 82, -242]
[493, 80, -257]
[496, 84, -257]
[498, 88, -257]
[491, 71, -247]
[491, 68, -247]
[492, 64, -247]
[508, 104, -268]
[502, 73, -222]
[485, 100, -241]
[476, 91, -227]
[483, 192, -244]
[503, 108, -160]
[333, 208, -176]
[428, 146, -70]
[340, 136, -84]
[395, 126, -20]
[335, 115, -84]
[391, 120, -12]
[363, 106, -85]
[392, 112, -17]
[366, 112, -81]
[393, 119, -20]
[409, 290, -31]
[407, 236, 31]
[287, 267, 43]
[277, 210, 116]
[151, 267, 131]
[156, 215, 197]
[136, 280, 141]
[138, 223, 208]
[92, 220, 141]
[109, 168, 212]
[480, 80, -194]
[489, 78, -211]
[490, 81, -211]
[490, 86, -211]
[492, 71, -202]
[493, 69, -202]
[494, 67, -202]
[495, 103, -235]
[503, 79, -195]
[483, 99, -196]
[477, 90, -185]
[466, 180, -215]
[530, 123, -134]
[335, 183, -147]
[484, 160, -32]
[346, 128, -49]
[449, 131, 43]
[341, 107, -47]
[446, 127, 56]
[370, 101, -46]
[442, 118, 49]
[374, 108, -45]
[440, 124, 43]
[407, 287, -32]
[417, 245, 32]
[289, 247, 26]
[286, 219, 99]
[153, 258, 91]
[169, 225, 167]
[138, 271, 101]
[153, 237, 175]
[95, 211, 103]
[121, 186, 177]
[478, 92, -199]
[484, 88, -217]
[485, 91, -217]
[485, 93, -217]
[488, 84, -209]
[489, 83, -209]
[491, 81, -209]
[491, 105, -235]
[501, 89, -200]
[483, 104, -199]
[478, 101, -189]
[468, 181, -206]
[528, 127, -137]
[335, 193, -135]
[478, 171, -36]
[345, 140, -51]
[450, 140, 33]
[339, 120, -50]
[448, 138, 43]
[369, 115, -51]
[446, 127, 37]
[373, 121, -48]
[444, 131, 32]
[407, 286, -30]
[419, 246, 30]
[288, 249, 25]
[281, 232, 84]
[149, 258, 93]
[153, 233, 152]
[132, 271, 101]
[134, 245, 161]
[92, 215, 99]
[105, 194, 156]
[470, 115, -250]
[479, 108, -271]
[482, 109, -271]
[484, 111, -271]
[476, 102, -268]
[475, 99, -268]
[474, 96, -268]
[495, 114, -286]
[482, 94, -270]
[477, 126, -247]
[469, 118, -244]
[483, 176, -245]
[503, 121, -189]
[365, 210, -152]
[473, 166, -79]
[358, 140, -71]
[438, 145, -9]
[347, 123, -75]
[435, 146, 0]
[372, 115, -76]
[436, 133, -7]
[377, 120, -69]
[438, 136, -9]
[409, 276, -28]
[414, 244, 28]
[288, 237, 53]
[283, 224, 106]
[150, 247, 139]
[158, 226, 185]
[134, 261, 149]
[141, 239, 191]
[93, 201, 140]
[107, 187, 159]
[468, 105, -237]
[474, 101, -255]
[476, 103, -255]
[476, 105, -255]
[475, 96, -255]
[476, 94, -255]
[477, 91, -255]
[483, 111, -261]
[485, 93, -250]
[470, 117, -231]
[469, 110, -231]
[464, 158, -223]
[505, 122, -183]
[362, 201, -143]
[479, 178, -64]
[355, 130, -56]
[477, 165, 16]
[346, 114, -54]
[480, 170, 28]
[371, 111, -53]
[478, 154, 23]
[377, 117, -53]
[476, 154, 17]
[394, 265, -29]
[409, 242, 29]
[274, 230, 46]
[285, 224, 105]
[139, 228, 136]
[155, 223, 186]
[124, 240, 146]
[136, 238, 194]
[81, 180, 142]
[105, 182, 164]
[483, 99, -303]
[482, 97, -319]
[481, 99, -319]
[479, 101, -319]
[486, 94, -320]
[487, 93, -320]
[488, 91, -320]
[488, 104, -303]
[485, 92, -308]
[478, 113, -287]
[481, 105, -289]
[464, 120, -236]
[479, 115, -211]
[370, 179, -148]
[463, 179, -91]
[362, 135, -65]
[464, 184, 4]
[355, 121, -64]
[471, 191, 16]
[373, 118, -59]
[469, 174, 13]
[378, 122, -59]
[467, 172, 7]
[384, 237, -14]
[381, 230, 14]
[329, 231, 134]
[296, 238, 134]
[281, 246, 304]
[196, 222, 292]
[283, 250, 323]
[186, 228, 309]
[246, 247, 313]
[155, 202, 284]
[512, 79, -342]
[503, 94, -354]
[496, 97, -354]
[487, 101, -354]
[522, 92, -355]
[526, 92, -356]
[531, 92, -356]
[478, 103, -318]
[525, 105, -325]
[490, 74, -319]
[508, 75, -321]
[397, 105, -240]
[484, 119, -220]
[285, 143, -132]
[461, 195, -98]
[346, 119, -52]
[471, 169, -3]
[352, 119, -52]
[487, 172, 11]
[372, 112, -56]
[477, 157, 7]
[377, 117, -51]
[469, 157, 0]
[339, 209, -18]
[381, 218, 18]
[272, 212, 152]
[326, 233, 187]
[227, 229, 353]
[243, 210, 389]
[218, 239, 376]
[226, 216, 413]
[188, 203, 386]
[224, 161, 429]
[508, 77, -299]
[504, 93, -314]
[499, 93, -314]
[492, 94, -314]
[516, 89, -311]
[518, 89, -311]
[520, 88, -311]
[481, 87, -288]
[520, 105, -302]
[490, 70, -290]
[502, 70, -283]
[422, 65, -220]
[452, 92, -201]
[327, 126, -114]
[405, 184, -94]
[381, 116, -43]
[462, 170, 12]
[389, 115, -43]
[466, 178, 24]
[405, 109, -43]
[461, 157, 22]
[405, 115, -40]
[457, 154, 15]
[325, 191, -15]
[345, 204, 15]
[248, 212, 142]
[317, 237, 170]
[210, 230, 330]
[238, 241, 353]
[203, 240, 351]
[230, 242, 373]
[166, 216, 340]
[208, 225, 365]
[523, 79, -305]
[516, 105, -312]
[510, 106, -313]
[502, 107, -313]
[529, 103, -316]
[532, 103, -317]
[535, 103, -317]
[481, 103, -282]
[522, 109, -302]
[497, 71, -286]
[511, 59, -292]
[404, 80, -222]
[459, 85, -195]
[331, 127, -114]
[414, 148, -76]
[385, 114, -52]
[457, 138, 32]
[396, 115, -56]
[471, 144, 47]
[414, 107, -56]
[463, 125, 40]
[413, 113, -50]
[457, 120, 34]
[306, 188, -16]
[342, 195, 16]
[221, 207, 137]
[313, 236, 193]
[170, 228, 319]
[243, 240, 383]
[172, 237, 340]
[235, 247, 406]
[135, 212, 340]
[213, 217, 416]
[537, 79, -297]
[528, 102, -299]
[521, 103, -299]
[514, 104, -299]
[541, 104, -313]
[543, 105, -313]
[546, 107, -313]
[483, 104, -269]
[528, 117, -289]
[510, 70, -275]
[526, 65, -286]
[406, 86, -210]
[465, 97, -191]
[332, 136, -93]
[411, 183, -70]
[383, 114, -34]
[454, 175, 37]
[393, 112, -42]
[464, 179, 51]
[412, 108, -43]
[458, 160, 42]
[412, 113, -33]
[453, 154, 38]
[311, 196, -16]
[348, 200, 16]
[243, 195, 140]
[370, 201, 204]
[197, 205, 337]
[312, 210, 412]
[201, 208, 360]
[304, 217, 436]
[174, 189, 359]
[291, 188, 451]
[539, 125, -326]
[527, 141, -335]
[522, 139, -335]
[517, 137, -335]
[538, 150, -342]
[540, 153, -342]
[542, 157, -342]
[485, 127, -299]
[525, 160, -329]
[516, 107, -304]
[530, 115, -313]
[419, 75, -212]
[448, 155, -222]
[347, 90, -97]
[398, 223, -89]
[394, 84, -30]
[460, 222, 23]
[401, 75, -35]
[478, 232, 39]
[415, 83, -39]
[477, 207, 32]
[416, 89, -30]
[472, 197, 23]
[328, 174, -1]
[342, 202, 1]
[321, 167, 161]
[355, 202, 176]
[317, 176, 371]
[293, 198, 368]
[319, 178, 394]
[284, 194, 391]
[323, 179, 393]
[283, 187, 386]
[533, 126, -309]
[525, 139, -320]
[521, 137, -320]
[516, 135, -320]
[534, 145, -324]
[535, 147, -325]
[537, 149, -325]
[489, 127, -296]
[525, 152, -309]
[515, 113, -290]
[526, 119, -295]
[421, 81, -211]
[458, 153, -208]
[349, 103, -93]
[395, 228, -86]
[391, 91, -24]
[433, 218, 14]
[391, 80, -25]
[448, 224, 27]
[396, 86, -25]
[444, 202, 20]
[401, 91, -22]
[442, 195, 16]
[334, 185, -4]
[348, 207, 5]
[322, 172, 151]
[364, 204, 174]
[295, 172, 360]
[308, 199, 375]
[295, 174, 383]
[300, 197, 397]
[291, 169, 384]
[297, 188, 398]
[531, 172, -337]
[522, 177, -345]
[521, 177, -345]
[521, 177, -345]
[528, 174, -351]
[526, 172, -351]
[523, 171, -351]
[510, 164, -305]
[510, 156, -328]
[512, 164, -313]
[513, 159, -320]
[477, 104, -230]
[408, 142, -219]
[388, 113, -99]
[304, 205, -111]
[385, 102, -60]
[284, 202, -43]
[386, 96, -71]
[279, 205, -44]
[393, 98, -73]
[283, 190, -53]
[394, 100, -60]
[292, 186, -45]
[336, 194, 0]
[317, 204, 0]
[335, 179, 174]
[350, 202, 185]
[327, 183, 383]
[302, 194, 382]
[333, 184, 405]
[301, 187, 402]
[311, 177, 398]
[279, 199, 392]
[527, 161, -359]
[523, 169, -367]
[522, 169, -367]
[521, 169, -367]
[527, 169, -373]
[525, 169, -373]
[524, 168, -373]
[508, 157, -316]
[510, 158, -344]
[510, 149, -332]
[512, 147, -340]
[468, 104, -240]
[409, 143, -226]
[375, 95, -109]
[315, 198, -102]
[384, 81, -55]
[320, 197, -27]
[386, 71, -70]
[324, 204, -21]
[396, 80, -70]
[325, 189, -28]
[396, 83, -56]
[329, 182, -27]
[335, 187, 2]
[316, 205, -2]
[327, 168, 176]
[346, 203, 180]
[292, 178, 381]
[285, 194, 375]
[290, 181, 404]
[279, 189, 397]
[284, 174, 405]
[267, 199, 396]
[501, 161, -390]
[508, 172, -396]
[506, 175, -396]
[505, 178, -396]
[512, 165, -403]
[513, 161, -404]
[513, 159, -404]
[496, 168, -332]
[505, 148, -369]
[483, 151, -358]
[489, 141, -368]
[448, 138, -258]
[421, 117, -239]
[305, 141, -150]
[317, 151, -118]
[268, 148, -94]
[288, 151, -35]
[259, 150, -109]
[290, 154, -29]
[271, 148, -112]
[285, 145, -39]
[276, 144, -95]
[288, 143, -36]
[325, 195, -1]
[311, 204, 1]
[319, 175, 191]
[343, 201, 207]
[287, 184, 413]
[292, 184, 421]
[286, 188, 436]
[288, 180, 445]
[275, 175, 435]
[277, 181, 445]
[482, 151, -409]
[485, 170, -414]
[480, 174, -414]
[474, 178, -414]
[502, 160, -420]
[507, 157, -420]
[511, 154, -420]
[465, 186, -343]
[506, 147, -376]
[458, 143, -373]
[477, 133, -382]
[375, 160, -275]
[468, 113, -237]
[228, 191, -215]
[382, 127, -116]
[128, 194, -200]
[352, 96, -34]
[114, 202, -224]
[390, 95, -23]
[93, 217, -223]
[353, 75, -33]
[110, 211, -201]
[298, 76, -34]
[298, 222, -16]
[318, 209, 16]
[233, 213, 169]
[340, 206, 221]
[207, 238, 395]
[284, 215, 448]
[214, 251, 420]
[278, 222, 475]
[178, 209, 423]
[266, 189, 487]
[473, 166, -421]
[481, 181, -425]
[477, 186, -425]
[474, 191, -425]
[493, 167, -435]
[498, 162, -435]
[502, 157, -435]
[464, 188, -350]
[502, 145, -398]
[453, 160, -383]
[467, 143, -397]
[393, 174, -282]
[468, 109, -247]
[244, 193, -194]
[376, 117, -113]
[174, 204, -150]
[349, 105, -31]
[159, 212, -166]
[365, 109, -17]
[170, 209, -168]
[348, 91, -25]
[179, 202, -150]
[334, 91, -34]
[299, 234, -18]
[322, 209, 18]
[203, 256, 177]
[323, 212, 247]
[141, 282, 395]
[277, 223, 467]
[140, 297, 419]
[272, 231, 493]
[101, 255, 418]
[255, 198, 511]
[477, 156, -398]
[483, 170, -407]
[480, 173, -407]
[476, 177, -407]
[494, 160, -413]
[498, 156, -413]
[502, 152, -413]
[469, 174, -351]
[503, 143, -383]
[461, 150, -367]
[473, 138, -376]
[402, 160, -270]
[473, 108, -249]
[267, 187, -174]
[409, 132, -111]
[207, 183, -108]
[443, 123, 25]
[211, 181, -106]
[469, 126, 46]
[245, 180, -103]
[458, 110, 50]
[247, 177, -104]
[447, 108, 33]
[309, 232, -21]
[323, 211, 21]
[236, 244, 188]
[316, 215, 235]
[183, 259, 413]
[266, 228, 460]
[178, 270, 437]
[262, 235, 486]
[152, 234, 431]
[234, 205, 488]
[475, 166, -446]
[476, 180, -454]
[472, 182, -454]
[469, 184, -454]
[488, 176, -462]
[492, 173, -462]
[496, 171, -462]
[458, 178, -389]
[499, 165, -426]
[460, 156, -410]
[473, 148, -421]
[405, 157, -292]
[470, 133, -271]
[283, 188, -171]
[403, 144, -117]
[250, 198, -102]
[420, 131, 11]
[249, 202, -99]
[437, 143, 30]
[267, 202, -98]
[428, 126, 27]
[272, 198, -97]
[422, 121, 16]
[314, 230, -21]
[336, 219, 21]
[226, 253, 194]
[323, 224, 247]
[114, 273, 431]
[261, 235, 483]
[133, 291, 457]
[251, 242, 510]
[106, 257, 454]
[235, 209, 520]
[474, 169, -433]
[479, 176, -445]
[477, 178, -445]
[474, 180, -445]
[485, 170, -450]
[487, 168, -450]
[489, 165, -450]
[469, 173, -396]
[492, 157, -418]
[464, 164, -403]
[471, 157, -410]
[451, 165, -306]
[455, 132, -282]
[322, 224, -196]
[351, 180, -154]
[264, 228, -115]
[289, 193, -63]
[257, 227, -121]
[281, 196, -59]
[265, 223, -119]
[275, 193, -65]
[271, 220, -112]
[282, 192, -63]
[352, 232, -20]
[349, 219, 20]
[294, 245, 228]
[348, 220, 267]
[231, 244, 498]
[284, 222, 525]
[234, 260, 527]
[278, 230, 552]
[198, 218, 518]
[249, 193, 544]
[475, 220, -425]
[481, 215, -438]
[484, 216, -438]
[489, 218, -438]
[481, 208, -443]
[479, 204, -443]
[477, 200, -443]
[500, 203, -391]
[477, 177, -416]
[465, 216, -396]
[468, 208, -403]
[511, 187, -303]
[406, 140, -293]
[406, 210, -182]
[294, 177, -182]
[334, 203, -112]
[232, 231, -98]
[325, 200, -121]
[214, 235, -102]
[326, 197, -119]
[218, 240, -107]
[328, 195, -109]
[232, 239, -99]
[387, 230, -4]
[347, 207, 4]
[373, 223, 230]
[347, 211, 242]
[339, 202, 479]
[297, 188, 476]
[342, 201, 506]
[299, 179, 502]
[315, 204, 496]
[262, 193, 492]
[461, 257, -509]
[483, 248, -527]
[487, 253, -527]
[497, 257, -527]
[469, 231, -535]
[465, 223, -535]
[460, 215, -536]
[524, 239, -481]
[465, 179, -519]
[466, 258, -477]
[451, 238, -488]
[554, 231, -369]
[408, 137, -394]
[440, 259, -217]
[307, 176, -246]
[351, 225, -109]
[273, 234, -104]
[331, 222, -120]
[260, 246, -103]
[336, 210, -111]
[268, 250, -106]
[341, 207, -106]
[280, 247, -102]
[425, 243, 5]
[353, 199, -5]
[374, 251, 289]
[314, 215, 261]
[327, 218, 559]
[291, 190, 512]
[326, 211, 589]
[290, 191, 540]
[297, 239, 569]
[261, 232, 510]
[465, 276, -487]
[497, 265, -503]
[507, 268, -503]
[517, 270, -503]
[475, 253, -511]
[473, 247, -511]
[469, 241, -511]
[541, 251, -459]
[471, 208, -495]
[476, 275, -457]
[458, 261, -467]
[555, 227, -344]
[393, 167, -370]
[481, 237, -202]
[290, 194, -243]
[431, 216, -55]
[297, 262, -135]
[423, 211, -52]
[294, 280, -134]
[426, 208, -45]
[302, 275, -138]
[427, 206, -49]
[308, 267, -134]
[407, 244, 15]
[337, 206, -15]
[401, 270, 252]
[315, 256, 224]
[340, 219, 501]
[287, 193, 462]
[336, 214, 529]
[284, 193, 490]
[313, 238, 520]
[257, 238, 460]
[461, 296, -513]
[494, 293, -528]
[506, 297, -528]
[512, 302, -528]
[473, 274, -537]
[469, 266, -537]
[466, 258, -537]
[531, 286, -479]
[471, 221, -518]
[469, 295, -480]
[450, 275, -492]
[548, 271, -368]
[395, 159, -394]
[452, 284, -209]
[284, 188, -295]
[385, 245, -71]
[217, 250, -214]
[373, 239, -72]
[194, 256, -222]
[378, 231, -69]
[199, 265, -228]
[381, 228, -68]
[215, 266, -216]
[421, 260, 8]
[340, 206, -8]
[417, 274, 253]
[319, 244, 226]
[359, 221, 503]
[295, 192, 474]
[357, 214, 531]
[302, 182, 502]
[324, 237, 525]
[257, 235, 490]
[464, 284, -494]
[494, 282, -508]
[504, 288, -508]
[509, 294, -508]
[476, 261, -518]
[473, 252, -518]
[470, 243, -518]
[527, 281, -460]
[474, 208, -504]
[468, 286, -462]
[453, 262, -475]
[535, 288, -365]
[405, 155, -388]
[398, 331, -263]
[276, 195, -294]
[237, 307, -206]
[196, 244, -225]
[207, 313, -221]
[174, 245, -240]
[208, 291, -220]
[179, 252, -248]
[219, 282, -205]
[193, 255, -228]
[413, 277, 5]
[345, 207, -5]
[389, 271, 271]
[349, 239, 238]
[327, 228, 545]
[292, 194, 504]
[324, 216, 574]
[295, 187, 533]
[297, 246, 554]
[256, 239, 511]
[450, 293, -544]
[480, 295, -556]
[487, 302, -556]
[492, 309, -556]
[467, 270, -568]
[465, 260, -568]
[463, 250, -568]
[518, 297, -497]
[471, 212, -551]
[450, 293, -508]
[440, 266, -524]
[520, 312, -399]
[407, 140, -399]
[348, 351, -336]
[284, 176, -280]
[141, 322, -329]
[209, 236, -203]
[143, 358, -354]
[192, 227, -211]
[99, 311, -358]
[193, 246, -221]
[118, 305, -331]
[204, 242, -205]
[424, 276, 5]
[361, 197, -4]
[379, 277, 253]
[346, 226, 225]
[318, 240, 507]
[290, 198, 457]
[316, 228, 535]
[293, 195, 481]
[281, 252, 482]
[251, 235, 435]
[448, 296, -577]
[478, 302, -590]
[484, 309, -590]
[489, 317, -591]
[467, 276, -601]
[465, 266, -602]
[464, 256, -602]
[517, 306, -534]
[473, 217, -585]
[448, 294, -540]
[440, 267, -555]
[515, 305, -440]
[413, 128, -413]
[326, 331, -401]
[296, 154, -290]
[112, 328, -416]
[241, 218, -204]
[107, 355, -443]
[230, 219, -204]
[74, 316, -443]
[231, 228, -213]
[87, 311, -417]
[239, 229, -205]
[419, 272, 4]
[360, 189, -4]
[372, 323, 141]
[295, 246, 156]
[312, 291, 403]
[269, 254, 381]
[308, 280, 429]
[280, 253, 405]
[250, 313, 375]
[221, 293, 354]
