[458, 164, -349]
[470, 149, -334]
[475, 149, -334]
[480, 150, -334]
[453, 148, -330]
[449, 148, -330]
[445, 149, -330]
[499, 161, -270]
[446, 160, -249]
[475, 189, -328]
[454, 183, -321]
[556, 275, -249]
[426, 277, -209]
[594, 405, -279]
[410, 410, -221]
[568, 527, -319]
[376, 512, -272]
[570, 560, -350]
[361, 540, -296]
[543, 558, -359]
[374, 541, -319]
[549, 536, -324]
[391, 532, -284]
[536, 413, -14]
[459, 400, 14]
[520, 502, -211]
[472, 473, -100]
[527, 555, 19]
[480, 546, 66]
[530, 564, 38]
[491, 561, 81]
[521, 592, -6]
[462, 579, 32]
[454, 173, -260]
[469, 156, -252]
[475, 156, -252]
[481, 158, -252]
[449, 156, -243]
[444, 156, -243]
[440, 157, -243]
[501, 168, -212]
[444, 169, -242]
[471, 194, -246]
[448, 192, -234]
[566, 287, -213]
[423, 283, -123]
[599, 414, -240]
[411, 411, -108]
[569, 536, -264]
[378, 512, -169]
[569, 571, -292]
[365, 537, -188]
[550, 568, -296]
[374, 538, -214]
[549, 550, -267]
[379, 526, -183]
[546, 459, -28]
[462, 460, 28]
[530, 578, -89]
[471, 556, -13]
[547, 645, 138]
[488, 643, 184]
[552, 651, 170]
[500, 658, 201]
[545, 700, 124]
[462, 693, 141]
[452, 170, -270]
[467, 156, -266]
[475, 156, -266]
[481, 157, -266]
[448, 155, -251]
[444, 154, -251]
[441, 155, -251]
[501, 167, -224]
[444, 167, -185]
[471, 193, -255]
[448, 191, -235]
[571, 283, -214]
[420, 288, -83]
[605, 417, -216]
[405, 418, -28]
[570, 539, -258]
[372, 517, -106]
[572, 577, -291]
[363, 540, -124]
[554, 574, -299]
[364, 539, -155]
[551, 556, -262]
[374, 530, -121]
[534, 501, -41]
[456, 495, 42]
[523, 650, -20]
[454, 640, 160]
[523, 768, 315]
[481, 764, 386]
[530, 788, 337]
[465, 786, 407]
[516, 820, 241]
[445, 817, 306]
[451, 171, -261]
[465, 156, -257]
[474, 156, -257]
[481, 156, -257]
[449, 156, -240]
[445, 156, -240]
[442, 156, -240]
[500, 165, -209]
[445, 165, -133]
[469, 192, -242]
[448, 190, -219]
[570, 284, -203]
[419, 281, -20]
[606, 417, -210]
[402, 405, 53]
[570, 540, -267]
[370, 509, -48]
[577, 580, -306]
[363, 534, -63]
[554, 574, -316]
[367, 530, -100]
[549, 552, -271]
[372, 526, -66]
[520, 515, -60]
[439, 504, 60]
[511, 693, -48]
[425, 672, 140]
[503, 823, 219]
[432, 812, 362]
[509, 846, 236]
[438, 837, 381]
[487, 871, 156]
[405, 859, 270]
[452, 176, -260]
[465, 160, -258]
[474, 160, -258]
[481, 160, -258]
[450, 161, -240]
[446, 162, -240]
[443, 162, -240]
[500, 168, -203]
[446, 169, -121]
[469, 197, -239]
[450, 196, -215]
[574, 287, -198]
[418, 285, -4]
[604, 423, -208]
[399, 412, 69]
[566, 541, -273]
[366, 516, -44]
[568, 579, -314]
[350, 543, -61]
[546, 571, -326]
[357, 537, -99]
[543, 553, -278]
[361, 533, -62]
[520, 527, -67]
[431, 511, 68]
[510, 711, -39]
[406, 684, 148]
[491, 854, 194]
[403, 837, 350]
[494, 880, 206]
[410, 864, 365]
[464, 899, 82]
[379, 882, 243]
[455, 178, -278]
[465, 162, -274]
[475, 161, -274]
[483, 161, -274]
[452, 163, -257]
[448, 164, -257]
[445, 164, -257]
[503, 168, -210]
[449, 170, -129]
[470, 198, -253]
[452, 198, -230]
[576, 284, -208]
[417, 290, 0]
[608, 426, -227]
[399, 427, 68]
[565, 549, -304]
[363, 530, -54]
[565, 590, -348]
[346, 563, -69]
[548, 587, -358]
[350, 555, -111]
[542, 559, -308]
[360, 543, -73]
[527, 535, -75]
[429, 518, 76]
[506, 719, -83]
[401, 696, 141]
[486, 864, 132]
[398, 850, 339]
[487, 887, 146]
[404, 875, 353]
[460, 909, 15]
[373, 894, 230]
[455, 182, -269]
[466, 165, -266]
[475, 164, -267]
[484, 164, -267]
[452, 165, -248]
[449, 166, -248]
[445, 166, -249]
[505, 170, -207]
[451, 171, -122]
[471, 202, -245]
[453, 201, -221]
[577, 284, -200]
[418, 285, 9]
[606, 427, -219]
[398, 419, 82]
[561, 547, -304]
[362, 519, -45]
[563, 597, -348]
[351, 547, -61]
[544, 585, -359]
[352, 538, -104]
[539, 559, -309]
[361, 533, -65]
[522, 539, -72]
[425, 519, 72]
[504, 731, -107]
[400, 710, 83]
[484, 880, 136]
[395, 867, 257]
[487, 902, 152]
[400, 891, 270]
[459, 927, 31]
[374, 914, 147]
[456, 183, -269]
[466, 165, -265]
[475, 165, -265]
[484, 165, -265]
[452, 166, -248]
[448, 166, -248]
[445, 167, -248]
[506, 171, -202]
[452, 172, -121]
[471, 202, -244]
[453, 202, -221]
[580, 282, -193]
[419, 286, 5]
[608, 430, -211]
[395, 424, 70]
[556, 548, -299]
[355, 521, -61]
[562, 602, -343]
[342, 549, -79]
[534, 590, -353]
[345, 539, -120]
[532, 572, -304]
[355, 527, -80]
[524, 540, -70]
[426, 523, 70]
[502, 740, -90]
[400, 716, 86]
[483, 893, 140]
[394, 876, 256]
[487, 915, 155]
[398, 901, 267]
[456, 941, 31]
[372, 926, 140]
[456, 186, -256]
[466, 167, -252]
[476, 166, -253]
[485, 166, -253]
[452, 169, -237]
[448, 170, -237]
[444, 171, -237]
[509, 171, -189]
[452, 175, -106]
[472, 203, -231]
[454, 204, -210]
[580, 280, -191]
[420, 287, 21]
[607, 427, -217]
[397, 422, 86]
[553, 547, -311]
[354, 518, -48]
[558, 593, -360]
[336, 541, -68]
[530, 580, -371]
[339, 533, -111]
[525, 558, -317]
[352, 531, -69]
[530, 542, -78]
[428, 532, 78]
[514, 747, -67]
[410, 724, 142]
[506, 906, 143]
[402, 892, 328]
[515, 931, 161]
[413, 921, 342]
[470, 956, 42]
[389, 939, 212]
[457, 190, -267]
[467, 170, -264]
[476, 169, -264]
[486, 168, -264]
[452, 173, -247]
[448, 174, -247]
[444, 174, -247]
[510, 172, -195]
[452, 178, -113]
[473, 206, -240]
[454, 208, -216]
[584, 281, -192]
[421, 290, 15]
[609, 429, -220]
[396, 424, 68]
[551, 541, -316]
[353, 516, -77]
[549, 574, -364]
[334, 539, -96]
[523, 566, -371]
[334, 535, -114]
[522, 547, -320]
[345, 528, -93]
[532, 542, -77]
[429, 531, 78]
[512, 747, -73]
[414, 729, 118]
[503, 909, 145]
[404, 897, 284]
[511, 934, 160]
[416, 923, 296]
[470, 958, 30]
[393, 946, 165]
[457, 193, -264]
[468, 173, -260]
[479, 171, -260]
[489, 170, -260]
[453, 176, -245]
[449, 177, -245]
[445, 178, -245]
[512, 173, -188]
[452, 181, -114]
[476, 208, -235]
[455, 210, -214]
[583, 280, -174]
[420, 289, -2]
[609, 424, -192]
[394, 420, 53]
[550, 535, -277]
[355, 509, -86]
[548, 568, -320]
[338, 531, -99]
[523, 559, -328]
[339, 528, -141]
[522, 543, -282]
[347, 521, -96]
[531, 538, -69]
[429, 525, 70]
[512, 737, -34]
[411, 722, 145]
[502, 908, 167]
[405, 895, 311]
[508, 936, 179]
[413, 924, 324]
[470, 957, 42]
[392, 948, 182]
[458, 194, -275]
[469, 172, -273]
[479, 170, -273]
[489, 169, -273]
[453, 177, -255]
[449, 178, -255]
[445, 179, -256]
[512, 173, -203]
[452, 183, -117]
[477, 209, -247]
[455, 212, -222]
[587, 281, -194]
[421, 295, 7]
[614, 429, -230]
[395, 430, 49]
[544, 531, -336]
[346, 506, -126]
[536, 560, -385]
[326, 527, -153]
[515, 551, -392]
[329, 521, -196]
[517, 537, -340]
[341, 514, -147]
[537, 543, -73]
[430, 530, 74]
[526, 747, -28]
[413, 734, 164]
[519, 912, 212]
[411, 903, 365]
[528, 939, 228]
[419, 931, 382]
[483, 965, 86]
[395, 957, 243]
[458, 200, -301]
[469, 177, -296]
[479, 174, -296]
[489, 172, -296]
[453, 182, -280]
[449, 183, -280]
[445, 184, -280]
[513, 175, -214]
[452, 187, -132]
[478, 213, -268]
[455, 216, -245]
[588, 281, -189]
[423, 293, 1]
[612, 428, -218]
[398, 422, 46]
[535, 525, -331]
[355, 502, -123]
[522, 555, -378]
[339, 523, -149]
[507, 549, -384]
[339, 517, -190]
[510, 532, -334]
[346, 511, -144]
[546, 538, -70]
[438, 530, 70]
[538, 736, -94]
[430, 725, 128]
[530, 893, 136]
[432, 886, 318]
[540, 916, 151]
[439, 912, 334]
[497, 947, 18]
[413, 939, 207]
[458, 207, -286]
[469, 185, -285]
[479, 182, -285]
[489, 179, -285]
[453, 189, -267]
[449, 190, -267]
[445, 190, -267]
[513, 180, -216]
[453, 193, -127]
[478, 219, -257]
[455, 223, -233]
[589, 284, -191]
[424, 295, 12]
[616, 432, -228]
[399, 423, 78]
[531, 522, -348]
[343, 493, -90]
[504, 540, -394]
[324, 507, -116]
[492, 525, -397]
[320, 490, -158]
[500, 516, -350]
[324, 494, -113]
[542, 540, -67]
[438, 530, 68]
[532, 737, -78]
[428, 725, 131]
[524, 896, 144]
[431, 886, 327]
[533, 920, 158]
[436, 910, 342]
[493, 949, 24]
[410, 943, 209]
[459, 208, -296]
[471, 185, -294]
[481, 182, -294]
[490, 180, -294]
[454, 189, -276]
[450, 190, -275]
[446, 190, -276]
[514, 181, -222]
[455, 192, -130]
[480, 220, -266]
[457, 222, -240]
[590, 284, -196]
[428, 297, 15]
[618, 434, -231]
[400, 424, 102]
[526, 500, -344]
[329, 474, -38]
[499, 517, -388]
[306, 483, -57]
[483, 506, -389]
[299, 471, -100]
[494, 493, -345]
[304, 470, -60]
[544, 538, -68]
[441, 530, 68]
[537, 734, -67]
[434, 725, 126]
[530, 893, 148]
[435, 888, 307]
[539, 917, 162]
[440, 913, 320]
[497, 945, 33]
[414, 942, 193]
[460, 208, -284]
[472, 185, -282]
[481, 182, -282]
[490, 180, -282]
[455, 189, -265]
[451, 189, -265]
[447, 189, -266]
[513, 181, -218]
[457, 192, -124]
[481, 219, -256]
[458, 222, -236]
[590, 285, -191]
[431, 299, 14]
[618, 438, -242]
[403, 426, 93]
[514, 483, -364]
[328, 459, -53]
[483, 499, -406]
[306, 468, -73]
[473, 476, -401]
[298, 455, -114]
[485, 471, -363]
[307, 453, -74]
[544, 538, -67]
[442, 532, 67]
[537, 732, -68]
[435, 724, 130]
[529, 895, 131]
[433, 889, 305]
[538, 920, 144]
[438, 914, 318]
[496, 946, 13]
[414, 944, 191]
[461, 211, -274]
[472, 189, -282]
[481, 187, -282]
[490, 184, -282]
[455, 193, -255]
[451, 193, -255]
[447, 193, -256]
[513, 183, -212]
[457, 195, -110]
[481, 222, -248]
[458, 224, -217]
[590, 287, -172]
[431, 299, 22]
[618, 437, -234]
[401, 424, 84]
[533, 464, -393]
[317, 441, -76]
[522, 490, -436]
[299, 443, -102]
[520, 468, -436]
[288, 429, -139]
[510, 445, -395]
[297, 429, -98]
[542, 537, -65]
[441, 530, 66]
[534, 729, -66]
[435, 721, 127]
[527, 890, 139]
[432, 886, 300]
[535, 914, 152]
[436, 910, 313]
[496, 941, 22]
[415, 941, 180]
[462, 211, -269]
[473, 190, -281]
[481, 187, -281]
[490, 185, -282]
[456, 193, -251]
[452, 193, -251]
[447, 193, -252]
[513, 185, -210]
[457, 196, -108]
[482, 222, -244]
[459, 224, -212]
[590, 288, -171]
[432, 299, 18]
[616, 440, -258]
[402, 423, 57]
[528, 439, -431]
[324, 426, -153]
[504, 448, -474]
[302, 423, -180]
[512, 419, -465]
[294, 411, -211]
[509, 416, -430]
[304, 412, -171]
[541, 539, -64]
[440, 530, 65]
[535, 730, -56]
[435, 723, 150]
[529, 895, 141]
[432, 890, 342]
[537, 920, 155]
[435, 915, 358]
[497, 946, 24]
[415, 946, 223]
[463, 211, -272]
[473, 190, -281]
[481, 187, -281]
[490, 185, -281]
[457, 193, -255]
[452, 193, -255]
[449, 193, -255]
[512, 185, -225]
[458, 197, -112]
[483, 223, -248]
[460, 224, -214]
[591, 288, -183]
[432, 300, 14]
[617, 438, -261]
[405, 422, 63]
[578, 452, -430]
[323, 418, -129]
[567, 472, -474]
[300, 417, -155]
[547, 442, -479]
[290, 403, -188]
[548, 440, -434]
[300, 404, -149]
[542, 540, -66]
[440, 530, 67]
[538, 732, -67]
[435, 725, 179]
[535, 896, 163]
[431, 892, 426]
[543, 921, 180]
[434, 917, 448]
[504, 950, 32]
[419, 948, 309]
[463, 211, -270]
[473, 190, -279]
[481, 187, -279]
[490, 185, -279]
[457, 193, -252]
[452, 193, -252]
[449, 193, -252]
[512, 186, -219]
[458, 197, -107]
[483, 223, -248]
[460, 224, -212]
[591, 288, -182]
[432, 299, 20]
[617, 441, -311]
[402, 420, 90]
[563, 409, -521]
[316, 407, -58]
[520, 405, -569]
[299, 409, -76]
[546, 383, -558]
[295, 402, -105]
[541, 383, -520]
[306, 400, -75]
[541, 542, -66]
[438, 531, 66]
[538, 737, -45]
[435, 730, 168]
[534, 905, 165]
[431, 899, 382]
[542, 931, 180]
[433, 925, 400]
[502, 958, 33]
[419, 956, 261]
[462, 212, -229]
[472, 190, -238]
[480, 188, -238]
[488, 186, -238]
[456, 194, -213]
[452, 194, -213]
[449, 194, -213]
[512, 187, -201]
[458, 198, -84]
[481, 224, -212]
[460, 225, -178]
[591, 288, -172]
[432, 300, 34]
[618, 442, -304]
[401, 420, 92]
[544, 395, -513]
[305, 386, -70]
[504, 388, -558]
[281, 382, -89]
[521, 371, -546]
[275, 369, -118]
[530, 373, -510]
[287, 370, -87]
[540, 546, -63]
[434, 534, 64]
[537, 740, -47]
[433, 733, 163]
[532, 908, 172]
[427, 902, 356]
[540, 934, 187]
[428, 927, 372]
[502, 961, 45]
[419, 960, 241]
[462, 211, -238]
[472, 190, -242]
[480, 188, -243]
[488, 186, -242]
[456, 193, -221]
[452, 194, -221]
[449, 194, -221]
[511, 188, -198]
[458, 198, -92]
[481, 225, -217]
[461, 225, -188]
[591, 289, -169]
[432, 301, 26]
[617, 440, -309]
[392, 418, 114]
[526, 383, -529]
[281, 372, 10]
[489, 371, -576]
[255, 377, -3]
[498, 356, -562]
[245, 354, -32]
[508, 360, -528]
[258, 357, -5]
[540, 547, -57]
[429, 536, 58]
[536, 740, -30]
[432, 734, 117]
[531, 910, 185]
[424, 905, 302]
[539, 936, 199]
[424, 930, 318]
[501, 964, 58]
[418, 964, 172]
[462, 210, -222]
[472, 189, -229]
[479, 187, -229]
[487, 185, -229]
[456, 193, -204]
[452, 193, -204]
[449, 193, -204]
[511, 188, -190]
[458, 198, -73]
[481, 224, -204]
[461, 225, -171]
[590, 288, -165]
[432, 302, 41]
[617, 439, -325]
[394, 418, 66]
[527, 379, -549]
[296, 361, -145]
[494, 362, -595]
[271, 354, -170]
[500, 352, -580]
[265, 339, -187]
[509, 356, -546]
[277, 343, -159]
[540, 546, -58]
[429, 536, 58]
[536, 739, -31]
[432, 733, 121]
[531, 910, 175]
[426, 904, 310]
[539, 937, 187]
[426, 930, 326]
[502, 963, 37]
[422, 962, 185]
[462, 210, -233]
[472, 189, -238]
[479, 187, -238]
[487, 186, -238]
[457, 193, -215]
[453, 193, -215]
[449, 193, -215]
[511, 188, -193]
[459, 197, -84]
[481, 224, -213]
[461, 225, -182]
[590, 288, -167]
[432, 303, 33]
[616, 439, -333]
[394, 421, 5]
[527, 366, -548]
[307, 357, -245]
[490, 349, -591]
[278, 343, -275]
[495, 326, -571]
[281, 330, -287]
[502, 332, -542]
[294, 335, -257]
[541, 545, -56]
[429, 536, 57]
[539, 738, -37]
[435, 733, 151]
[537, 909, 160]
[432, 905, 357]
[544, 937, 172]
[432, 931, 375]
[508, 962, 24]
[429, 963, 237]
[462, 210, -218]
[472, 189, -220]
[479, 188, -220]
[487, 186, -220]
[456, 192, -199]
[452, 192, -199]
[449, 193, -199]
[511, 189, -169]
[459, 197, -68]
[480, 224, -197]
[461, 225, -168]
[588, 288, -143]
[430, 303, 33]
[616, 438, -308]
[390, 425, -37]
[527, 352, -510]
[308, 348, -331]
[493, 338, -552]
[283, 332, -370]
[497, 315, -536]
[283, 320, -377]
[503, 322, -506]
[294, 326, -342]
[539, 545, -48]
[428, 535, 49]
[540, 737, -38]
[436, 732, 139]
[539, 908, 154]
[433, 905, 328]
[546, 935, 165]
[432, 931, 343]
[511, 961, 19]
[431, 964, 200]
[463, 210, -215]
[473, 189, -215]
[480, 188, -216]
[488, 186, -215]
[457, 192, -197]
[453, 192, -196]
[450, 192, -197]
[511, 189, -158]
[459, 197, -66]
[480, 224, -192]
[462, 225, -166]
[585, 286, -140]
[426, 303, 32]
[614, 436, -300]
[384, 427, -44]
[527, 346, -499]
[314, 343, -328]
[491, 333, -541]
[290, 327, -367]
[491, 316, -524]
[292, 316, -372]
[502, 318, -494]
[301, 322, -339]
[539, 542, -44]
[428, 535, 45]
[546, 737, -26]
[438, 732, 141]
[544, 907, 159]
[438, 905, 332]
[552, 933, 169]
[436, 930, 348]
[518, 960, 23]
[440, 964, 201]
[463, 210, -223]
[473, 189, -222]
[481, 188, -222]
[489, 186, -222]
[457, 192, -205]
[453, 192, -205]
[450, 192, -205]
[511, 189, -154]
[458, 197, -73]
[480, 223, -198]
[462, 225, -174]
[583, 286, -125]
[419, 303, 31]
[613, 437, -270]
[376, 427, -62]
[529, 350, -478]
[314, 338, -349]
[499, 335, -515]
[290, 320, -388]
[504, 321, -495]
[293, 307, -393]
[511, 327, -472]
[301, 314, -360]
[537, 542, -44]
[428, 536, 45]
[545, 736, -36]
[438, 734, 141]
[542, 907, 142]
[438, 906, 329]
[550, 934, 152]
[437, 932, 345]
[516, 960, 13]
[437, 965, 202]
[463, 210, -225]
[474, 190, -223]
[481, 188, -223]
[490, 187, -223]
[457, 192, -206]
[453, 192, -206]
[450, 192, -206]
[511, 189, -154]
[457, 197, -75]
[480, 224, -198]
[461, 225, -176]
[580, 288, -123]
[415, 304, 30]
[609, 441, -266]
[374, 429, -68]
[536, 350, -471]
[314, 332, -350]
[516, 331, -507]
[289, 315, -387]
[520, 317, -489]
[292, 302, -391]
[525, 324, -465]
[301, 308, -360]
[535, 542, -44]
[426, 538, 45]
[544, 738, -43]
[438, 740, 141]
[541, 912, 127]
[437, 912, 329]
[549, 938, 137]
[436, 938, 345]
[514, 965, 0]
[436, 970, 205]
[463, 210, -214]
[474, 190, -212]
[482, 189, -212]
[490, 188, -212]
[457, 193, -197]
[453, 193, -197]
[449, 192, -197]
[511, 190, -145]
[455, 197, -72]
[480, 224, -188]
[461, 225, -168]
[576, 289, -115]
[410, 304, 18]
[607, 440, -262]
[372, 434, -97]
[545, 341, -458]
[324, 333, -371]
[531, 318, -493]
[305, 312, -408]
[545, 303, -472]
[305, 304, -407]
[545, 315, -453]
[319, 311, -378]
[535, 542, -44]
[427, 540, 45]
[544, 738, -40]
[439, 742, 148]
[542, 914, 122]
[439, 913, 330]
[551, 940, 130]
[438, 938, 345]
[515, 966, -4]
[438, 970, 212]
[464, 212, -212]
[474, 191, -210]
[482, 190, -210]
[491, 189, -209]
[457, 193, -194]
[453, 193, -194]
[449, 193, -194]
[511, 191, -145]
[454, 198, -68]
[480, 226, -186]
[461, 228, -165]
[576, 292, -110]
[407, 304, 17]
[607, 440, -260]
[371, 435, -92]
[601, 330, -457]
[335, 334, -351]
[590, 300, -490]
[316, 312, -383]
[609, 285, -471]
[316, 300, -379]
[599, 298, -453]
[330, 308, -357]
[536, 542, -44]
[427, 541, 45]
[545, 740, -32]
[440, 744, 148]
[545, 916, 114]
[441, 916, 311]
[553, 943, 121]
[440, 940, 325]
[517, 969, -15]
[441, 973, 192]
[463, 212, -216]
[474, 191, -213]
[482, 190, -213]
[491, 188, -213]
[457, 193, -197]
[452, 193, -197]
[448, 193, -197]
[511, 191, -147]
[453, 198, -69]
[480, 226, -190]
[459, 228, -168]
[576, 293, -109]
[406, 304, 14]
[608, 437, -259]
[368, 435, -104]
[640, 320, -458]
[337, 331, -366]
[646, 293, -492]
[318, 309, -399]
[647, 282, -475]
[324, 297, -393]
[635, 294, -455]
[331, 305, -371]
[537, 542, -45]
[427, 541, 45]
[545, 739, -41]
[440, 744, 147]
[544, 915, 103]
[440, 914, 301]
[553, 942, 110]
[439, 939, 314]
[516, 968, -26]
[440, 971, 183]
[461, 212, -215]
[472, 191, -213]
[480, 190, -213]
[489, 188, -213]
[455, 193, -197]
[451, 193, -197]
[446, 193, -197]
[510, 191, -149]
[453, 198, -67]
[478, 226, -190]
[457, 228, -167]
[576, 293, -111]
[407, 303, 14]
[609, 435, -268]
[369, 434, -103]
[633, 320, -491]
[338, 332, -377]
[636, 294, -528]
[319, 307, -412]
[639, 282, -513]
[324, 295, -409]
[629, 292, -490]
[331, 304, -383]
[538, 542, -45]
[427, 541, 46]
[545, 739, -49]
[440, 743, 145]
[544, 915, 99]
[440, 913, 303]
[553, 941, 106]
[439, 938, 317]
[516, 967, -30]
[440, 971, 185]
[459, 212, -202]
[470, 191, -201]
[478, 189, -201]
[487, 188, -200]
[453, 193, -183]
[449, 193, -183]
[445, 193, -183]
[509, 191, -141]
[452, 198, -56]
[476, 226, -179]
[456, 228, -155]
[577, 293, -109]
[408, 304, 15]
[618, 427, -280]
[370, 434, -100]
[627, 304, -494]
[340, 332, -368]
[627, 273, -530]
[324, 308, -401]
[618, 270, -511]
[325, 295, -397]
[618, 276, -491]
[332, 304, -374]
[541, 542, -45]
[428, 541, 46]
[545, 739, -55]
[440, 743, 144]
[544, 915, 82]
[441, 913, 294]
[554, 941, 88]
[440, 937, 307]
[515, 967, -45]
[440, 970, 178]
[457, 211, -206]
[468, 191, -205]
[476, 189, -205]
[485, 188, -205]
[452, 193, -187]
[447, 193, -187]
[443, 193, -188]
[508, 191, -144]
[451, 198, -59]
[474, 226, -182]
[454, 228, -159]
[576, 293, -113]
[407, 304, 16]
[616, 429, -283]
[369, 434, -98]
[611, 313, -491]
[339, 326, -374]
[609, 281, -527]
[322, 302, -410]
[604, 276, -507]
[323, 289, -407]
[603, 283, -487]
[331, 297, -381]
[541, 542, -46]
[428, 541, 47]
[544, 740, -52]
[439, 744, 144]
[544, 917, 88]
[440, 914, 292]
[553, 943, 94]
[440, 938, 305]
[515, 968, -44]
[439, 972, 171]
[457, 212, -209]
[468, 191, -208]
[476, 189, -208]
[485, 188, -208]
[451, 193, -190]
[446, 193, -190]
[442, 193, -190]
[507, 192, -146]
[450, 199, -61]
[473, 227, -185]
[453, 229, -161]
[576, 293, -113]
[407, 304, 20]
[614, 431, -281]
[369, 433, -87]
[605, 317, -483]
[338, 328, -370]
[599, 286, -515]
[320, 305, -393]
[596, 277, -493]
[321, 291, -378]
[595, 285, -478]
[330, 300, -369]
[541, 542, -48]
[429, 541, 49]
[544, 738, -58]
[440, 744, 143]
[545, 916, 71]
[442, 914, 286]
[555, 943, 76]
[442, 938, 298]
[515, 968, -58]
[441, 971, 171]
[457, 212, -214]
[469, 191, -209]
[478, 190, -209]
[487, 189, -208]
[452, 193, -195]
[447, 193, -195]
[443, 193, -195]
[507, 193, -138]
[450, 199, -65]
[473, 227, -186]
[453, 230, -166]
[576, 294, -103]
[407, 304, 16]
[614, 432, -272]
[369, 434, -97]
[606, 309, -476]
[338, 327, -358]
[600, 279, -509]
[321, 304, -390]
[592, 273, -487]
[321, 291, -383]
[592, 284, -471]
[329, 300, -362]
[541, 542, -46]
[429, 541, 47]
[544, 738, -48]
[440, 744, 133]
[545, 916, 86]
[442, 913, 277]
[555, 943, 93]
[442, 938, 289]
[515, 967, -42]
[441, 971, 159]
[458, 212, -246]
[470, 191, -238]
[479, 190, -238]
[488, 189, -238]
[452, 193, -227]
[448, 193, -227]
[443, 193, -227]
[508, 194, -148]
[450, 199, -92]
[473, 228, -212]
[454, 230, -195]
[574, 295, -105]
[406, 304, -2]
[615, 426, -264]
[369, 435, -108]
[625, 313, -478]
[338, 328, -362]
[627, 286, -512]
[320, 304, -396]
[625, 277, -496]
[321, 291, -392]
[617, 287, -475]
[329, 301, -367]
[541, 542, -44]
[429, 541, 44]
[544, 738, -48]
[440, 743, 117]
[545, 916, 91]
[441, 913, 270]
[555, 941, 98]
[441, 937, 282]
[515, 967, -41]
[441, 971, 149]
[458, 212, -244]
[471, 192, -236]
[479, 191, -236]
[488, 190, -236]
[453, 193, -225]
[449, 193, -225]
[444, 193, -225]
[508, 195, -147]
[450, 199, -92]
[473, 228, -210]
[454, 230, -195]
[574, 296, -100]
[406, 305, -3]
[610, 432, -249]
[369, 435, -114]
[617, 339, -478]
[337, 329, -389]
[613, 320, -514]
[318, 305, -428]
[613, 305, -503]
[320, 293, -427]
[607, 313, -477]
[328, 302, -395]
[541, 542, -41]
[429, 541, 42]
[542, 739, -44]
[438, 744, 104]
[543, 915, 111]
[439, 913, 257]
[552, 941, 119]
[439, 937, 269]
[514, 967, -16]
[440, 971, 132]
[457, 212, -211]
[470, 192, -205]
[479, 191, -205]
[488, 190, -205]
[453, 193, -192]
[448, 193, -192]
[444, 193, -192]
[508, 195, -134]
[451, 199, -68]
[473, 228, -183]
[453, 230, -165]
[574, 293, -92]
[407, 306, 3]
[655, 394, -251]
[370, 435, -100]
[636, 307, -467]
[333, 329, -336]
[634, 286, -501]
[310, 306, -369]
[626, 277, -484]
[314, 294, -364]
[618, 287, -464]
[326, 303, -341]
[541, 542, -39]
[430, 541, 40]
[542, 738, -44]
[438, 741, 100]
[543, 912, 99]
[438, 911, 230]
[552, 937, 106]
[438, 933, 240]
[514, 964, -22]
[439, 969, 109]
[459, 210, -221]
[472, 190, -214]
[481, 189, -214]
[490, 188, -214]
[455, 192, -201]
[450, 192, -201]
[446, 192, -201]
[509, 194, -136]
[452, 198, -73]
[475, 226, -192]
[454, 228, -174]
[575, 293, -95]
[407, 306, 4]
[632, 418, -251]
[370, 435, -104]
[631, 331, -498]
[321, 330, -384]
[623, 306, -539]
[289, 307, -423]
[619, 289, -526]
[296, 295, -425]
[612, 300, -498]
[311, 304, -393]
[541, 541, -40]
[430, 540, 41]
[543, 738, -39]
[437, 742, 108]
[543, 914, 120]
[438, 912, 249]
[552, 940, 128]
[438, 935, 260]
[515, 966, -9]
[439, 971, 130]
[460, 207, -221]
[474, 187, -215]
[482, 186, -215]
[491, 186, -215]
[456, 189, -201]
[452, 189, -201]
[448, 189, -201]
[509, 192, -139]
[454, 196, -72]
[476, 223, -193]
[455, 225, -174]
[576, 292, -106]
[408, 306, 9]
[623, 430, -258]
[370, 435, -99]
[572, 337, -492]
[316, 330, -385]
[573, 318, -533]
[285, 312, -425]
[581, 296, -518]
[293, 299, -427]
[577, 306, -491]
[307, 306, -394]
[540, 541, -41]
[430, 540, 41]
[542, 739, -41]
[434, 742, 122]
[541, 917, 117]
[436, 913, 291]
[550, 943, 125]
[435, 937, 304]
[513, 968, -15]
[437, 971, 161]
[464, 201, -247]
[478, 181, -238]
[487, 181, -238]
[495, 181, -238]
[459, 183, -225]
[455, 183, -225]
[450, 184, -225]
[511, 189, -150]
[455, 192, -88]
[482, 218, -215]
[458, 219, -197]
[577, 291, -109]
[411, 306, 2]
[622, 430, -259]
[371, 435, -107]
[634, 343, -509]
[311, 334, -402]
[640, 323, -553]
[282, 318, -441]
[646, 302, -546]
[290, 306, -445]
[636, 311, -512]
[303, 312, -412]
[539, 541, -41]
[430, 539, 42]
[542, 738, -41]
[434, 742, 128]
[541, 917, 122]
[436, 913, 307]
[550, 943, 130]
[435, 937, 321]
[513, 968, -13]
[437, 971, 173]
[464, 197, -240]
[478, 177, -235]
[487, 177, -236]
[496, 177, -235]
[460, 179, -218]
[456, 179, -218]
[451, 179, -218]
[512, 186, -154]
[457, 188, -85]
[483, 215, -212]
[458, 215, -193]
[580, 291, -135]
[416, 306, 15]
[619, 430, -278]
[377, 434, -77]
[538, 351, -479]
[312, 344, -389]
[507, 335, -519]
[284, 330, -423]
[518, 310, -504]
[292, 317, -424]
[522, 317, -475]
[304, 323, -394]
[539, 541, -44]
[430, 539, 45]
[542, 737, -36]
[434, 738, 140]
[541, 916, 129]
[435, 911, 321]
[550, 943, 137]
[435, 936, 335]
[512, 967, -8]
[435, 969, 192]
[465, 196, -249]
[479, 176, -245]
[488, 175, -245]
[496, 175, -245]
[461, 178, -228]
[457, 178, -228]
[452, 179, -228]
[513, 184, -173]
[459, 187, -93]
[484, 214, -222]
[460, 214, -200]
[583, 290, -155]
[420, 305, 14]
[615, 430, -299]
[380, 432, -78]
[533, 357, -494]
[310, 346, -381]
[502, 339, -536]
[282, 332, -419]
[511, 314, -519]
[287, 320, -425]
[514, 320, -490]
[299, 326, -391]
[538, 541, -47]
[430, 538, 48]
[542, 738, -33]
[433, 738, 152]
[541, 918, 150]
[434, 912, 349]
[550, 946, 160]
[434, 938, 365]
[512, 969, 13]
[432, 971, 221]
[466, 194, -249]
[480, 174, -247]
[489, 173, -247]
[497, 173, -247]
[462, 176, -230]
[458, 176, -230]
[454, 177, -230]
[514, 183, -183]
[460, 185, -99]
[485, 212, -225]
[461, 212, -201]
[583, 290, -165]
[422, 302, 10]
[613, 427, -311]
[385, 430, -25]
[540, 370, -523]
[308, 354, -259]
[514, 356, -568]
[279, 343, -289]
[519, 340, -554]
[283, 330, -305]
[522, 343, -521]
[293, 334, -273]
[538, 541, -51]
[429, 537, 52]
[542, 738, -33]
[433, 738, 167]
[540, 918, 161]
[431, 912, 376]
[549, 946, 173]
[431, 938, 393]
[509, 969, 31]
[427, 971, 254]
[467, 193, -250]
[481, 173, -249]
[489, 172, -249]
[498, 172, -249]
[464, 175, -231]
[459, 175, -231]
[455, 175, -232]
[515, 182, -186]
[461, 184, -102]
[486, 211, -225]
[461, 212, -201]
[584, 290, -162]
[422, 302, 6]
[612, 425, -307]
[385, 427, -21]
[543, 390, -537]
[292, 362, -247]
[521, 379, -585]
[264, 355, -277]
[527, 358, -573]
[261, 338, -293]
[528, 367, -537]
[274, 342, -261]
[537, 541, -51]
[428, 537, 52]
[541, 739, -31]
[431, 739, 167]
[538, 918, 165]
[426, 914, 379]
[547, 945, 177]
[425, 939, 397]
[506, 970, 33]
[423, 973, 253]
[467, 192, -242]
[481, 173, -247]
[489, 172, -247]
[498, 172, -247]
[464, 174, -226]
[460, 175, -226]
[455, 175, -226]
[515, 181, -181]
[462, 184, -97]
[486, 211, -224]
[462, 211, -196]
[586, 290, -166]
[422, 301, 6]
[612, 425, -302]
[379, 419, -3]
[528, 403, -523]
[264, 368, -208]
[493, 397, -564]
[234, 367, -237]
[497, 373, -551]
[234, 350, -258]
[499, 375, -522]
[249, 352, -223]
[537, 543, -51]
[425, 537, 52]
[540, 741, -29]
[429, 741, 165]
[538, 918, 175]
[424, 915, 376]
[547, 946, 188]
[423, 941, 394]
[506, 972, 49]
[420, 974, 256]
[470, 190, -283]
[484, 172, -281]
[492, 171, -281]
[500, 171, -281]
[466, 173, -266]
[462, 174, -266]
[457, 174, -266]
[517, 181, -206]
[463, 183, -132]
[489, 209, -254]
[464, 209, -233]
[588, 290, -167]
[422, 299, -16]
[617, 425, -300]
[380, 420, -6]
[551, 400, -546]
[278, 381, -208]
[525, 395, -596]
[249, 386, -236]
[517, 378, -589]
[246, 361, -261]
[516, 378, -548]
[261, 364, -224]
[537, 542, -51]
[424, 535, 52]
[541, 741, -19]
[430, 741, 160]
[539, 917, 196]
[425, 915, 358]
[548, 945, 210]
[424, 941, 374]
[509, 972, 67]
[421, 974, 235]
[472, 189, -278]
[486, 171, -275]
[495, 170, -275]
[503, 170, -275]
[468, 172, -258]
[464, 173, -258]
[459, 173, -258]
[520, 180, -198]
[463, 182, -119]
[491, 209, -248]
[466, 208, -225]
[589, 290, -169]
[423, 298, 0]
[617, 428, -299]
[382, 420, 47]
[532, 417, -533]
[279, 398, -131]
[499, 413, -585]
[258, 398, -157]
[504, 394, -578]
[254, 381, -185]
[512, 393, -535]
[268, 383, -148]
[536, 543, -57]
[423, 535, 58]
[540, 741, -29]
[430, 740, 170]
[537, 916, 179]
[425, 913, 394]
[545, 944, 192]
[424, 940, 413]
[506, 971, 47]
[419, 971, 266]
[474, 188, -301]
[488, 170, -296]
[496, 169, -296]
[504, 169, -296]
[470, 172, -281]
[465, 172, -281]
[460, 173, -281]
[520, 179, -216]
[463, 182, -143]
[493, 208, -270]
[467, 208, -249]
[589, 291, -174]
[424, 298, -23]
[620, 434, -295]
[386, 421, 29]
[566, 426, -538]
[283, 408, -140]
[545, 426, -591]
[257, 407, -166]
[528, 402, -588]
[253, 395, -202]
[531, 401, -542]
[262, 394, -160]
[537, 543, -56]
[425, 535, 57]
[544, 741, -17]
[436, 740, 155]
[541, 914, 202]
[432, 913, 357]
[550, 939, 216]
[433, 940, 373]
[514, 969, 77]
[422, 970, 227]
[475, 187, -285]
[488, 169, -281]
[497, 169, -281]
[505, 168, -281]
[471, 171, -265]
[466, 171, -265]
[461, 172, -265]
[521, 178, -207]
[464, 181, -128]
[493, 207, -255]
[468, 207, -233]
[590, 291, -172]
[427, 298, -13]
[620, 439, -285]
[394, 422, 51]
[559, 437, -528]
[296, 418, -133]
[537, 437, -585]
[265, 416, -160]
[527, 418, -573]
[257, 404, -196]
[531, 413, -537]
[266, 405, -154]
[537, 544, -57]
[426, 534, 57]
[543, 742, -33]
[436, 740, 138]
[541, 913, 189]
[433, 913, 333]
[549, 937, 203]
[435, 939, 348]
[514, 968, 68]
[422, 969, 210]
[475, 186, -289]
[488, 168, -287]
[497, 168, -287]
[505, 168, -287]
[471, 169, -270]
[467, 170, -270]
[461, 170, -270]
[522, 178, -217]
[464, 180, -135]
[493, 207, -261]
[468, 206, -238]
[590, 292, -183]
[427, 296, -10]
[616, 446, -285]
[392, 422, 59]
[549, 440, -509]
[296, 426, -101]
[526, 444, -563]
[266, 424, -124]
[524, 421, -559]
[259, 412, -165]
[528, 417, -513]
[268, 413, -122]
[536, 544, -58]
[426, 534, 58]
[536, 744, -43]
[432, 741, 122]
[533, 913, 187]
[430, 913, 311]
[541, 938, 202]
[434, 939, 325]
[507, 968, 67]
[417, 969, 185]
[475, 185, -282]
[488, 167, -279]
[497, 167, -280]
[505, 167, -279]
[471, 168, -263]
[466, 168, -263]
[461, 169, -263]
[523, 178, -211]
[465, 178, -133]
[493, 206, -254]
[468, 205, -232]
[590, 292, -178]
[427, 295, -12]
[611, 447, -256]
[392, 423, 75]
[541, 447, -442]
[297, 441, -47]
[510, 459, -487]
[266, 444, -66]
[513, 435, -485]
[260, 432, -108]
[518, 428, -444]
[270, 432, -68]
[536, 544, -57]
[426, 533, 58]
[537, 744, -30]
[433, 742, 108]
[534, 913, 194]
[431, 915, 270]
[542, 938, 208]
[435, 941, 281]
[508, 968, 78]
[418, 970, 144]
[476, 184, -279]
[489, 167, -279]
[498, 166, -279]
[507, 167, -279]
[472, 167, -260]
[467, 167, -260]
[462, 168, -260]
[524, 177, -198]
[465, 177, -128]
[494, 205, -253]
[469, 204, -228]
[590, 292, -174]
[427, 295, 5]
[609, 446, -219]
[394, 423, 107]
[530, 473, -367]
[306, 456, -12]
[502, 489, -410]
[276, 463, -31]
[495, 470, -414]
[267, 450, -72]
[504, 462, -370]
[278, 450, -33]
[536, 544, -57]
[427, 531, 57]
[535, 744, -44]
[433, 742, 87]
[530, 912, 180]
[430, 915, 244]
[538, 935, 196]
[434, 941, 255]
[504, 967, 67]
[415, 969, 120]
[477, 183, -282]
[491, 165, -277]
[500, 165, -277]
[508, 166, -277]
[473, 166, -263]
[468, 166, -263]
[463, 166, -263]
[525, 177, -197]
[465, 176, -132]
[495, 204, -252]
[469, 203, -232]
[590, 291, -175]
[427, 294, 5]
[608, 445, -204]
[393, 423, 85]
[524, 499, -321]
[310, 469, -37]
[500, 518, -362]
[280, 480, -59]
[485, 509, -369]
[269, 469, -100]
[489, 496, -325]
[281, 469, -58]
[535, 543, -56]
[427, 529, 57]
[533, 744, -54]
[432, 741, 70]
[525, 910, 179]
[428, 915, 229]
[533, 932, 195]
[432, 941, 240]
[497, 966, 67]
[411, 968, 109]
[477, 180, -278]
[491, 163, -272]
[500, 163, -272]
[509, 164, -272]
[473, 163, -258]
[468, 164, -258]
[463, 164, -258]
[526, 176, -194]
[466, 174, -129]
[495, 202, -249]
[469, 201, -232]
[590, 290, -183]
[427, 294, 5]
[606, 444, -214]
[393, 423, 64]
[517, 512, -316]
[319, 480, -88]
[488, 548, -357]
[291, 493, -112]
[474, 529, -362]
[287, 477, -149]
[481, 507, -318]
[301, 471, -108]
[536, 543, -59]
[427, 529, 60]
[531, 745, -53]
[428, 741, 94]
[522, 910, 184]
[422, 914, 266]
[531, 932, 201]
[427, 940, 279]
[491, 966, 80]
[402, 967, 141]
[477, 178, -275]
[491, 161, -266]
[500, 162, -266]
[509, 162, -266]
[473, 161, -253]
[468, 161, -253]
[463, 161, -253]
[526, 175, -186]
[466, 172, -120]
[495, 200, -244]
[469, 199, -227]
[589, 289, -180]
[427, 294, 15]
[606, 437, -221]
[395, 423, 81]
[523, 516, -349]
[337, 491, -76]
[502, 545, -397]
[313, 507, -102]
[477, 529, -404]
[307, 499, -143]
[488, 517, -354]
[320, 496, -98]
[544, 543, -64]
[438, 531, 65]
[554, 749, -52]
[447, 745, 102]
[549, 915, 206]
[445, 919, 273]
[557, 939, 223]
[449, 947, 286]
[520, 973, 95]
[427, 970, 141]
[477, 176, -271]
[491, 159, -262]
[501, 160, -262]
[510, 161, -262]
[473, 159, -248]
[468, 159, -248]
[463, 159, -248]
[527, 174, -179]
[466, 171, -110]
[495, 199, -240]
[469, 197, -221]
[589, 289, -178]
[427, 294, 13]
[606, 437, -226]
[395, 425, 70]
[526, 528, -352]
[341, 503, -121]
[517, 561, -402]
[320, 518, -153]
[480, 550, -406]
[316, 515, -194]
[492, 536, -356]
[329, 510, -144]
[544, 545, -66]
[437, 532, 66]
[551, 757, -5]
[443, 750, 148]
[546, 933, 240]
[440, 932, 338]
[555, 960, 256]
[443, 962, 352]
[518, 991, 114]
[425, 985, 202]
[476, 172, -240]
[491, 156, -234]
[500, 157, -234]
[510, 158, -234]
[473, 156, -217]
[468, 156, -217]
[463, 156, -217]
[526, 172, -167]
[466, 168, -87]
[493, 196, -215]
[468, 194, -192]
[589, 288, -179]
[426, 294, 39]
[605, 437, -235]
[393, 429, 74]
[527, 542, -353]
[335, 515, -100]
[518, 579, -400]
[312, 534, -124]
[488, 567, -400]
[309, 527, -163]
[496, 548, -354]
[319, 526, -122]
[544, 547, -73]
[437, 535, 74]
[540, 765, -33]
[427, 753, 140]
[535, 944, 149]
[426, 937, 306]
[542, 973, 158]
[428, 967, 315]
[509, 998, 15]
[415, 989, 169]
[476, 171, -249]
[491, 155, -243]
[500, 156, -243]
[510, 157, -243]
[473, 154, -227]
[468, 154, -227]
[463, 154, -227]
[527, 171, -175]
[466, 166, -92]
[493, 195, -219]
[468, 193, -198]
[589, 289, -189]
[425, 293, 29]
[605, 438, -231]
[393, 430, 75]
[528, 549, -334]
[332, 519, -72]
[518, 593, -379]
[308, 541, -93]
[492, 577, -387]
[306, 530, -135]
[498, 551, -338]
[319, 521, -94]
[535, 549, -72]
[431, 536, 73]
[520, 762, -90]
[407, 752, 129]
[505, 940, 74]
[397, 936, 261]
[512, 968, 81]
[399, 965, 268]
[476, 993, -58]
[378, 987, 134]
[475, 170, -239]
[490, 153, -236]
[500, 154, -236]
[509, 155, -236]
[472, 153, -218]
[467, 153, -218]
[462, 153, -218]
[527, 169, -176]
[466, 165, -91]
[492, 194, -216]
[467, 192, -191]
[589, 289, -191]
[424, 293, 36]
[604, 439, -233]
[391, 433, 92]
[533, 555, -338]
[331, 528, -51]
[525, 603, -383]
[307, 549, -69]
[499, 588, -390]
[304, 538, -111]
[500, 571, -342]
[315, 528, -73]
[532, 550, -78]
[427, 538, 78]
[513, 764, -103]
[403, 752, 116]
[499, 944, 65]
[397, 934, 235]
[506, 972, 72]
[399, 963, 242]
[470, 992, -64]
[377, 985, 108]
[474, 167, -238]
[490, 151, -234]
[500, 152, -234]
[509, 154, -234]
[472, 150, -217]
[467, 151, -217]
[462, 151, -217]
[527, 168, -176]
[466, 163, -93]
[492, 192, -215]
[467, 190, -192]
[589, 289, -188]
[422, 294, 29]
[602, 439, -228]
[391, 435, 87]
[538, 558, -335]
[340, 529, -42]
[531, 605, -380]
[317, 551, -60]
[507, 591, -389]
[316, 539, -101]
[505, 573, -340]
[327, 527, -63]
[532, 551, -77]
[426, 539, 78]
[517, 763, -132]
[408, 752, 116]
[505, 941, 48]
[402, 931, 254]
[512, 968, 57]
[404, 959, 264]
[476, 992, -79]
[384, 980, 123]
[475, 167, -243]
[490, 151, -239]
[500, 152, -239]
[509, 153, -239]
[472, 150, -222]
[466, 150, -222]
[462, 150, -223]
[527, 166, -177]
[465, 161, -96]
[492, 192, -219]
[467, 189, -196]
[589, 289, -187]
[420, 294, 25]
[601, 441, -221]
[391, 437, 81]
[544, 563, -328]
[347, 530, -51]
[537, 610, -375]
[326, 554, -71]
[513, 596, -384]
[325, 541, -113]
[516, 573, -334]
[340, 541, -72]
[532, 552, -77]
[426, 541, 77]
[519, 762, -108]
[409, 752, 123]
[508, 939, 89]
[404, 930, 292]
[516, 967, 100]
[406, 958, 305]
[479, 990, -35]
[388, 980, 173]
[474, 167, -243]
[490, 150, -237]
[499, 151, -237]
[509, 153, -237]
[471, 150, -221]
[466, 150, -221]
[461, 150, -222]
[526, 165, -169]
[464, 161, -94]
[492, 191, -217]
[467, 189, -196]
[589, 289, -179]
[418, 294, 25]
[600, 441, -216]
[391, 439, 73]
[556, 565, -338]
[353, 535, -57]
[552, 610, -387]
[337, 561, -85]
[530, 598, -396]
[338, 549, -132]
[528, 579, -345]
[350, 548, -80]
[532, 552, -76]
[426, 542, 76]
[520, 761, -94]
[410, 752, 125]
[510, 938, 118]
[408, 928, 305]
[518, 966, 131]
[409, 956, 319]
[481, 990, -4]
[393, 978, 186]
[474, 166, -244]
[490, 149, -237]
[499, 150, -237]
[509, 152, -237]
[471, 149, -223]
[466, 149, -223]
[461, 149, -223]
[526, 164, -163]
[463, 160, -95]
[492, 190, -217]
[467, 188, -197]
[588, 289, -162]
[415, 294, 14]
[599, 441, -208]
[391, 439, 49]
[561, 566, -342]
[364, 537, -93]
[564, 613, -392]
[352, 571, -123]
[540, 600, -400]
[356, 559, -163]
[535, 581, -349]
[366, 547, -114]
[532, 552, -73]
[425, 542, 74]
[521, 759, -101]
[412, 750, 139]
[511, 933, 115]
[409, 920, 357]
[519, 959, 128]
[410, 947, 375]
[482, 986, -11]
[394, 973, 240]
[474, 164, -246]
[489, 148, -239]
[499, 149, -239]
[509, 150, -239]
[471, 147, -224]
[466, 147, -224]
[461, 148, -224]
[526, 163, -163]
[463, 159, -96]
[491, 189, -218]
[466, 186, -198]
[588, 289, -161]
[415, 294, 9]
[599, 441, -208]
[391, 438, 46]
[566, 567, -345]
[367, 537, -99]
[570, 614, -395]
[355, 571, -127]
[552, 607, -402]
[359, 560, -166]
[539, 581, -352]
[371, 549, -119]
[532, 553, -71]
[425, 542, 72]
[521, 759, -96]
[413, 749, 137]
[512, 932, 118]
[410, 919, 345]
[520, 958, 132]
[411, 945, 361]
[483, 986, -9]
[396, 972, 225]
[473, 162, -247]
[489, 146, -239]
[499, 147, -239]
[508, 149, -239]
[471, 145, -225]
[465, 146, -225]
[460, 146, -225]
[526, 163, -164]
[463, 157, -97]
[490, 187, -218]
[466, 184, -200]
[588, 289, -163]
[414, 293, 5]
[599, 443, -210]
[391, 438, 43]
[568, 571, -347]
[368, 537, -103]
[572, 617, -396]
[354, 575, -131]
[555, 612, -406]
[359, 563, -170]
[541, 585, -354]
[369, 550, -123]
[531, 553, -71]
[425, 542, 71]
[521, 759, -94]
[412, 750, 135]
[512, 932, 134]
[409, 919, 335]
[519, 958, 148]
[410, 946, 350]
[483, 985, 4]
[397, 973, 212]
[472, 161, -248]
[488, 145, -239]
[498, 147, -240]
[508, 148, -240]
[470, 144, -225]
[465, 145, -225]
[460, 145, -225]
[526, 162, -166]
[463, 156, -97]
[489, 186, -219]
[465, 183, -201]
[588, 289, -165]
[415, 293, 5]
[599, 444, -213]
[391, 438, 44]
[567, 572, -354]
[369, 536, -105]
[572, 617, -406]
[354, 575, -132]
[550, 607, -418]
[359, 563, -171]
[541, 587, -362]
[368, 549, -125]
[531, 553, -70]
[425, 542, 71]
[519, 759, -93]
[411, 750, 145]
[510, 932, 126]
[408, 920, 353]
[518, 959, 139]
[409, 946, 369]
[482, 985, -7]
[397, 973, 230]
[471, 161, -239]
[488, 145, -231]
[497, 146, -231]
[507, 148, -231]
[469, 144, -217]
[464, 144, -217]
[460, 145, -217]
[526, 162, -161]
[463, 156, -90]
[488, 186, -212]
[464, 183, -192]
[588, 289, -164]
[415, 293, 6]
[599, 445, -215]
[391, 438, 43]
[567, 572, -354]
[371, 536, -106]
[572, 616, -406]
[354, 576, -133]
[548, 607, -418]
[360, 564, -171]
[541, 588, -362]
[370, 550, -126]
[531, 553, -70]
[425, 542, 71]
[519, 759, -91]
[410, 750, 141]
[510, 934, 119]
[407, 921, 340]
[517, 962, 131]
[409, 947, 355]
[481, 986, -12]
[396, 975, 218]
