[485, 126, -123]
[494, 111, -122]
[498, 110, -122]
[503, 110, -122]
[483, 112, -112]
[479, 112, -112]
[476, 112, -112]
[515, 114, -94]
[478, 115, -40]
[495, 135, -108]
[483, 136, -94]
[556, 173, -94]
[460, 175, 15]
[535, 242, -181]
[427, 239, -7]
[518, 176, -229]
[456, 181, -70]
[516, 153, -244]
[456, 162, -80]
[522, 148, -238]
[459, 164, -74]
[520, 157, -228]
[465, 169, -72]
[529, 387, -40]
[473, 383, 40]
[520, 500, -41]
[475, 491, 97]
[536, 613, 2]
[476, 566, 190]
[549, 629, 3]
[491, 611, 196]
[502, 660, -68]
[441, 635, 143]
[481, 122, -118]
[489, 110, -120]
[493, 110, -120]
[498, 110, -120]
[478, 111, -109]
[475, 111, -109]
[473, 111, -109]
[510, 114, -91]
[474, 116, -37]
[490, 132, -104]
[478, 133, -89]
[553, 172, -83]
[454, 177, 30]
[529, 244, -108]
[425, 226, 11]
[502, 209, -113]
[451, 178, -59]
[496, 200, -117]
[457, 168, -70]
[499, 193, -118]
[453, 157, -64]
[499, 197, -112]
[466, 168, -61]
[527, 370, -40]
[469, 372, 40]
[521, 494, -45]
[472, 485, 108]
[544, 606, -49]
[481, 540, 222]
[553, 623, -50]
[489, 593, 231]
[514, 650, -124]
[444, 613, 188]
[485, 126, -110]
[493, 113, -113]
[498, 113, -113]
[503, 113, -113]
[482, 114, -100]
[478, 114, -100]
[474, 115, -100]
[515, 117, -84]
[476, 119, -29]
[496, 136, -97]
[482, 136, -81]
[554, 174, -90]
[455, 178, 28]
[527, 250, -117]
[427, 233, -52]
[499, 193, -97]
[468, 212, -201]
[485, 171, -102]
[466, 212, -221]
[492, 169, -99]
[471, 203, -215]
[497, 175, -93]
[471, 205, -204]
[527, 375, -38]
[466, 373, 38]
[521, 492, -47]
[466, 483, 106]
[545, 591, -1]
[476, 542, 207]
[554, 607, 1]
[486, 588, 215]
[519, 636, -63]
[439, 607, 175]
[479, 126, -126]
[489, 113, -128]
[495, 113, -128]
[500, 113, -128]
[477, 114, -115]
[473, 114, -115]
[470, 113, -115]
[515, 117, -87]
[473, 118, -42]
[492, 136, -113]
[478, 137, -97]
[558, 176, -103]
[454, 178, 19]
[530, 242, -191]
[420, 222, 3]
[510, 177, -253]
[423, 165, -69]
[501, 151, -269]
[427, 153, -78]
[512, 147, -265]
[435, 151, -78]
[513, 156, -251]
[437, 158, -73]
[527, 377, -37]
[466, 374, 37]
[522, 491, -35]
[465, 482, 110]
[546, 584, 5]
[474, 548, 224]
[556, 599, 19]
[486, 589, 232]
[520, 629, -40]
[439, 610, 187]
[484, 131, -118]
[493, 118, -119]
[498, 117, -119]
[503, 117, -120]
[480, 118, -107]
[476, 117, -107]
[473, 117, -107]
[516, 119, -88]
[474, 120, -37]
[496, 140, -105]
[481, 140, -89]
[559, 176, -94]
[453, 178, 21]
[536, 237, -191]
[420, 222, -37]
[514, 163, -258]
[428, 157, -161]
[506, 146, -276]
[429, 148, -178]
[517, 142, -267]
[431, 145, -171]
[515, 151, -255]
[434, 154, -164]
[529, 374, -37]
[468, 371, 38]
[521, 488, -52]
[466, 478, 114]
[546, 580, -4]
[473, 546, 232]
[556, 595, -1]
[487, 582, 241]
[518, 624, -70]
[438, 600, 198]
[485, 130, -120]
[493, 117, -121]
[499, 116, -121]
[504, 116, -121]
[481, 117, -110]
[478, 116, -110]
[474, 116, -110]
[516, 118, -89]
[475, 119, -37]
[497, 138, -106]
[481, 138, -91]
[559, 175, -87]
[454, 178, 22]
[545, 237, -189]
[412, 226, -24]
[521, 162, -272]
[406, 170, -142]
[512, 146, -293]
[408, 152, -159]
[519, 141, -284]
[416, 151, -154]
[518, 150, -270]
[424, 154, -145]
[530, 371, -36]
[468, 369, 36]
[521, 487, -56]
[465, 472, 110]
[545, 579, -7]
[474, 544, 222]
[556, 595, -4]
[487, 586, 231]
[517, 620, -73]
[440, 602, 187]
[485, 131, -123]
[493, 118, -122]
[499, 117, -122]
[504, 117, -122]
[481, 118, -112]
[478, 118, -112]
[474, 117, -112]
[515, 119, -87]
[475, 120, -37]
[497, 138, -107]
[481, 139, -93]
[558, 174, -83]
[453, 178, 24]
[551, 237, -186]
[410, 229, -36]
[519, 168, -271]
[402, 172, -174]
[515, 147, -292]
[404, 152, -194]
[521, 142, -282]
[412, 151, -187]
[520, 150, -268]
[422, 153, -176]
[529, 369, -36]
[468, 367, 36]
[521, 486, -56]
[465, 472, 107]
[545, 577, 0]
[474, 545, 219]
[556, 592, 2]
[488, 586, 229]
[517, 618, -65]
[440, 602, 184]
[483, 129, -121]
[492, 116, -121]
[497, 116, -121]
[502, 115, -121]
[480, 117, -110]
[476, 117, -110]
[473, 116, -110]
[513, 119, -88]
[475, 120, -37]
[495, 137, -107]
[480, 138, -92]
[557, 175, -89]
[453, 179, 22]
[549, 237, -192]
[412, 233, -26]
[515, 168, -279]
[398, 176, -157]
[510, 146, -299]
[395, 157, -176]
[518, 141, -291]
[402, 152, -173]
[518, 149, -276]
[406, 160, -161]
[529, 369, -34]
[468, 367, 34]
[521, 486, -40]
[465, 472, 96]
[545, 574, 27]
[474, 545, 204]
[555, 588, 30]
[489, 585, 213]
[517, 614, -41]
[441, 602, 163]
[480, 132, -121]
[488, 118, -123]
[494, 117, -123]
[499, 116, -124]
[477, 119, -110]
[474, 119, -110]
[471, 118, -110]
[513, 119, -97]
[473, 121, -38]
[492, 139, -109]
[477, 140, -92]
[557, 176, -95]
[454, 181, 21]
[550, 239, -193]
[414, 247, -35]
[521, 167, -275]
[396, 177, -192]
[516, 147, -294]
[393, 158, -213]
[521, 142, -285]
[398, 152, -210]
[521, 149, -272]
[403, 160, -196]
[529, 370, -35]
[470, 368, 35]
[521, 486, -27]
[465, 472, 90]
[544, 574, 52]
[476, 555, 190]
[555, 589, 57]
[489, 586, 198]
[515, 614, -3]
[440, 603, 153]
[480, 130, -124]
[489, 116, -125]
[494, 115, -125]
[499, 115, -125]
[477, 117, -112]
[474, 117, -112]
[472, 117, -112]
[513, 119, -97]
[474, 120, -41]
[492, 138, -112]
[478, 139, -95]
[558, 176, -96]
[454, 182, 19]
[554, 243, -188]
[414, 250, -36]
[523, 170, -265]
[398, 179, -192]
[518, 150, -284]
[394, 160, -212]
[523, 145, -275]
[398, 154, -209]
[523, 152, -262]
[403, 162, -196]
[528, 371, -34]
[469, 368, 34]
[519, 485, -21]
[464, 472, 91]
[543, 575, 55]
[475, 547, 192]
[553, 589, 60]
[489, 585, 200]
[514, 614, 0]
[439, 602, 157]
[479, 130, -125]
[489, 115, -127]
[494, 115, -128]
[499, 114, -128]
[477, 116, -114]
[474, 116, -114]
[472, 116, -114]
[513, 119, -103]
[475, 120, -41]
[491, 138, -114]
[477, 139, -96]
[558, 177, -97]
[455, 182, 20]
[555, 247, -190]
[415, 251, -23]
[524, 171, -267]
[397, 181, -164]
[516, 151, -285]
[393, 164, -183]
[522, 145, -277]
[398, 156, -181]
[522, 152, -264]
[403, 164, -168]
[527, 371, -34]
[468, 368, 34]
[519, 486, -11]
[462, 472, 96]
[542, 575, 71]
[475, 545, 203]
[552, 589, 77]
[487, 584, 212]
[513, 615, 18]
[437, 601, 170]
[480, 129, -125]
[489, 115, -127]
[494, 114, -127]
[499, 114, -127]
[478, 116, -114]
[475, 116, -114]
[472, 116, -114]
[514, 119, -103]
[476, 120, -42]
[491, 138, -114]
[477, 138, -96]
[558, 177, -98]
[456, 182, 19]
[553, 249, -191]
[415, 251, -19]
[523, 171, -268]
[397, 182, -149]
[516, 151, -287]
[393, 164, -166]
[522, 146, -279]
[397, 157, -164]
[523, 152, -265]
[402, 165, -153]
[527, 372, -34]
[468, 368, 34]
[519, 487, -8]
[462, 472, 100]
[542, 574, 76]
[474, 544, 210]
[552, 587, 81]
[485, 584, 220]
[513, 615, 21]
[435, 601, 177]
[480, 131, -130]
[489, 116, -133]
[494, 116, -133]
[499, 116, -133]
[478, 117, -119]
[475, 117, -119]
[472, 117, -119]
[514, 120, -109]
[476, 121, -42]
[492, 140, -118]
[478, 140, -99]
[560, 178, -99]
[456, 182, 21]
[557, 255, -191]
[418, 254, -18]
[524, 176, -274]
[395, 185, -174]
[515, 157, -294]
[385, 165, -195]
[521, 151, -287]
[389, 161, -195]
[522, 157, -271]
[396, 168, -179]
[527, 372, -34]
[468, 368, 34]
[519, 487, -6]
[461, 472, 97]
[542, 575, 96]
[474, 546, 209]
[552, 589, 103]
[483, 585, 218]
[514, 616, 43]
[433, 602, 168]
[480, 131, -135]
[489, 117, -138]
[494, 116, -139]
[499, 116, -139]
[477, 118, -124]
[475, 117, -124]
[472, 117, -124]
[514, 121, -112]
[475, 121, -45]
[492, 140, -122]
[477, 140, -103]
[560, 179, -99]
[457, 183, 22]
[558, 258, -190]
[419, 259, 16]
[524, 178, -286]
[391, 197, -108]
[515, 159, -308]
[380, 175, -124]
[522, 153, -301]
[381, 166, -129]
[523, 159, -284]
[388, 175, -115]
[527, 372, -35]
[467, 369, 35]
[519, 488, -11]
[461, 473, 94]
[542, 575, 95]
[474, 572, 207]
[552, 589, 102]
[484, 590, 217]
[514, 616, 41]
[434, 606, 167]
[480, 132, -135]
[489, 117, -139]
[494, 116, -139]
[500, 116, -139]
[478, 118, -125]
[475, 117, -125]
[472, 117, -125]
[514, 121, -112]
[475, 121, -45]
[492, 140, -122]
[478, 140, -103]
[561, 179, -99]
[457, 183, 25]
[557, 261, -190]
[420, 261, 9]
[524, 179, -281]
[388, 203, -121]
[514, 160, -302]
[376, 181, -140]
[521, 154, -296]
[379, 170, -151]
[521, 160, -279]
[386, 180, -131]
[527, 372, -35]
[467, 369, 35]
[519, 490, -13]
[461, 474, 94]
[542, 576, 93]
[474, 578, 207]
[552, 590, 100]
[484, 593, 217]
[514, 618, 39]
[434, 609, 167]
[480, 133, -132]
[489, 118, -135]
[494, 117, -135]
[500, 117, -136]
[478, 118, -121]
[475, 118, -121]
[472, 118, -121]
[515, 121, -113]
[476, 122, -44]
[493, 141, -119]
[478, 141, -101]
[563, 180, -101]
[458, 183, 27]
[554, 263, -187]
[421, 260, 21]
[520, 180, -265]
[379, 203, -101]
[505, 161, -283]
[364, 184, -117]
[513, 155, -278]
[366, 175, -123]
[515, 161, -262]
[374, 184, -109]
[527, 373, -35]
[467, 370, 35]
[519, 491, -14]
[461, 475, 91]
[542, 577, 104]
[474, 579, 207]
[551, 591, 113]
[485, 594, 216]
[514, 619, 58]
[436, 610, 167]
[481, 133, -131]
[490, 118, -135]
[495, 117, -135]
[501, 117, -135]
[478, 119, -120]
[476, 118, -120]
[473, 118, -120]
[515, 122, -112]
[476, 122, -43]
[494, 141, -119]
[478, 142, -100]
[564, 180, -101]
[458, 183, 29]
[553, 263, -185]
[421, 260, 21]
[519, 181, -264]
[378, 203, -105]
[504, 162, -283]
[366, 185, -120]
[511, 156, -277]
[369, 176, -125]
[513, 162, -261]
[375, 185, -111]
[527, 374, -35]
[467, 371, 35]
[519, 492, -17]
[462, 475, 87]
[540, 578, 101]
[475, 577, 203]
[549, 591, 111]
[485, 593, 213]
[513, 619, 55]
[437, 610, 165]
[482, 133, -130]
[491, 118, -134]
[497, 117, -134]
[503, 117, -134]
[479, 118, -120]
[476, 118, -120]
[473, 118, -120]
[517, 122, -111]
[477, 122, -44]
[495, 141, -118]
[479, 141, -99]
[565, 181, -98]
[459, 183, 29]
[555, 263, -184]
[422, 260, 26]
[519, 181, -267]
[381, 206, -88]
[504, 162, -286]
[370, 188, -102]
[511, 156, -280]
[372, 180, -109]
[513, 163, -264]
[379, 187, -95]
[527, 374, -35]
[467, 371, 35]
[519, 492, -16]
[461, 475, 88]
[540, 578, 95]
[475, 576, 203]
[549, 592, 103]
[485, 593, 213]
[513, 619, 45]
[437, 610, 165]
[482, 132, -130]
[492, 116, -133]
[498, 115, -134]
[504, 115, -134]
[480, 116, -119]
[477, 116, -119]
[474, 116, -119]
[518, 121, -112]
[478, 121, -44]
[496, 141, -118]
[480, 141, -99]
[566, 182, -99]
[460, 185, 27]
[555, 264, -184]
[422, 260, 35]
[519, 183, -266]
[381, 208, -60]
[505, 165, -285]
[370, 193, -72]
[512, 159, -279]
[373, 186, -79]
[514, 166, -264]
[379, 192, -67]
[527, 374, -35]
[467, 371, 35]
[519, 492, -13]
[462, 476, 84]
[541, 578, 105]
[473, 575, 199]
[550, 592, 115]
[483, 592, 210]
[513, 619, 58]
[437, 610, 162]
[484, 132, -129]
[494, 115, -133]
[500, 115, -133]
[506, 115, -133]
[481, 116, -119]
[478, 116, -119]
[475, 116, -119]
[520, 121, -114]
[480, 120, -44]
[499, 141, -117]
[482, 141, -99]
[570, 187, -100]
[463, 186, 25]
[555, 266, -185]
[423, 261, 35]
[521, 188, -266]
[381, 210, -56]
[509, 170, -285]
[370, 195, -67]
[520, 159, -279]
[373, 189, -73]
[519, 168, -264]
[379, 194, -62]
[527, 377, -35]
[468, 373, 35]
[519, 496, -15]
[462, 479, 85]
[541, 583, 103]
[473, 578, 206]
[550, 596, 112]
[484, 593, 217]
[513, 627, 56]
[437, 613, 171]
[486, 130, -140]
[497, 114, -144]
[503, 113, -144]
[509, 113, -144]
[483, 115, -130]
[480, 115, -130]
[477, 115, -130]
[522, 119, -119]
[481, 120, -53]
[501, 140, -128]
[483, 140, -109]
[570, 187, -101]
[464, 186, 17]
[557, 266, -199]
[424, 261, 35]
[542, 188, -306]
[380, 211, -45]
[533, 164, -327]
[367, 197, -53]
[544, 150, -321]
[371, 190, -59]
[540, 161, -305]
[377, 195, -50]
[527, 377, -34]
[468, 373, 35]
[519, 496, -22]
[462, 481, 85]
[541, 584, 100]
[473, 584, 207]
[550, 597, 110]
[484, 598, 218]
[515, 628, 54]
[438, 618, 171]
[488, 130, -137]
[498, 113, -142]
[505, 113, -142]
[511, 113, -143]
[484, 115, -127]
[481, 114, -127]
[478, 114, -127]
[523, 118, -122]
[483, 119, -51]
[503, 139, -126]
[485, 140, -106]
[573, 188, -110]
[465, 186, 18]
[556, 268, -191]
[426, 262, 32]
[515, 191, -253]
[379, 211, -68]
[504, 170, -269]
[366, 198, -79]
[521, 155, -266]
[369, 190, -85]
[519, 165, -251]
[376, 195, -74]
[527, 378, -34]
[467, 374, 35]
[519, 498, -21]
[462, 484, 88]
[541, 589, 108]
[473, 587, 217]
[550, 601, 119]
[484, 603, 228]
[515, 633, 63]
[438, 622, 182]
[488, 131, -137]
[498, 115, -140]
[504, 114, -141]
[510, 114, -141]
[485, 116, -126]
[481, 116, -126]
[478, 115, -126]
[524, 119, -123]
[483, 120, -51]
[503, 141, -125]
[485, 141, -105]
[573, 188, -112]
[466, 186, 24]
[548, 271, -179]
[427, 264, 30]
[512, 206, -226]
[380, 213, -77]
[500, 184, -241]
[368, 201, -92]
[513, 169, -239]
[371, 193, -98]
[512, 179, -225]
[377, 198, -85]
[527, 380, -35]
[467, 375, 35]
[520, 500, -26]
[462, 486, 90]
[542, 593, 104]
[473, 588, 222]
[550, 606, 115]
[484, 604, 233]
[515, 636, 58]
[438, 624, 186]
[488, 131, -132]
[498, 114, -138]
[504, 114, -138]
[510, 113, -138]
[485, 116, -122]
[481, 115, -122]
[478, 115, -122]
[523, 118, -121]
[484, 120, -47]
[502, 141, -123]
[485, 141, -101]
[573, 188, -114]
[466, 187, 26]
[553, 270, -184]
[427, 264, 13]
[512, 204, -229]
[381, 219, -130]
[498, 186, -249]
[365, 207, -149]
[511, 171, -255]
[367, 200, -157]
[509, 183, -225]
[374, 204, -139]
[528, 380, -35]
[468, 376, 35]
[520, 500, -27]
[462, 487, 93]
[543, 593, 102]
[473, 589, 220]
[551, 606, 112]
[484, 606, 231]
[516, 634, 56]
[438, 623, 185]
[488, 131, -132]
[498, 114, -138]
[504, 113, -138]
[510, 113, -138]
[485, 115, -122]
[482, 115, -122]
[479, 115, -122]
[524, 117, -120]
[484, 120, -45]
[503, 140, -123]
[486, 141, -101]
[576, 186, -114]
[466, 187, 26]
[558, 270, -178]
[427, 264, -26]
[502, 209, -225]
[381, 221, -216]
[487, 193, -244]
[366, 210, -243]
[493, 182, -242]
[369, 203, -246]
[496, 189, -222]
[375, 207, -224]
[529, 380, -35]
[468, 376, 35]
[520, 500, -23]
[461, 487, 102]
[543, 592, 106]
[474, 588, 233]
[551, 606, 116]
[484, 606, 245]
[518, 634, 56]
[438, 623, 198]
[488, 130, -131]
[498, 113, -137]
[504, 112, -137]
[510, 112, -137]
[485, 115, -120]
[482, 115, -120]
[479, 115, -120]
[524, 116, -120]
[485, 119, -38]
[503, 140, -122]
[486, 141, -98]
[580, 186, -117]
[466, 187, 35]
[567, 268, -194]
[427, 264, -12]
[494, 214, -259]
[382, 228, -197]
[478, 203, -283]
[365, 219, -224]
[480, 194, -276]
[367, 210, -227]
[483, 198, -255]
[376, 214, -205]
[530, 381, -36]
[468, 377, 36]
[520, 501, -36]
[461, 489, 62]
[544, 595, 115]
[474, 597, 186]
[552, 608, 128]
[485, 613, 197]
[520, 638, 68]
[441, 635, 142]
[488, 129, -131]
[498, 113, -137]
[504, 112, -137]
[510, 111, -137]
[485, 114, -119]
[482, 114, -119]
[479, 115, -119]
[524, 115, -119]
[485, 119, -37]
[503, 140, -122]
[486, 141, -98]
[579, 185, -118]
[466, 187, 40]
[565, 268, -198]
[427, 264, 25]
[490, 217, -274]
[378, 231, -120]
[475, 207, -297]
[359, 223, -141]
[473, 198, -291]
[360, 213, -149]
[480, 202, -270]
[369, 216, -129]
[530, 381, -38]
[468, 378, 39]
[520, 503, -41]
[461, 490, 61]
[545, 598, 117]
[474, 600, 185]
[554, 610, 130]
[485, 617, 196]
[520, 641, 71]
[442, 638, 141]
[488, 126, -128]
[498, 109, -133]
[504, 108, -133]
[510, 107, -133]
[485, 112, -116]
[482, 113, -116]
[479, 113, -116]
[524, 112, -112]
[486, 118, -35]
[503, 136, -118]
[486, 139, -95]
[579, 182, -117]
[466, 187, 44]
[565, 264, -199]
[429, 264, 52]
[485, 218, -287]
[373, 236, -71]
[472, 212, -313]
[350, 230, -89]
[471, 201, -309]
[349, 220, -104]
[474, 205, -285]
[359, 222, -82]
[530, 381, -41]
[468, 378, 41]
[520, 504, -55]
[461, 490, 51]
[546, 598, 113]
[475, 600, 175]
[556, 610, 125]
[485, 616, 186]
[520, 643, 68]
[445, 639, 132]
[488, 124, -123]
[498, 107, -130]
[504, 106, -130]
[510, 105, -130]
[485, 110, -112]
[482, 111, -112]
[479, 112, -112]
[524, 111, -113]
[486, 116, -35]
[503, 134, -115]
[486, 137, -91]
[577, 180, -130]
[467, 185, 44]
[509, 261, -164]
[431, 264, 92]
[438, 224, -178]
[373, 248, 25]
[399, 238, -198]
[351, 244, 14]
[406, 220, -200]
[353, 239, -3]
[414, 220, -177]
[363, 239, 14]
[530, 383, -41]
[468, 379, 41]
[520, 507, -59]
[460, 490, 58]
[546, 603, 120]
[474, 601, 185]
[556, 612, 137]
[485, 616, 202]
[520, 655, 88]
[445, 644, 157]
[489, 124, -120]
[498, 107, -128]
[504, 106, -128]
[510, 105, -128]
[485, 110, -111]
[482, 111, -111]
[479, 111, -111]
[525, 111, -116]
[486, 116, -36]
[504, 134, -113]
[487, 137, -90]
[577, 180, -131]
[468, 185, 41]
[509, 260, -163]
[435, 264, 86]
[448, 224, -182]
[372, 250, 16]
[400, 240, -201]
[352, 246, 4]
[406, 222, -202]
[351, 238, -11]
[414, 222, -180]
[361, 239, 5]
[530, 383, -41]
[468, 379, 41]
[520, 508, -50]
[460, 490, 60]
[544, 608, 117]
[474, 601, 190]
[554, 618, 131]
[485, 616, 205]
[518, 658, 78]
[445, 643, 158]
[488, 123, -138]
[498, 107, -147]
[504, 106, -147]
[510, 105, -147]
[485, 110, -129]
[482, 110, -129]
[479, 111, -129]
[525, 111, -139]
[485, 115, -53]
[503, 134, -131]
[486, 136, -106]
[575, 180, -160]
[468, 183, 30]
[479, 252, -164]
[443, 259, 81]
[385, 230, -168]
[425, 270, -38]
[352, 239, -188]
[420, 284, -50]
[367, 231, -188]
[421, 270, -51]
[370, 230, -165]
[427, 266, -45]
[530, 384, -44]
[468, 379, 44]
[520, 509, -47]
[460, 489, 60]
[544, 606, 125]
[474, 601, 193]
[554, 617, 140]
[485, 617, 206]
[518, 657, 83]
[444, 643, 158]
[488, 122, -137]
[497, 107, -146]
[503, 106, -146]
[509, 105, -146]
[485, 109, -127]
[482, 110, -127]
[478, 110, -127]
[525, 110, -137]
[485, 115, -50]
[503, 133, -129]
[486, 135, -105]
[575, 179, -156]
[468, 182, 30]
[478, 249, -169]
[447, 258, 23]
[390, 229, -149]
[447, 269, -118]
[362, 235, -166]
[447, 281, -140]
[372, 221, -166]
[449, 266, -147]
[382, 222, -146]
[454, 263, -127]
[530, 384, -45]
[468, 379, 45]
[520, 509, -49]
[460, 489, 63]
[544, 609, 123]
[474, 602, 199]
[554, 619, 135]
[485, 618, 212]
[517, 661, 81]
[444, 644, 163]
[488, 122, -135]
[497, 107, -144]
[503, 105, -144]
[508, 105, -144]
[485, 109, -125]
[481, 109, -125]
[478, 110, -125]
[525, 110, -140]
[485, 115, -49]
[503, 133, -128]
[486, 135, -103]
[575, 179, -161]
[469, 182, 30]
[473, 248, -172]
[449, 258, 24]
[378, 231, -150]
[438, 270, -104]
[358, 241, -169]
[435, 280, -120]
[365, 231, -169]
[442, 266, -128]
[367, 233, -147]
[445, 259, -112]
[530, 384, -45]
[468, 379, 46]
[519, 509, -47]
[460, 489, 64]
[544, 609, 129]
[473, 602, 200]
[554, 619, 143]
[484, 618, 213]
[516, 661, 89]
[443, 646, 165]
[488, 121, -141]
[497, 105, -150]
[503, 104, -150]
[508, 104, -150]
[485, 108, -130]
[481, 108, -130]
[478, 108, -130]
[525, 110, -143]
[485, 114, -52]
[503, 132, -133]
[486, 134, -107]
[575, 179, -165]
[469, 182, 30]
[468, 240, -183]
[447, 259, 27]
[365, 237, -171]
[435, 270, -104]
[349, 247, -192]
[432, 280, -123]
[351, 237, -190]
[435, 265, -133]
[358, 238, -168]
[440, 262, -113]
[530, 384, -46]
[468, 380, 46]
[519, 509, -49]
[459, 489, 60]
[543, 612, 124]
[473, 606, 197]
[553, 622, 138]
[484, 622, 210]
[516, 666, 83]
[443, 651, 159]
[488, 121, -139]
[496, 105, -147]
[502, 104, -147]
[508, 103, -147]
[484, 107, -128]
[481, 108, -128]
[478, 108, -128]
[524, 109, -144]
[485, 113, -55]
[502, 132, -131]
[486, 134, -106]
[575, 179, -160]
[469, 182, 20]
[483, 256, -180]
[447, 257, 33]
[392, 242, -162]
[432, 266, -54]
[370, 253, -178]
[428, 275, -68]
[372, 239, -176]
[428, 261, -80]
[380, 239, -158]
[434, 258, -63]
[531, 384, -46]
[469, 380, 46]
[518, 507, -35]
[459, 487, 68]
[541, 611, 122]
[471, 599, 205]
[550, 621, 136]
[482, 614, 218]
[515, 663, 81]
[438, 642, 171]
[488, 120, -156]
[497, 104, -163]
[502, 103, -163]
[508, 103, -163]
[485, 107, -147]
[482, 107, -147]
[478, 108, -147]
[525, 109, -145]
[485, 113, -70]
[502, 131, -144]
[486, 134, -123]
[579, 180, -151]
[468, 183, 5]
[533, 288, -159]
[446, 257, -15]
[458, 261, -163]
[435, 265, -151]
[423, 276, -179]
[436, 275, -171]
[432, 256, -177]
[436, 255, -178]
[440, 255, -160]
[441, 254, -159]
[532, 385, -45]
[469, 380, 46]
[518, 506, -35]
[459, 486, 100]
[539, 608, 110]
[468, 592, 246]
[548, 620, 121]
[478, 608, 259]
[513, 654, 55]
[431, 630, 209]
[489, 120, -157]
[497, 104, -163]
[503, 103, -163]
[508, 102, -164]
[485, 106, -148]
[482, 107, -148]
[479, 107, -148]
[525, 108, -144]
[485, 113, -70]
[503, 131, -145]
[487, 133, -124]
[580, 180, -143]
[468, 183, 5]
[543, 292, -152]
[443, 257, -13]
[468, 264, -164]
[430, 264, -152]
[435, 280, -181]
[429, 271, -172]
[443, 260, -179]
[429, 253, -181]
[457, 255, -161]
[434, 254, -161]
[532, 385, -44]
[469, 379, 44]
[517, 506, -35]
[459, 484, 101]
[539, 605, 108]
[467, 589, 247]
[546, 617, 118]
[476, 605, 260]
[513, 649, 52]
[428, 626, 210]
[489, 119, -163]
[497, 103, -167]
[503, 102, -167]
[509, 101, -167]
[485, 106, -153]
[482, 106, -153]
[479, 107, -153]
[525, 108, -142]
[485, 112, -73]
[503, 130, -148]
[487, 133, -129]
[580, 180, -132]
[467, 183, 7]
[559, 293, -159]
[438, 260, 41]
[483, 279, -222]
[374, 263, -49]
[455, 296, -244]
[359, 268, -62]
[458, 275, -244]
[357, 253, -84]
[465, 271, -221]
[368, 253, -62]
[532, 385, -40]
[470, 379, 40]
[517, 504, -31]
[459, 484, 75]
[537, 602, 113]
[465, 589, 209]
[544, 615, 123]
[474, 606, 220]
[513, 646, 56]
[430, 628, 159]
[489, 119, -164]
[498, 103, -169]
[503, 102, -169]
[509, 101, -169]
[486, 105, -155]
[482, 106, -155]
[479, 106, -155]
[525, 108, -141]
[485, 112, -73]
[503, 130, -149]
[487, 132, -130]
[581, 180, -123]
[466, 183, 10]
[572, 288, -162]
[436, 262, 83]
[490, 283, -263]
[368, 267, 25]
[467, 296, -290]
[350, 269, 15]
[468, 271, -289]
[344, 258, -10]
[476, 272, -263]
[355, 261, 12]
[532, 384, -38]
[470, 378, 38]
[514, 504, -44]
[459, 485, 40]
[529, 604, 106]
[464, 594, 173]
[536, 618, 117]
[472, 610, 184]
[506, 646, 46]
[433, 635, 117]
[489, 118, -169]
[498, 102, -171]
[504, 101, -171]
[509, 101, -172]
[486, 105, -159]
[482, 105, -159]
[479, 106, -159]
[525, 107, -138]
[485, 112, -74]
[504, 130, -152]
[487, 132, -134]
[581, 180, -120]
[465, 184, 12]
[580, 285, -179]
[436, 264, 87]
[507, 289, -306]
[367, 269, 24]
[487, 296, -337]
[350, 270, 14]
[486, 277, -335]
[344, 259, -11]
[488, 276, -306]
[360, 264, 10]
[533, 384, -38]
[469, 377, 38]
[514, 504, -43]
[459, 485, 51]
[528, 603, 115]
[464, 595, 189]
[535, 617, 128]
[472, 610, 201]
[506, 645, 56]
[434, 636, 139]
[489, 118, -165]
[498, 102, -168]
[504, 101, -168]
[509, 101, -168]
[486, 104, -154]
[482, 105, -154]
[479, 105, -154]
[525, 107, -136]
[485, 112, -71]
[503, 130, -148]
[487, 132, -130]
[581, 180, -119]
[465, 184, 18]
[585, 284, -180]
[436, 267, 82]
[514, 299, -304]
[372, 276, -10]
[498, 309, -336]
[353, 276, -24]
[489, 289, -337]
[353, 268, -49]
[494, 287, -305]
[362, 268, -23]
[533, 384, -38]
[469, 377, 39]
[514, 504, -44]
[457, 486, 45]
[527, 602, 133]
[464, 598, 189]
[534, 615, 149]
[472, 613, 201]
[503, 644, 83]
[434, 640, 138]
[489, 117, -167]
[498, 102, -170]
[504, 101, -170]
[509, 100, -170]
[486, 104, -156]
[482, 104, -156]
[479, 105, -156]
[524, 107, -136]
[485, 111, -71]
[503, 129, -150]
[487, 131, -131]
[581, 180, -120]
[464, 184, 18]
[584, 283, -178]
[436, 268, 81]
[513, 301, -297]
[373, 279, -7]
[495, 316, -329]
[353, 281, -21]
[488, 291, -331]
[352, 271, -46]
[491, 289, -298]
[363, 270, -20]
[533, 384, -38]
[469, 377, 38]
[514, 504, -43]
[457, 487, 50]
[525, 602, 151]
[464, 601, 192]
[532, 614, 167]
[472, 616, 207]
[503, 645, 103]
[435, 644, 145]
[489, 117, -168]
[498, 101, -172]
[503, 101, -172]
[509, 100, -172]
[485, 104, -157]
[482, 104, -157]
[479, 105, -157]
[524, 106, -138]
[485, 111, -71]
[503, 129, -151]
[487, 131, -132]
[581, 178, -120]
[463, 184, 15]
[587, 278, -176]
[434, 269, 60]
[520, 305, -293]
[372, 280, -71]
[504, 318, -325]
[352, 282, -93]
[492, 301, -329]
[349, 271, -118]
[494, 295, -294]
[360, 272, -86]
[534, 382, -35]
[469, 376, 36]
[515, 504, -39]
[457, 488, 45]
[526, 597, 160]
[467, 585, 192]
[532, 607, 177]
[472, 617, 206]
[503, 642, 111]
[441, 648, 138]
[488, 117, -167]
[497, 101, -170]
[503, 100, -170]
[508, 99, -171]
[485, 103, -156]
[482, 104, -156]
[478, 104, -156]
[524, 106, -137]
[484, 110, -70]
[502, 128, -151]
[486, 130, -132]
[581, 177, -119]
[461, 184, 16]
[589, 278, -173]
[431, 271, 52]
[523, 308, -284]
[368, 285, -81]
[509, 324, -316]
[348, 289, -103]
[497, 307, -320]
[343, 275, -128]
[500, 302, -285]
[354, 277, -96]
[535, 379, -36]
[469, 374, 36]
[515, 504, -39]
[456, 488, 47]
[526, 597, 146]
[468, 568, 189]
[532, 607, 161]
[472, 617, 201]
[502, 642, 98]
[437, 647, 136]
[487, 116, -160]
[496, 101, -163]
[502, 100, -164]
[508, 99, -164]
[484, 102, -148]
[481, 103, -148]
[478, 103, -148]
[524, 105, -133]
[484, 109, -61]
[501, 128, -145]
[485, 129, -124]
[580, 177, -122]
[460, 184, 29]
[589, 274, -174]
[429, 273, 74]
[533, 319, -278]
[362, 299, -39]
[523, 341, -311]
[339, 306, -58]
[515, 337, -320]
[337, 298, -87]
[513, 322, -282]
[350, 297, -55]
[534, 379, -41]
[468, 375, 41]
[515, 506, -46]
[455, 490, 71]
[526, 606, 142]
[466, 591, 228]
[532, 618, 158]
[472, 619, 242]
[497, 653, 93]
[432, 646, 184]
[487, 115, -161]
[496, 100, -164]
[502, 99, -164]
[508, 98, -164]
[484, 102, -149]
[481, 102, -149]
[478, 102, -149]
[524, 105, -134]
[483, 108, -61]
[500, 127, -146]
[484, 128, -125]
[579, 177, -131]
[459, 184, 27]
[588, 273, -173]
[429, 275, 68]
[531, 325, -275]
[366, 310, -51]
[519, 348, -303]
[346, 324, -71]
[507, 339, -309]
[344, 318, -99]
[509, 330, -275]
[356, 314, -67]
[534, 379, -44]
[468, 375, 44]
[515, 506, -54]
[454, 490, 72]
[527, 608, 134]
[462, 596, 227]
[534, 620, 150]
[471, 618, 240]
[498, 655, 81]
[427, 644, 181]
[486, 114, -161]
[495, 99, -164]
[501, 99, -164]
[507, 98, -164]
[483, 101, -149]
[480, 101, -149]
[477, 101, -149]
[523, 104, -135]
[483, 107, -62]
[499, 126, -146]
[484, 128, -125]
[579, 177, -135]
[459, 184, 26]
[587, 272, -175]
[429, 275, 68]
[531, 325, -272]
[369, 309, -49]
[518, 348, -302]
[349, 323, -68]
[506, 339, -310]
[347, 316, -98]
[508, 330, -274]
[358, 311, -65]
[534, 379, -45]
[467, 375, 45]
[515, 506, -59]
[453, 491, 69]
[527, 609, 131]
[461, 599, 225]
[535, 621, 147]
[471, 618, 238]
[498, 657, 79]
[427, 644, 178]
[485, 115, -166]
[493, 100, -171]
[499, 99, -171]
[505, 99, -171]
[482, 101, -154]
[479, 101, -154]
[476, 101, -154]
[522, 105, -146]
[482, 107, -68]
[497, 127, -154]
[483, 128, -131]
[579, 178, -141]
[458, 185, 18]
[589, 273, -180]
[428, 276, 63]
[534, 330, -276]
[370, 317, -54]
[520, 353, -308]
[351, 333, -72]
[507, 345, -314]
[348, 326, -101]
[510, 336, -278]
[358, 322, -70]
[534, 380, -44]
[467, 375, 44]
[515, 506, -73]
[451, 491, 29]
[526, 613, 116]
[461, 605, 186]
[534, 625, 131]
[471, 621, 200]
[500, 661, 65]
[427, 649, 136]
[483, 115, -171]
[492, 100, -176]
[497, 100, -177]
[503, 99, -177]
[481, 101, -159]
[478, 101, -159]
[476, 101, -159]
[520, 105, -156]
[482, 107, -76]
[495, 127, -160]
[481, 128, -137]
[579, 180, -151]
[458, 185, 10]
[590, 276, -181]
[428, 278, 59]
[530, 340, -268]
[371, 320, -54]
[515, 365, -302]
[350, 335, -72]
[502, 355, -309]
[347, 328, -99]
[506, 346, -269]
[357, 324, -69]
[534, 382, -44]
[467, 376, 44]
[515, 506, -72]
[449, 491, 39]
[523, 618, 120]
[458, 606, 197]
[530, 629, 135]
[468, 621, 213]
[500, 665, 69]
[426, 648, 150]
[483, 115, -169]
[492, 100, -174]
[497, 100, -174]
[503, 99, -174]
[481, 101, -158]
[478, 101, -158]
[475, 101, -158]
[520, 105, -156]
[482, 107, -74]
[495, 127, -157]
[481, 128, -135]
[580, 180, -152]
[457, 185, 11]
[590, 277, -182]
[428, 278, 77]
[535, 344, -269]
[372, 322, -12]
[519, 371, -302]
[349, 336, -25]
[504, 361, -311]
[346, 331, -55]
[508, 352, -271]
[357, 328, -27]
[534, 384, -44]
[466, 377, 44]
[515, 509, -67]
[450, 494, 63]
[523, 618, 128]
[458, 606, 238]
[529, 629, 145]
[468, 622, 253]
[500, 666, 78]
[427, 649, 193]
[483, 115, -184]
[492, 100, -188]
[497, 99, -188]
[503, 99, -189]
[481, 101, -172]
[478, 101, -172]
[475, 101, -172]
[520, 105, -163]
[481, 107, -85]
[495, 127, -171]
[481, 128, -149]
[580, 181, -157]
[457, 185, 5]
[590, 281, -181]
[427, 279, 77]
[533, 355, -264]
[370, 327, -6]
[517, 383, -298]
[346, 340, -18]
[504, 373, -309]
[343, 334, -50]
[508, 364, -267]
[353, 332, -22]
[534, 386, -44]
[464, 379, 44]
[514, 512, -82]
[449, 495, 33]
[518, 620, 123]
[458, 608, 222]
[524, 631, 140]
[468, 623, 241]
[500, 668, 72]
[429, 651, 169]
[483, 114, -183]
[492, 99, -187]
[497, 99, -187]
[503, 98, -187]
[481, 100, -171]
[478, 100, -171]
[475, 100, -171]
[520, 105, -161]
[481, 106, -84]
[495, 127, -170]
[481, 128, -148]
[580, 181, -157]
[456, 186, 7]
[590, 282, -181]
[427, 279, 80]
[532, 358, -262]
[370, 327, -6]
[517, 385, -296]
[346, 341, -19]
[503, 375, -308]
[342, 335, -51]
[508, 366, -265]
[353, 332, -22]
[534, 387, -44]
[464, 380, 44]
[513, 513, -91]
[449, 496, 30]
[517, 623, 117]
[459, 611, 219]
[523, 634, 134]
[468, 625, 240]
[500, 672, 65]
[429, 653, 164]
[483, 112, -199]
[492, 96, -199]
[497, 95, -199]
[503, 95, -199]
[481, 98, -184]
[478, 98, -184]
[475, 98, -184]
[520, 102, -161]
[480, 105, -93]
[495, 124, -182]
[481, 126, -163]
[580, 181, -158]
[455, 186, 0]
[589, 284, -181]
[427, 281, 54]
[531, 368, -252]
[370, 331, -52]
[515, 393, -286]
[346, 344, -69]
[502, 382, -296]
[343, 338, -101]
[507, 374, -255]
[353, 336, -68]
[534, 388, -44]
[463, 381, 44]
[513, 513, -95]
[447, 496, 0]
[517, 622, 109]
[458, 612, 174]
[524, 632, 125]
[468, 627, 189]
[501, 672, 57]
[429, 654, 117]
[483, 109, -199]
[492, 93, -200]
[497, 92, -200]
[503, 92, -200]
[480, 95, -185]
[477, 95, -185]
[474, 96, -186]
[521, 99, -164]
[479, 102, -95]
[495, 122, -183]
[481, 123, -164]
[580, 181, -165]
[454, 186, 0]
[590, 285, -180]
[427, 282, 68]
[531, 374, -247]
[370, 338, -13]
[517, 399, -280]
[347, 351, -24]
[503, 389, -291]
[343, 345, -58]
[508, 381, -250]
[354, 344, -28]
[534, 389, -47]
[462, 381, 47]
[513, 513, -92]
[447, 496, 4]
[518, 621, 109]
[458, 611, 199]
[524, 632, 125]
[468, 628, 213]
[501, 671, 59]
[428, 654, 145]
[483, 108, -204]
[492, 92, -205]
[497, 91, -205]
[504, 91, -205]
[480, 94, -190]
[477, 94, -190]
[473, 94, -190]
[521, 98, -169]
[478, 101, -99]
[495, 121, -188]
[480, 123, -168]
[580, 181, -171]
[453, 186, -1]
[591, 288, -181]
[426, 284, 71]
[534, 377, -246]
[370, 341, -11]
[521, 403, -279]
[347, 354, -23]
[507, 395, -290]
[344, 349, -56]
[512, 385, -249]
[354, 347, -27]
[534, 392, -47]
[461, 383, 47]
[514, 516, -86]
[447, 498, 49]
[518, 628, 112]
[458, 614, 236]
[525, 638, 128]
[468, 631, 252]
[500, 678, 61]
[428, 655, 183]
[483, 107, -215]
[492, 91, -214]
[498, 90, -214]
[504, 89, -215]
[480, 92, -200]
[477, 93, -200]
[473, 93, -200]
[521, 97, -174]
[477, 100, -107]
[495, 120, -197]
[480, 122, -178]
[580, 181, -173]
[451, 187, -10]
[592, 289, -185]
[426, 287, 59]
[538, 380, -249]
[370, 347, -30]
[528, 406, -282]
[348, 359, -43]
[513, 398, -290]
[345, 355, -77]
[518, 388, -252]
[356, 354, -46]
[534, 396, -47]
[461, 387, 47]
[516, 519, -85]
[447, 501, 44]
[518, 627, 117]
[458, 613, 228]
[525, 638, 133]
[468, 630, 244]
[500, 679, 62]
[428, 655, 175]
[483, 105, -218]
[493, 90, -217]
[499, 89, -217]
[505, 89, -217]
[480, 91, -203]
[477, 91, -203]
[473, 92, -203]
[521, 97, -173]
[477, 99, -110]
[496, 119, -199]
[480, 121, -181]
[580, 181, -171]
[450, 188, -11]
[592, 290, -184]
[425, 288, 59]
[540, 380, -249]
[371, 348, -30]
[529, 408, -282]
[348, 360, -43]
[515, 401, -291]
[345, 357, -77]
[519, 391, -253]
[356, 356, -46]
[535, 397, -46]
[461, 389, 47]
[517, 520, -79]
[447, 502, 43]
[518, 627, 135]
[461, 614, 231]
[525, 637, 152]
[470, 630, 247]
[502, 678, 80]
[434, 655, 177]
[483, 105, -215]
[492, 90, -215]
[498, 89, -215]
[505, 88, -215]
[479, 91, -200]
[476, 92, -200]
[472, 92, -200]
[521, 96, -174]
[475, 99, -106]
[496, 119, -197]
[479, 121, -178]
[580, 181, -172]
[449, 189, -7]
[592, 290, -184]
[425, 288, 64]
[539, 388, -248]
[372, 351, -28]
[529, 417, -282]
[348, 364, -41]
[514, 408, -292]
[346, 360, -74]
[518, 398, -252]
[357, 358, -44]
[535, 400, -46]
[461, 391, 47]
[519, 520, -73]
[448, 506, 67]
[518, 634, 142]
[461, 620, 260]
[526, 645, 159]
[470, 636, 277]
[502, 685, 87]
[433, 661, 207]
[481, 106, -224]
[491, 90, -227]
[497, 89, -227]
[504, 89, -227]
[477, 92, -210]
[474, 92, -210]
[470, 92, -210]
[521, 96, -192]
[474, 99, -116]
[494, 119, -208]
[477, 121, -187]
[580, 182, -195]
[449, 189, -10]
[593, 293, -192]
[425, 288, 68]
[543, 398, -243]
[376, 356, -15]
[537, 430, -277]
[352, 371, -25]
[519, 425, -290]
[352, 369, -60]
[521, 413, -247]
[364, 367, -31]
[534, 404, -52]
[461, 393, 52]
[519, 526, -73]
[448, 510, 103]
[520, 648, 137]
[460, 629, 297]
[528, 659, 153]
[469, 648, 314]
[502, 701, 83]
[426, 666, 248]
[479, 106, -231]
[490, 90, -233]
[496, 89, -233]
[504, 89, -233]
[476, 92, -217]
[472, 92, -217]
[469, 92, -217]
[520, 96, -196]
[472, 99, -122]
[493, 119, -215]
[476, 121, -193]
[580, 184, -198]
[448, 190, -19]
[593, 302, -193]
[425, 291, 56]
[542, 412, -237]
[382, 361, -24]
[537, 449, -272]
[358, 377, -34]
[519, 444, -285]
[358, 375, -69]
[520, 430, -242]
[372, 374, -40]
[532, 408, -52]
[459, 395, 52]
[519, 531, -71]
[448, 519, 115]
[516, 670, 135]
[455, 647, 308]
[524, 683, 150]
[462, 668, 325]
[497, 719, 70]
[419, 684, 252]
[477, 106, -239]
[487, 90, -242]
[494, 89, -242]
[502, 89, -242]
[473, 92, -226]
[470, 92, -226]
[466, 92, -226]
[519, 96, -208]
[471, 99, -134]
[490, 119, -223]
[473, 121, -202]
[580, 185, -202]
[447, 190, -36]
[592, 307, -191]
[425, 291, 32]
[547, 420, -232]
[385, 366, -52]
[545, 455, -264]
[363, 385, -64]
[527, 450, -280]
[365, 385, -98]
[526, 436, -237]
[377, 381, -68]
[531, 410, -51]
[457, 395, 52]
[519, 536, -74]
[448, 523, 114]
[515, 678, 116]
[455, 648, 314]
[523, 692, 129]
[463, 669, 330]
[495, 729, 46]
[418, 687, 256]
[475, 106, -245]
[486, 90, -248]
[493, 89, -248]
[501, 89, -248]
[472, 92, -232]
[469, 92, -232]
[465, 92, -232]
[518, 95, -212]
[471, 99, -138]
[489, 119, -229]
[472, 121, -208]
[580, 185, -206]
[447, 190, -40]
[591, 310, -196]
[425, 293, 29]
[548, 422, -236]
[387, 370, -56]
[546, 457, -269]
[367, 389, -68]
[528, 452, -280]
[368, 389, -102]
[527, 438, -241]
[379, 384, -71]
[530, 412, -51]
[456, 396, 51]
[519, 538, -74]
[448, 526, 116]
[515, 682, 116]
[455, 651, 319]
[522, 695, 130]
[462, 672, 336]
[494, 735, 45]
[417, 691, 260]
[473, 107, -244]
[484, 90, -246]
[491, 89, -246]
[499, 89, -247]
[470, 92, -230]
[466, 92, -230]
[463, 92, -230]
[517, 95, -207]
[469, 99, -132]
[487, 120, -227]
[471, 122, -205]
[580, 186, -197]
[445, 191, -37]
[591, 312, -187]
[425, 296, 25]
[550, 428, -231]
[391, 373, -74]
[549, 462, -265]
[373, 392, -90]
[531, 458, -280]
[374, 391, -123]
[529, 444, -237]
[386, 386, -90]
[530, 413, -50]
[456, 398, 50]
[519, 540, -63]
[449, 534, 118]
[511, 687, 155]
[450, 672, 330]
[517, 701, 172]
[457, 692, 348]
[490, 739, 83]
[418, 715, 260]
[470, 107, -260]
[482, 90, -261]
[489, 89, -261]
[497, 88, -261]
[468, 92, -246]
[464, 92, -246]
[461, 92, -246]
[515, 95, -215]
[468, 99, -147]
[484, 120, -241]
[468, 122, -221]
[579, 187, -194]
[443, 195, -59]
[591, 311, -174]
[424, 304, 4]
[557, 430, -214]
[397, 383, -85]
[557, 465, -245]
[385, 406, -100]
[541, 464, -261]
[387, 407, -132]
[538, 448, -220]
[397, 397, -100]
[532, 414, -45]
[456, 402, 46]
[520, 541, -56]
[449, 536, 119]
[511, 693, 163]
[440, 685, 330]
[517, 710, 179]
[445, 707, 348]
[491, 746, 84]
[413, 730, 250]
[468, 106, -257]
[479, 89, -257]
[486, 88, -257]
[494, 87, -258]
[465, 91, -243]
[462, 91, -243]
[459, 92, -243]
[512, 94, -213]
[466, 98, -145]
[482, 119, -239]
[466, 121, -220]
[579, 187, -192]
[440, 197, -63]
[591, 315, -168]
[422, 308, -1]
[560, 434, -215]
[398, 391, -91]
[562, 468, -246]
[388, 417, -107]
[545, 468, -263]
[390, 419, -140]
[542, 453, -221]
[400, 409, -107]
[535, 417, -43]
[457, 407, 43]
[522, 545, -54]
[451, 545, 117]
[514, 706, 169]
[441, 703, 327]
[519, 724, 186]
[446, 726, 345]
[491, 759, 86]
[414, 751, 244]
[465, 105, -251]
[476, 88, -251]
[483, 87, -251]
[491, 86, -252]
[462, 90, -236]
[459, 90, -236]
[457, 91, -236]
[511, 92, -209]
[464, 97, -138]
[480, 119, -233]
[464, 121, -212]
[579, 187, -187]
[439, 197, -52]
[591, 317, -156]
[421, 307, 10]
[564, 437, -193]
[399, 389, -79]
[568, 470, -223]
[388, 413, -95]
[550, 471, -240]
[394, 411, -126]
[546, 457, -200]
[401, 406, -94]
[535, 421, -41]
[457, 410, 42]
[523, 549, -55]
[451, 549, 113]
[514, 712, 171]
[441, 711, 328]
[519, 731, 188]
[446, 735, 345]
[492, 765, 87]
[415, 760, 241]
[464, 105, -254]
[475, 87, -254]
[482, 86, -254]
[489, 86, -254]
[461, 89, -238]
[458, 90, -238]
[455, 91, -239]
[509, 92, -207]
[463, 97, -136]
[478, 119, -234]
[462, 121, -214]
[579, 188, -182]
[438, 197, -47]
[591, 320, -154]
[421, 308, 13]
[565, 441, -198]
[400, 390, -85]
[569, 473, -230]
[390, 413, -103]
[552, 473, -249]
[395, 410, -135]
[548, 459, -206]
[400, 404, -101]
[537, 423, -41]
[457, 411, 42]
[522, 587, -49]
[451, 556, 123]
[514, 717, 173]
[442, 717, 344]
[520, 736, 190]
[447, 741, 362]
[492, 769, 85]
[416, 766, 253]
[462, 105, -249]
[473, 87, -249]
[480, 86, -249]
[488, 85, -250]
[459, 89, -234]
[456, 90, -234]
[454, 90, -234]
[507, 91, -203]
[462, 96, -134]
[477, 119, -230]
[461, 121, -210]
[579, 188, -173]
[437, 196, -45]
[591, 320, -148]
[421, 309, 15]
[568, 441, -195]
[405, 395, -82]
[573, 473, -227]
[399, 420, -99]
[556, 473, -245]
[401, 418, -131]
[551, 460, -203]
[406, 409, -97]
[539, 424, -40]
[457, 413, 41]
[522, 594, -51]
[451, 553, 116]
[517, 719, 167]
[443, 718, 329]
[523, 738, 183]
[448, 742, 347]
[494, 773, 84]
[418, 768, 249]
[460, 104, -247]
[471, 86, -247]
[478, 85, -247]
[485, 84, -247]
[457, 89, -232]
[454, 89, -232]
[452, 90, -232]
[505, 90, -203]
[460, 95, -132]
[475, 118, -228]
[459, 121, -208]
[579, 188, -175]
[436, 196, -44]
[591, 322, -155]
[421, 311, 34]
[569, 445, -199]
[405, 400, -42]
[575, 478, -230]
[401, 427, -55]
[557, 479, -248]
[400, 425, -88]
[552, 465, -206]
[407, 417, -57]
[539, 425, -41]
[457, 415, 41]
[523, 596, -49]
[453, 554, 124]
[521, 722, 172]
[445, 719, 339]
[526, 742, 189]
[450, 743, 357]
[498, 775, 86]
[425, 768, 254]
[457, 104, -231]
[468, 85, -234]
[475, 84, -234]
[482, 83, -234]
[454, 88, -216]
[452, 88, -216]
[449, 89, -216]
[503, 88, -199]
[458, 94, -114]
[472, 118, -216]
[457, 121, -192]
[579, 188, -176]
[434, 196, -25]
[592, 322, -157]
[422, 313, 48]
[576, 448, -189]
[404, 402, -37]
[582, 481, -218]
[398, 428, -49]
[564, 485, -234]
[398, 427, -82]
[560, 471, -195]
[405, 421, -53]
[539, 428, -43]
[456, 418, 43]
[524, 605, -60]
[454, 557, 121]
[525, 732, 171]
[449, 728, 333]
[532, 753, 189]
[454, 752, 350]
[503, 785, 87]
[431, 778, 240]
[455, 103, -231]
[466, 84, -234]
[473, 83, -234]
[480, 82, -234]
[453, 87, -216]
[450, 87, -216]
[447, 88, -216]
[501, 87, -199]
[457, 94, -116]
[470, 117, -216]
[455, 120, -192]
[579, 188, -178]
[432, 196, -27]
[592, 323, -158]
[422, 314, 45]
[579, 449, -187]
[405, 404, -40]
[587, 483, -215]
[400, 430, -51]
[571, 487, -231]
[399, 430, -84]
[565, 474, -193]
[406, 422, -56]
[540, 429, -43]
[456, 419, 43]
[527, 603, -65]
[454, 558, 119]
[534, 734, 165]
[454, 730, 332]
[541, 755, 182]
[459, 754, 349]
[518, 787, 73]
[437, 780, 241]
[454, 103, -229]
[465, 84, -232]
[472, 83, -232]
[480, 82, -232]
[452, 87, -215]
[449, 87, -215]
[446, 88, -215]
[501, 87, -198]
[456, 93, -115]
[470, 117, -214]
[454, 120, -191]
[578, 188, -178]
[432, 196, -25]
[592, 324, -159]
[422, 313, 47]
[581, 452, -193]
[405, 405, -40]
[589, 485, -223]
[397, 430, -51]
[572, 490, -238]
[398, 431, -85]
[567, 476, -199]
[404, 423, -56]
[540, 429, -43]
[456, 420, 43]
[527, 606, -78]
[454, 562, 114]
[535, 736, 150]
[455, 731, 326]
[542, 757, 167]
[460, 755, 342]
[518, 789, 62]
[438, 783, 233]
[452, 103, -212]
[463, 84, -217]
[470, 83, -217]
[478, 82, -217]
[449, 87, -198]
[447, 87, -198]
[444, 88, -198]
[500, 87, -192]
[454, 93, -102]
[467, 117, -200]
[451, 120, -174]
[579, 189, -176]
[430, 196, -19]
[593, 324, -153]
[422, 315, 50]
[583, 453, -176]
[404, 408, -36]
[592, 488, -203]
[397, 433, -47]
[576, 493, -218]
[397, 433, -79]
[570, 479, -181]
[403, 426, -51]
[541, 433, -43]
[455, 423, 44]
[529, 612, -79]
[454, 566, 113]
[537, 745, 154]
[456, 739, 324]
[545, 766, 172]
[461, 762, 342]
[518, 797, 63]
[442, 792, 235]
[451, 103, -215]
[463, 84, -220]
[470, 83, -220]
[477, 82, -220]
[449, 87, -200]
[446, 87, -200]
[444, 88, -200]
[499, 87, -193]
[454, 94, -103]
[467, 117, -202]
[451, 120, -176]
[579, 189, -182]
[430, 198, -15]
[595, 330, -158]
[423, 320, 68]
[586, 462, -182]
[408, 420, -2]
[593, 497, -210]
[404, 446, -9]
[576, 501, -225]
[406, 448, -43]
[571, 487, -187]
[408, 437, -17]
[544, 442, -48]
[457, 430, 48]
[531, 621, -76]
[455, 583, 125]
[537, 758, 149]
[457, 751, 336]
[545, 780, 165]
[462, 775, 353]
[516, 809, 57]
[440, 803, 247]
[451, 103, -200]
[462, 84, -205]
[469, 83, -205]
[477, 82, -205]
[448, 87, -185]
[446, 87, -185]
[443, 88, -185]
[499, 87, -181]
[453, 94, -86]
[466, 118, -188]
[450, 121, -161]
[579, 190, -178]
[430, 199, 6]
[598, 332, -158]
[425, 320, 91]
[589, 465, -178]
[410, 418, 21]
[598, 497, -207]
[405, 443, 13]
[581, 502, -220]
[406, 444, -20]
[575, 490, -182]
[410, 436, 5]
[546, 445, -54]
[460, 434, 55]
[533, 621, -70]
[460, 610, 136]
[539, 759, 133]
[461, 753, 333]
[549, 782, 146]
[467, 778, 349]
[516, 808, 43]
[442, 802, 250]
[450, 103, -201]
[461, 84, -206]
[468, 83, -206]
[475, 82, -206]
[447, 87, -185]
[445, 87, -185]
[442, 88, -185]
[499, 87, -182]
[453, 94, -85]
[465, 118, -189]
[449, 121, -162]
[580, 191, -177]
[430, 200, 5]
[600, 334, -157]
[426, 320, 92]
[590, 466, -176]
[410, 415, 24]
[600, 497, -204]
[404, 441, 16]
[583, 501, -217]
[405, 441, -17]
[577, 490, -180]
[409, 432, 8]
[546, 448, -54]
[460, 437, 55]
[535, 625, -67]
[460, 618, 134]
[541, 762, 150]
[461, 756, 343]
[551, 785, 166]
[467, 781, 362]
[515, 811, 62]
[444, 807, 265]
[450, 103, -205]
[461, 84, -209]
[468, 83, -209]
[476, 82, -209]
[447, 87, -189]
[445, 87, -189]
[442, 88, -189]
[499, 87, -183]
[454, 93, -87]
[466, 118, -192]
[449, 121, -165]
[581, 192, -177]
[431, 200, 9]
[602, 334, -156]
[429, 321, 110]
[592, 468, -177]
[410, 414, 49]
[601, 500, -206]
[403, 439, 43]
[584, 504, -220]
[404, 441, 7]
[579, 492, -182]
[408, 431, 33]
[547, 452, -54]
[460, 440, 54]
[534, 629, -61]
[459, 622, 133]
[540, 767, 152]
[461, 760, 343]
[549, 790, 168]
[467, 784, 361]
[515, 815, 63]
[443, 809, 261]
[450, 104, -204]
[461, 84, -210]
[468, 83, -210]
[476, 82, -210]
[448, 87, -189]
[445, 87, -189]
[442, 88, -189]
[499, 87, -184]
[454, 93, -88]
[466, 118, -192]
[450, 121, -164]
[584, 193, -174]
[431, 201, 2]
[606, 334, -151]
[429, 321, 98]
[593, 466, -168]
[410, 413, 13]
[601, 499, -195]
[405, 438, 0]
[585, 502, -211]
[409, 442, -30]
[579, 490, -173]
[410, 430, -2]
[549, 457, -52]
[460, 444, 53]
[534, 635, -59]
[459, 628, 133]
[539, 774, 152]
[461, 767, 344]
[548, 797, 167]
[467, 792, 362]
[515, 824, 60]
[442, 819, 261]
[452, 103, -203]
[464, 84, -208]
[471, 82, -208]
[479, 81, -208]
[449, 86, -187]
[445, 87, -187]
[442, 88, -187]
[503, 87, -184]
[454, 93, -85]
[468, 118, -191]
[451, 121, -163]
[587, 194, -175]
[431, 200, 4]
[608, 335, -156]
[430, 321, 86]
[592, 467, -170]
[410, 413, 3]
[601, 499, -196]
[403, 437, -7]
[586, 503, -213]
[402, 442, -39]
[579, 491, -173]
[407, 429, -11]
[550, 461, -52]
[460, 445, 52]
[535, 641, -67]
[452, 631, 130]
[539, 781, 160]
[456, 771, 347]
[549, 806, 178]
[461, 795, 366]
[515, 830, 70]
[442, 825, 267]
[456, 103, -202]
[469, 83, -208]
[477, 82, -208]
[486, 81, -208]
[452, 86, -187]
[448, 87, -187]
[444, 88, -187]
[509, 87, -183]
[456, 93, -86]
[475, 118, -190]
[454, 121, -162]
[592, 194, -168]
[433, 200, 1]
[609, 338, -145]
[430, 321, 82]
[591, 472, -167]
[410, 414, 1]
[600, 504, -194]
[404, 438, -9]
[584, 507, -209]
[403, 441, -41]
[578, 494, -172]
[409, 431, -13]
[551, 464, -46]
[461, 447, 47]
[535, 644, -66]
[451, 633, 122]
[539, 785, 163]
[454, 775, 341]
[547, 809, 180]
[459, 799, 362]
[513, 835, 71]
[441, 830, 258]
[462, 103, -194]
[474, 83, -200]
[482, 82, -200]
[490, 81, -200]
[457, 86, -179]
[452, 87, -179]
[448, 87, -179]
[514, 87, -176]
[461, 94, -76]
[481, 118, -182]
[459, 122, -153]
[597, 195, -163]
[438, 200, 7]
[610, 342, -146]
[430, 320, 79]
[591, 474, -171]
[406, 414, -8]
[598, 506, -198]
[396, 438, -22]
[584, 507, -210]
[395, 437, -54]
[578, 494, -174]
[404, 430, -25]
[553, 468, -44]
[463, 450, 44]
[535, 647, -65]
[451, 635, 110]
[536, 789, 140]
[453, 780, 302]
[544, 813, 154]
[457, 805, 318]
[508, 839, 46]
[439, 834, 214]
[465, 103, -188]
[477, 83, -193]
[485, 82, -193]
[493, 81, -194]
[460, 86, -172]
[455, 86, -172]
[451, 87, -173]
[516, 87, -170]
[464, 93, -71]
[485, 118, -176]
[463, 122, -148]
[600, 197, -158]
[441, 201, 10]
[612, 344, -146]
[430, 321, 79]
[590, 473, -177]
[400, 414, -9]
[595, 506, -207]
[389, 438, -23]
[582, 506, -222]
[387, 436, -57]
[577, 493, -182]
[398, 430, -25]
[554, 470, -42]
[463, 452, 43]
[536, 647, -46]
[452, 637, 109]
[536, 792, 141]
[453, 783, 287]
[544, 816, 154]
[457, 807, 302]
[508, 839, 47]
[442, 837, 203]
[469, 105, -190]
[481, 84, -197]
[488, 82, -197]
[495, 82, -197]
[465, 86, -176]
[461, 87, -176]
[457, 87, -176]
[518, 88, -173]
[469, 94, -75]
[488, 120, -179]
[467, 123, -150]
[603, 198, -161]
[443, 202, 9]
[612, 343, -157]
[427, 322, 90]
[590, 473, -200]
[394, 413, 19]
[592, 506, -232]
[381, 437, 7]
[580, 506, -248]
[385, 440, -29]
[576, 493, -206]
[388, 430, 1]
[555, 470, -43]
[464, 454, 43]
[539, 646, -33]
[457, 636, 129]
[539, 791, 143]
[458, 782, 289]
[546, 815, 155]
[463, 806, 305]
[512, 839, 48]
[445, 834, 213]
[475, 105, -174]
[485, 84, -181]
[492, 83, -181]
[500, 82, -181]
[470, 86, -159]
[466, 87, -159]
[462, 87, -160]
[522, 88, -162]
[474, 94, -61]
[494, 121, -164]
[473, 123, -135]
[608, 199, -157]
[447, 202, 22]
[617, 343, -157]
[426, 321, 109]
[586, 472, -201]
[390, 410, 45]
[586, 505, -232]
[373, 434, 35]
[573, 506, -248]
[374, 434, 0]
[569, 492, -207]
[383, 426, 28]
[557, 471, -43]
[465, 454, 43]
[540, 644, -41]
[457, 632, 100]
[538, 790, 128]
[459, 779, 253]
[546, 813, 139]
[463, 802, 267]
[512, 836, 33]
[447, 830, 170]
[481, 105, -172]
[492, 84, -178]
[500, 82, -178]
[508, 81, -178]
[475, 86, -157]
[471, 87, -157]
[467, 87, -158]
[529, 88, -158]
[478, 94, -60]
[502, 121, -161]
[479, 123, -133]
[614, 200, -156]
[452, 202, 24]
[620, 344, -157]
[427, 319, 125]
[580, 471, -199]
[390, 402, 81]
[577, 505, -232]
[375, 422, 75]
[560, 503, -242]
[375, 421, 41]
[556, 489, -205]
[383, 415, 65]
[557, 472, -43]
[467, 453, 43]
[541, 643, -28]
[458, 631, 121]
[538, 787, 125]
[459, 773, 282]
[545, 810, 135]
[463, 796, 297]
[510, 835, 35]
[447, 819, 186]
[489, 105, -157]
[501, 84, -165]
[509, 82, -165]
[516, 81, -165]
[483, 86, -145]
[479, 87, -144]
[474, 88, -145]
[536, 88, -150]
[483, 95, -53]
[510, 121, -148]
[486, 124, -120]
[620, 201, -154]
[457, 201, 35]
[625, 343, -149]
[430, 317, 155]
[575, 463, -177]
[383, 389, 141]
[568, 496, -202]
[361, 403, 141]
[551, 487, -213]
[361, 401, 109]
[551, 474, -180]
[371, 398, 127]
[558, 472, -45]
[471, 453, 46]
[541, 642, -35]
[460, 626, 127]
[536, 786, 103]
[461, 764, 285]
[544, 808, 113]
[465, 786, 300]
[503, 830, 24]
[447, 806, 196]
[490, 105, -141]
[502, 84, -151]
[510, 82, -151]
[517, 82, -151]
[485, 87, -128]
[481, 87, -128]
[476, 88, -128]
[538, 89, -146]
[486, 95, -38]
[511, 121, -135]
[488, 124, -104]
[622, 201, -156]
[460, 201, 48]
[631, 344, -150]
[432, 316, 155]
[572, 459, -166]
[381, 383, 121]
[563, 491, -189]
[359, 397, 119]
[544, 479, -199]
[359, 394, 88]
[545, 466, -167]
[369, 391, 106]
[559, 473, -51]
[475, 454, 52]
[541, 641, -41]
[465, 624, 137]
[536, 784, 94]
[466, 762, 291]
[545, 806, 104]
[471, 784, 306]
[502, 829, 18]
[448, 803, 228]
[494, 107, -156]
[506, 85, -164]
[514, 84, -164]
[522, 83, -164]
[489, 88, -142]
[484, 88, -142]
[480, 89, -142]
[543, 90, -147]
[489, 96, -46]
[513, 123, -147]
[490, 125, -118]
[624, 201, -154]
[465, 200, 50]
[635, 341, -154]
[433, 309, 190]
[572, 438, -197]
[377, 371, 188]
[557, 470, -227]
[354, 385, 190]
[541, 453, -236]
[355, 385, 158]
[545, 442, -199]
[367, 381, 174]
[560, 473, -52]
[477, 451, 52]
[540, 634, -42]
[466, 612, 120]
[533, 778, 104]
[466, 756, 258]
[542, 799, 116]
[471, 779, 270]
[499, 823, 26]
[446, 797, 195]
[497, 108, -157]
[510, 86, -169]
[517, 85, -169]
[525, 84, -169]
[492, 89, -144]
[488, 89, -144]
[484, 89, -144]
[546, 91, -145]
[491, 96, -49]
[515, 124, -153]
[493, 125, -119]
[624, 201, -140]
[467, 200, 45]
[640, 333, -141]
[434, 304, 201]
[572, 420, -197]
[372, 351, 210]
[557, 457, -225]
[349, 361, 214]
[542, 436, -236]
[349, 356, 182]
[546, 424, -199]
[358, 355, 197]
[567, 469, -45]
[485, 450, 46]
[552, 633, -30]
[477, 562, 79]
[541, 777, 126]
[471, 756, 204]
[548, 796, 138]
[476, 779, 214]
[516, 822, 54]
[454, 798, 129]
[502, 109, -161]
[514, 87, -167]
[521, 86, -167]
[529, 85, -167]
[497, 90, -148]
[493, 90, -148]
[488, 90, -148]
[549, 92, -135]
[495, 97, -52]
[519, 125, -149]
[497, 126, -123]
[625, 200, -126]
[470, 199, 41]
[646, 325, -124]
[435, 304, 168]
[573, 401, -185]
[370, 342, 142]
[557, 430, -213]
[343, 350, 140]
[543, 409, -222]
[342, 343, 107]
[547, 399, -186]
[353, 341, 127]
[574, 468, -40]
[489, 451, 40]
[557, 633, -26]
[478, 598, 73]
[547, 777, 146]
[475, 762, 204]
[552, 795, 160]
[480, 783, 216]
[525, 823, 79]
[461, 807, 132]
[508, 110, -192]
[521, 88, -189]
[529, 87, -189]
[535, 87, -189]
[503, 90, -177]
[499, 91, -177]
[494, 91, -177]
[553, 93, -140]
[499, 98, -76]
[527, 125, -169]
[502, 127, -152]
[628, 200, -122]
[472, 199, 19]
[652, 322, -129]
[435, 305, 122]
[573, 380, -244]
[356, 332, 64]
[558, 403, -278]
[331, 337, 53]
[544, 380, -285]
[325, 325, 19]
[547, 372, -247]
[338, 324, 47]
[576, 462, -34]
[489, 450, 35]
[559, 626, -4]
[483, 600, 80]
[549, 768, 146]
[477, 758, 199]
[554, 787, 157]
[482, 780, 209]
[527, 816, 72]
[462, 802, 123]
[509, 110, -190]
[522, 88, -186]
[529, 87, -186]
[536, 86, -186]
[504, 90, -176]
[500, 91, -176]
[495, 91, -176]
[554, 93, -140]
[501, 98, -73]
[528, 125, -167]
[504, 127, -150]
[629, 199, -125]
[475, 199, 21]
[651, 323, -131]
[436, 305, 99]
[573, 380, -233]
[357, 331, 3]
[558, 402, -266]
[333, 338, -11]
[546, 382, -272]
[331, 328, -44]
[548, 373, -235]
[341, 326, -13]
[576, 459, -36]
[490, 450, 36]
[557, 622, -4]
[481, 600, 87]
[549, 764, 142]
[476, 753, 208]
[553, 783, 154]
[481, 776, 218]
[527, 812, 67]
[461, 796, 135]
[514, 109, -185]
[527, 88, -178]
[535, 87, -178]
[542, 86, -178]
[508, 90, -172]
[503, 91, -172]
[498, 91, -172]
[558, 93, -125]
[503, 98, -71]
[534, 125, -159]
[507, 127, -150]
[632, 200, -105]
[478, 200, 16]
[652, 321, -135]
[437, 302, 111]
[577, 362, -255]
[357, 312, 20]
[559, 381, -286]
[335, 316, 0]
[547, 360, -291]
[333, 304, -25]
[551, 352, -257]
[345, 302, -6]
[574, 457, -31]
[489, 449, 32]
[556, 615, -9]
[480, 598, 84]
[545, 755, 121]
[476, 744, 200]
[548, 773, 130]
[480, 765, 210]
[525, 803, 51]
[460, 788, 130]
[515, 109, -165]
[528, 88, -166]
[536, 87, -166]
[544, 86, -166]
[509, 90, -157]
[504, 91, -157]
[500, 91, -157]
[561, 93, -131]
[505, 99, -73]
[535, 125, -148]
[509, 127, -134]
[636, 200, -103]
[477, 200, 1]
[653, 319, -137]
[448, 290, 162]
[604, 359, -265]
[358, 289, 233]
[586, 374, -289]
[337, 289, 244]
[583, 348, -297]
[335, 272, 217]
[581, 342, -268]
[350, 277, 223]
[578, 457, -26]
[490, 449, 27]
[561, 607, -6]
[483, 580, 117]
[545, 745, 109]
[491, 701, 273]
[547, 765, 117]
[499, 718, 287]
[530, 797, 50]
[471, 752, 233]
[516, 109, -167]
[529, 88, -169]
[537, 87, -169]
[544, 86, -169]
[511, 91, -157]
[506, 91, -157]
[502, 92, -157]
[562, 93, -128]
[507, 100, -72]
[535, 125, -148]
[511, 127, -133]
[634, 198, -92]
[480, 194, 1]
[646, 328, -135]
[450, 275, 68]
[602, 342, -251]
[383, 279, 15]
[580, 354, -277]
[376, 285, 6]
[575, 329, -284]
[373, 272, -12]
[575, 323, -254]
[384, 271, 5]
[581, 457, -22]
[490, 451, 22]
[564, 610, -7]
[483, 588, 117]
[550, 750, 114]
[487, 714, 278]
[551, 768, 123]
[494, 734, 292]
[533, 800, 41]
[470, 769, 213]
[517, 111, -145]
[531, 89, -152]
[539, 89, -152]
[547, 88, -152]
[512, 92, -137]
[507, 92, -137]
[503, 93, -137]
[564, 94, -127]
[509, 100, -60]
[537, 126, -132]
[512, 128, -112]
[633, 192, -116]
[480, 189, 4]
[543, 290, -139]
[450, 266, -1]
[414, 255, -151]
[382, 271, -136]
[368, 260, -170]
[372, 290, -157]
[380, 234, -165]
[369, 274, -177]
[394, 232, -146]
[381, 271, -150]
[581, 439, -24]
[490, 443, 25]
[564, 594, -17]
[483, 581, 78]
[553, 727, 115]
[491, 720, 199]
[554, 745, 125]
[499, 741, 209]
[537, 781, 55]
[471, 773, 146]
[520, 112, -174]
[534, 90, -172]
[542, 89, -172]
[550, 89, -172]
[513, 93, -162]
[508, 94, -162]
[504, 94, -162]
[566, 94, -124]
[508, 102, -64]
[541, 127, -146]
[515, 129, -134]
[634, 192, -96]
[479, 190, -3]
[570, 300, -154]
[449, 268, -76]
[455, 270, -256]
[410, 271, -286]
[454, 273, -285]
[401, 283, -320]
[412, 249, -282]
[406, 267, -330]
[405, 248, -255]
[416, 265, -296]
[584, 443, -20]
[489, 445, 20]
[568, 602, -6]
[483, 601, 81]
[560, 744, 126]
[489, 749, 229]
[561, 767, 135]
[497, 772, 241]
[542, 797, 47]
[474, 805, 159]
[520, 115, -142]
[533, 93, -146]
[542, 92, -146]
[549, 92, -147]
[513, 96, -132]
[508, 96, -132]
[503, 97, -132]
[566, 97, -119]
[508, 104, -52]
[541, 130, -128]
[515, 132, -109]
[633, 192, -104]
[481, 190, 0]
[585, 294, -152]
[448, 269, -42]
[469, 246, -185]
[392, 259, -207]
[432, 246, -205]
[380, 279, -233]
[434, 221, -193]
[388, 265, -245]
[444, 221, -178]
[405, 262, -218]
[586, 443, -16]
[492, 442, 16]
[571, 603, -12]
[484, 600, 10]
[559, 741, 152]
[488, 749, 132]
[560, 759, 167]
[496, 771, 142]
[540, 797, 98]
[473, 804, 63]
[520, 119, -150]
[533, 97, -154]
[542, 96, -154]
[550, 96, -154]
[513, 98, -140]
[508, 98, -140]
[503, 99, -140]
[567, 102, -123]
[508, 105, -51]
[540, 134, -134]
[515, 135, -115]
[632, 203, -104]
[480, 205, 15]
[593, 320, -181]
[436, 290, 12]
[563, 229, -253]
[362, 239, -105]
[537, 208, -266]
[337, 228, -118]
[550, 197, -248]
[341, 215, -133]
[554, 205, -245]
[357, 222, -115]
[585, 464, -19]
[492, 466, 19]
[570, 637, 1]
[484, 635, 68]
[559, 781, 146]
[487, 787, 179]
[561, 803, 158]
[492, 808, 186]
[541, 832, 80]
[473, 845, 100]
[521, 124, -154]
[534, 101, -158]
[542, 101, -158]
[550, 101, -158]
[514, 102, -141]
[509, 101, -141]
[504, 101, -141]
[567, 107, -131]
[507, 106, -52]
[539, 137, -137]
[515, 137, -118]
[632, 209, -111]
[480, 209, 15]
[617, 321, -185]
[431, 297, -14]
[592, 219, -241]
[357, 233, -174]
[572, 195, -263]
[333, 220, -190]
[581, 185, -236]
[340, 205, -198]
[584, 195, -237]
[350, 210, -183]
[581, 474, -26]
[490, 471, 26]
[559, 645, -1]
[475, 641, 127]
[548, 790, 129]
[473, 790, 279]
[551, 812, 139]
[476, 812, 293]
[524, 840, 52]
[455, 843, 211]
[521, 124, -154]
[533, 102, -159]
[542, 102, -159]
[549, 102, -159]
[514, 102, -141]
[509, 102, -141]
[504, 101, -141]
[566, 109, -132]
[506, 107, -49]
[538, 138, -140]
[515, 138, -118]
[632, 208, -112]
[477, 208, 17]
[628, 322, -184]
[425, 300, -22]
[597, 209, -237]
[354, 224, -183]
[579, 187, -260]
[333, 203, -200]
[588, 174, -232]
[340, 189, -205]
[591, 182, -233]
[348, 197, -191]
[581, 473, -28]
[489, 471, 28]
[557, 642, -4]
[472, 636, 135]
[546, 787, 116]
[468, 784, 284]
[550, 809, 125]
[470, 807, 299]
[522, 838, 36]
[452, 836, 218]
[520, 124, -155]
[533, 102, -161]
[541, 102, -161]
[548, 102, -161]
[513, 103, -143]
[508, 102, -143]
[503, 102, -143]
[566, 109, -138]
[505, 108, -51]
[537, 138, -142]
[514, 138, -120]
[632, 207, -112]
[476, 207, 16]
[634, 324, -188]
[423, 301, -45]
[597, 208, -238]
[353, 219, -230]
[580, 186, -257]
[332, 198, -251]
[590, 172, -233]
[340, 184, -254]
[592, 180, -231]
[347, 191, -238]
[581, 472, -28]
[488, 470, 28]
[557, 641, -6]
[471, 635, 129]
[547, 791, 118]
[467, 787, 282]
[551, 813, 127]
[469, 810, 297]
[522, 842, 40]
[453, 840, 211]
[518, 127, -154]
[532, 106, -161]
[541, 105, -161]
[548, 105, -161]
[512, 105, -142]
[507, 104, -142]
[502, 103, -143]
[566, 109, -143]
[504, 108, -51]
[536, 139, -142]
[512, 139, -117]
[631, 203, -113]
[476, 207, 18]
[634, 324, -191]
[421, 304, -32]
[590, 200, -243]
[355, 216, -201]
[571, 172, -257]
[336, 192, -218]
[579, 160, -235]
[341, 180, -221]
[581, 171, -233]
[350, 188, -208]
[581, 472, -31]
[488, 471, 31]
[557, 642, -7]
[471, 635, 150]
[548, 793, 108]
[468, 788, 306]
[553, 816, 116]
[470, 812, 321]
[523, 843, 25]
[453, 840, 241]
[516, 127, -152]
[529, 105, -161]
[538, 104, -161]
[547, 104, -161]
[509, 105, -142]
[503, 104, -142]
[498, 103, -142]
[566, 108, -147]
[499, 108, -50]
[533, 139, -142]
[509, 139, -115]
[630, 200, -115]
[473, 206, 19]
[635, 324, -187]
[414, 303, -14]
[593, 191, -229]
[355, 210, -121]
[580, 162, -238]
[337, 186, -130]
[588, 151, -218]
[343, 173, -129]
[589, 162, -219]
[351, 183, -124]
[580, 472, -33]
[488, 471, 33]
[561, 641, -8]
[475, 636, 140]
[559, 794, 106]
[475, 791, 284]
[565, 817, 114]
[477, 815, 298]
[533, 844, 24]
[462, 841, 216]
[515, 124, -144]
[529, 102, -153]
[538, 101, -153]
[547, 102, -153]
[508, 101, -135]
[503, 100, -135]
[497, 99, -135]
[563, 106, -135]
[497, 104, -48]
[531, 135, -132]
[509, 135, -108]
[614, 189, -112]
[472, 202, 22]
[606, 319, -143]
[414, 301, -22]
[499, 205, -108]
[356, 208, -170]
[464, 177, -110]
[341, 188, -188]
[482, 160, -91]
[349, 175, -184]
[488, 170, -96]
[358, 185, -175]
[579, 459, -29]
[487, 466, 30]
[563, 636, 5]
[476, 635, 134]
[562, 792, 121]
[476, 787, 264]
[567, 816, 130]
[478, 811, 276]
[538, 843, 46]
[464, 838, 198]
[514, 123, -187]
[527, 101, -190]
[536, 101, -190]
[545, 101, -190]
[506, 101, -176]
[501, 100, -176]
[495, 99, -176]
[559, 106, -137]
[494, 104, -69]
[529, 135, -162]
[507, 135, -144]
[605, 189, -104]
[471, 201, 14]
[611, 321, -170]
[413, 301, -68]
[529, 241, -271]
[360, 206, -286]
[502, 217, -295]
[353, 185, -315]
[521, 195, -282]
[360, 174, -318]
[513, 205, -266]
[364, 184, -294]
[577, 462, -30]
[485, 466, 30]
[564, 636, 2]
[476, 634, 151]
[564, 790, 122]
[477, 786, 317]
[568, 813, 130]
[481, 809, 333]
[545, 841, 33]
[465, 838, 238]
[512, 125, -184]
[525, 103, -188]
[534, 103, -189]
[542, 103, -189]
[504, 102, -169]
[498, 101, -169]
[493, 100, -169]
[556, 106, -127]
[492, 104, -67]
[527, 136, -154]
[505, 136, -143]
[605, 190, -91]
[467, 202, 10]
[612, 319, -161]
[413, 301, -85]
[582, 193, -226]
[360, 206, -288]
[572, 165, -237]
[351, 185, -312]
[582, 159, -222]
[357, 172, -312]
[582, 168, -220]
[364, 184, -294]
[577, 464, -25]
[483, 468, 25]
[564, 636, 2]
[475, 635, 142]
[564, 789, 110]
[478, 787, 312]
[567, 811, 117]
[482, 809, 327]
[543, 842, 28]
[469, 841, 224]
[506, 125, -166]
[518, 103, -174]
[527, 103, -174]
[536, 103, -174]
[498, 103, -153]
[492, 101, -153]
[486, 101, -153]
[552, 106, -129]
[487, 105, -51]
[521, 136, -145]
[500, 136, -124]
[605, 190, -96]
[464, 202, 23]
[613, 319, -170]
[410, 303, -51]
[580, 184, -212]
[364, 204, -226]
[566, 149, -220]
[358, 182, -247]
[574, 137, -203]
[363, 171, -247]
[583, 165, -203]
[372, 181, -232]
[577, 465, -25]
[482, 469, 26]
[564, 638, -4]
[475, 637, 136]
[564, 791, 94]
[481, 790, 298]
[568, 813, 100]
[484, 812, 310]
[543, 843, 7]
[474, 846, 210]
[497, 125, -189]
[508, 102, -197]
[517, 101, -197]
[526, 101, -197]
[489, 102, -179]
[484, 101, -179]
[479, 100, -179]
[547, 105, -160]
[485, 104, -82]
[513, 136, -171]
[493, 136, -149]
[603, 190, -116]
[464, 201, 5]
[613, 359, -126]
[406, 302, -13]
[575, 359, -157]
[371, 205, -134]
[562, 367, -169]
[373, 181, -150]
[566, 345, -170]
[372, 171, -150]
[565, 343, -156]
[382, 182, -138]
[571, 465, -31]
[482, 469, 32]
[561, 635, 11]
[473, 633, 139]
[554, 783, 152]
[474, 783, 298]
[558, 803, 162]
[479, 805, 313]
[531, 839, 74]
[456, 837, 224]
[495, 123, -235]
[506, 100, -236]
[515, 99, -236]
[524, 99, -236]
[488, 100, -222]
[483, 98, -222]
[478, 98, -222]
[544, 104, -179]
[484, 103, -118]
[512, 135, -210]
[492, 135, -192]
[599, 191, -125]
[463, 201, -37]
[606, 356, -99]
[406, 302, -88]
[574, 399, -122]
[376, 208, -272]
[560, 418, -135]
[377, 186, -299]
[565, 401, -145]
[373, 174, -304]
[560, 393, -124]
[383, 183, -279]
[563, 465, -30]
[482, 467, 30]
[559, 629, 40]
[475, 628, 142]
[548, 769, 194]
[474, 774, 316]
[549, 787, 205]
[479, 793, 332]
[527, 829, 118]
[456, 827, 244]
[490, 116, -229]
[501, 92, -224]
[510, 91, -224]
[518, 90, -224]
[483, 93, -213]
[479, 93, -214]
[474, 92, -214]
[540, 96, -161]
[480, 98, -102]
[506, 130, -198]
[488, 131, -185]
[599, 187, -76]
[455, 201, -34]
[616, 332, -27]
[398, 302, -135]
[617, 377, -66]
[381, 209, -363]
[616, 399, -78]
[384, 188, -398]
[614, 385, -93]
[386, 174, -398]
[606, 377, -71]
[395, 185, -368]
[564, 457, -17]
[481, 462, 17]
[563, 621, 45]
[481, 623, 104]
[549, 766, 191]
[479, 772, 265]
[551, 784, 201]
[481, 791, 280]
[537, 824, 111]
[473, 824, 182]
[491, 116, -234]
[501, 92, -233]
[510, 91, -233]
[518, 90, -233]
[484, 93, -219]
[479, 93, -219]
[474, 92, -220]
[540, 95, -172]
[480, 98, -107]
[507, 130, -207]
[488, 131, -189]
[600, 189, -81]
[453, 202, -41]
[621, 332, -152]
[399, 303, -117]
[616, 251, -272]
[380, 209, -294]
[610, 265, -293]
[380, 183, -318]
[616, 245, -283]
[381, 172, -316]
[610, 254, -269]
[391, 183, -298]
[564, 458, -18]
[480, 463, 19]
[562, 622, 35]
[481, 623, 145]
[548, 766, 168]
[479, 771, 333]
[548, 785, 177]
[481, 790, 352]
[536, 823, 89]
[473, 824, 261]
[483, 115, -169]
[495, 91, -176]
[503, 90, -176]
[512, 89, -176]
[479, 92, -158]
[475, 91, -158]
[471, 91, -158]
[536, 94, -151]
[479, 97, -67]
[499, 129, -155]
[482, 131, -131]
[596, 189, -118]
[452, 202, 5]
[565, 330, -150]
[401, 300, -111]
[493, 261, -165]
[387, 219, -275]
[465, 263, -178]
[389, 203, -303]
[479, 242, -172]
[389, 188, -301]
[484, 247, -160]
[398, 195, -281]
[563, 459, -28]
[480, 465, 28]
[562, 625, 33]
[481, 631, 145]
[549, 771, 156]
[480, 782, 327]
[550, 790, 165]
[483, 802, 344]
[536, 827, 82]
[471, 833, 242]
[485, 115, -174]
[496, 91, -180]
[504, 90, -180]
[513, 89, -180]
[479, 92, -163]
[474, 92, -163]
[470, 91, -163]
[537, 95, -151]
[477, 97, -68]
[501, 130, -158]
[483, 131, -136]
[598, 191, -122]
[452, 202, 3]
[579, 334, -170]
[400, 299, -89]
[518, 265, -212]
[383, 218, -296]
[492, 265, -230]
[386, 205, -327]
[502, 246, -221]
[387, 189, -325]
[506, 250, -207]
[395, 197, -301]
[563, 461, -31]
[480, 467, 32]
[563, 629, 28]
[481, 635, 153]
[552, 776, 166]
[481, 786, 322]
[554, 796, 176]
[486, 808, 338]
[536, 832, 86]
[470, 838, 248]
