[326, 68, -64]
[322, 59, -58]
[322, 59, -58]
[321, 59, -58]
[322, 59, -75]
[321, 59, -75]
[320, 59, -75]
[311, 62, -22]
[308, 62, -97]
[321, 77, -49]
[320, 76, -72]
[301, 113, 31]
[288, 114, -127]
[303, 171, 58]
[280, 184, -143]
[339, 196, 32]
[340, 211, -134]
[346, 199, 29]
[354, 226, -150]
[347, 197, 17]
[357, 223, -146]
[345, 197, 25]
[354, 217, -132]
[301, 231, 47]
[291, 233, -47]
[305, 318, 87]
[296, 323, -13]
[302, 384, 146]
[286, 395, 51]
[294, 397, 150]
[275, 408, 56]
[333, 396, 122]
[316, 409, 20]
[328, 72, -37]
[324, 63, -31]
[323, 62, -31]
[322, 62, -31]
[324, 63, -48]
[323, 63, -48]
[322, 63, -48]
[311, 64, 2]
[310, 65, -77]
[323, 80, -23]
[322, 80, -45]
[298, 117, 53]
[292, 117, -105]
[299, 176, 79]
[283, 189, -121]
[339, 202, 52]
[342, 212, -112]
[348, 203, 50]
[355, 225, -126]
[354, 203, 38]
[360, 222, -127]
[348, 200, 45]
[355, 216, -111]
[297, 243, 47]
[293, 244, -47]
[302, 331, 79]
[300, 340, -22]
[293, 418, 130]
[286, 429, 32]
[284, 432, 133]
[276, 443, 36]
[320, 436, 105]
[315, 447, 1]
[327, 73, -22]
[323, 64, -16]
[322, 63, -16]
[321, 63, -16]
[323, 64, -33]
[322, 64, -33]
[321, 63, -33]
[311, 64, 15]
[310, 65, -62]
[322, 81, -8]
[322, 80, -30]
[296, 117, 66]
[292, 117, -95]
[299, 177, 104]
[285, 187, -110]
[339, 194, 94]
[344, 207, -103]
[348, 198, 95]
[357, 219, -123]
[352, 202, 83]
[361, 215, -106]
[347, 196, 88]
[355, 209, -100]
[297, 245, 47]
[294, 246, -47]
[303, 335, 80]
[299, 342, -23]
[293, 421, 132]
[287, 433, 26]
[284, 436, 135]
[276, 448, 30]
[320, 439, 111]
[316, 450, -2]
[327, 73, -26]
[324, 64, -21]
[323, 64, -21]
[321, 63, -21]
[323, 64, -37]
[322, 64, -37]
[321, 64, -37]
[311, 65, 10]
[311, 65, -64]
[322, 81, -12]
[321, 81, -34]
[295, 115, 62]
[291, 117, -97]
[297, 178, 92]
[285, 188, -105]
[339, 193, 72]
[346, 201, -75]
[347, 199, 69]
[358, 215, -86]
[352, 198, 58]
[361, 211, -80]
[348, 194, 65]
[356, 207, -72]
[297, 246, 46]
[295, 248, -46]
[302, 333, 85]
[298, 344, -21]
[293, 423, 140]
[289, 434, 30]
[283, 438, 143]
[279, 449, 31]
[320, 440, 120]
[321, 450, 6]
[326, 75, -29]
[324, 65, -23]
[323, 65, -23]
[322, 64, -23]
[323, 65, -39]
[322, 65, -39]
[321, 64, -39]
[311, 65, 8]
[310, 65, -65]
[322, 82, -15]
[321, 81, -36]
[296, 113, 58]
[289, 116, -97]
[298, 179, 82]
[284, 189, -103]
[339, 195, 54]
[346, 200, -70]
[348, 199, 49]
[359, 205, -80]
[352, 196, 38]
[361, 198, -77]
[349, 193, 47]
[356, 195, -68]
[297, 244, 46]
[295, 247, -46]
[301, 332, 86]
[299, 343, -20]
[292, 422, 142]
[292, 432, 30]
[282, 437, 145]
[282, 446, 35]
[319, 438, 122]
[324, 448, 8]
[326, 74, -25]
[323, 65, -20]
[322, 65, -20]
[321, 64, -20]
[322, 65, -36]
[321, 65, -36]
[320, 64, -36]
[311, 65, 11]
[309, 65, -61]
[321, 82, -12]
[320, 81, -33]
[296, 113, 59]
[288, 116, -93]
[297, 178, 79]
[284, 189, -96]
[338, 192, 46]
[345, 192, -56]
[349, 198, 40]
[360, 195, -64]
[353, 197, 29]
[361, 188, -62]
[349, 195, 39]
[356, 185, -53]
[297, 243, 46]
[295, 247, -46]
[301, 331, 88]
[299, 342, -19]
[292, 417, 144]
[293, 429, 32]
[283, 432, 147]
[284, 443, 38]
[320, 433, 125]
[327, 446, 10]
[325, 74, -20]
[323, 65, -15]
[322, 65, -15]
[321, 64, -15]
[322, 65, -31]
[321, 65, -31]
[319, 64, -31]
[310, 65, 15]
[309, 65, -55]
[321, 82, -7]
[319, 81, -27]
[296, 112, 62]
[287, 117, -90]
[298, 174, 83]
[285, 189, -86]
[341, 182, 47]
[345, 181, -27]
[351, 184, 41]
[359, 183, -32]
[354, 190, 31]
[359, 177, -31]
[350, 178, 41]
[354, 174, -25]
[298, 243, 45]
[295, 247, -45]
[301, 330, 86]
[300, 341, -19]
[292, 416, 139]
[294, 428, 33]
[283, 431, 142]
[284, 443, 38]
[321, 432, 120]
[327, 446, 9]
[324, 74, -19]
[322, 65, -14]
[321, 64, -14]
[320, 64, -14]
[321, 65, -30]
[320, 64, -30]
[318, 64, -30]
[310, 65, 15]
[308, 65, -54]
[320, 82, -6]
[319, 81, -26]
[297, 112, 62]
[287, 117, -89]
[299, 173, 80]
[287, 188, -81]
[341, 180, 43]
[346, 172, -27]
[351, 185, 36]
[360, 175, -32]
[354, 187, 27]
[359, 168, -31]
[349, 180, 36]
[354, 166, -25]
[298, 243, 44]
[295, 247, -44]
[301, 330, 84]
[300, 340, -18]
[293, 417, 137]
[293, 427, 34]
[284, 432, 140]
[283, 441, 39]
[321, 432, 117]
[325, 445, 8]
[324, 75, -14]
[321, 65, -9]
[321, 65, -9]
[320, 64, -9]
[320, 65, -24]
[319, 65, -24]
[318, 64, -24]
[309, 65, 20]
[308, 65, -47]
[320, 82, -1]
[318, 81, -20]
[297, 111, 66]
[286, 117, -79]
[301, 173, 74]
[288, 188, -65]
[345, 169, 19]
[345, 164, 2]
[356, 172, 8]
[358, 165, 1]
[355, 169, 1]
[356, 158, 0]
[351, 164, 12]
[351, 157, 5]
[298, 244, 44]
[295, 247, -44]
[301, 332, 81]
[300, 342, -17]
[292, 418, 134]
[292, 428, 34]
[283, 434, 137]
[283, 442, 39]
[320, 433, 112]
[323, 446, 8]
[323, 75, -13]
[321, 65, -8]
[321, 65, -8]
[320, 64, -8]
[320, 65, -24]
[319, 65, -24]
[317, 64, -24]
[308, 65, 21]
[307, 65, -46]
[320, 82, 0]
[318, 81, -20]
[296, 111, 66]
[286, 117, -76]
[301, 173, 72]
[290, 188, -63]
[343, 170, 13]
[343, 157, 2]
[355, 176, 3]
[356, 157, 0]
[353, 170, -4]
[354, 151, 0]
[349, 168, 7]
[349, 150, 4]
[298, 244, 43]
[295, 247, -43]
[301, 331, 80]
[300, 341, -17]
[292, 417, 132]
[292, 428, 31]
[283, 432, 134]
[283, 442, 35]
[320, 431, 110]
[324, 446, 8]
[323, 75, -9]
[321, 65, -4]
[320, 65, -4]
[320, 64, -4]
[320, 65, -20]
[318, 65, -20]
[317, 64, -20]
[308, 66, 24]
[307, 65, -45]
[319, 82, 3]
[318, 81, -16]
[296, 111, 71]
[286, 118, -74]
[302, 172, 71]
[293, 187, -54]
[343, 157, -1]
[341, 150, 27]
[355, 164, -12]
[354, 149, 29]
[353, 156, -18]
[351, 143, 26]
[349, 155, -7]
[346, 142, 30]
[299, 244, 43]
[295, 247, -43]
[301, 332, 78]
[301, 341, -17]
[292, 417, 126]
[292, 428, 26]
[283, 432, 128]
[282, 442, 30]
[320, 432, 108]
[324, 447, 2]
[323, 74, -9]
[321, 65, -4]
[320, 64, -4]
[319, 64, -4]
[319, 65, -20]
[318, 65, -20]
[317, 64, -20]
[308, 66, 25]
[307, 65, -45]
[319, 82, 4]
[317, 81, -16]
[297, 111, 71]
[285, 118, -74]
[302, 172, 66]
[293, 186, -52]
[343, 153, -14]
[339, 145, 32]
[354, 156, -26]
[351, 143, 35]
[352, 152, -30]
[349, 136, 31]
[348, 151, -20]
[345, 137, 34]
[299, 244, 43]
[295, 246, -43]
[301, 332, 77]
[301, 341, -18]
[291, 417, 121]
[292, 428, 23]
[282, 432, 123]
[282, 442, 27]
[319, 432, 103]
[323, 447, -2]
[323, 74, -8]
[321, 65, -4]
[320, 64, -4]
[319, 64, -4]
[319, 65, -20]
[318, 65, -20]
[317, 64, -20]
[308, 66, 26]
[307, 66, -44]
[319, 81, 5]
[317, 81, -15]
[297, 111, 74]
[285, 118, -72]
[304, 171, 57]
[295, 186, -49]
[343, 144, -30]
[338, 143, 42]
[354, 142, -42]
[350, 139, 47]
[351, 136, -43]
[349, 132, 43]
[346, 137, -34]
[344, 133, 44]
[299, 244, 43]
[296, 246, -43]
[301, 333, 77]
[301, 341, -19]
[290, 417, 117]
[292, 428, 18]
[281, 432, 118]
[282, 443, 21]
[318, 431, 99]
[324, 448, -7]
[323, 74, -3]
[320, 65, 0]
[320, 64, 0]
[319, 64, 0]
[319, 65, -16]
[318, 65, -16]
[317, 64, -16]
[308, 65, 30]
[307, 66, -42]
[319, 81, 9]
[317, 81, -11]
[297, 111, 77]
[285, 117, -73]
[308, 171, 58]
[299, 185, -50]
[343, 140, -18]
[338, 138, 44]
[354, 140, -29]
[350, 135, 48]
[351, 135, -32]
[348, 129, 43]
[346, 135, -23]
[343, 130, 46]
[299, 244, 44]
[296, 246, -44]
[301, 333, 75]
[301, 342, -21]
[290, 417, 114]
[291, 429, 14]
[281, 432, 116]
[281, 443, 18]
[317, 432, 97]
[322, 449, -10]
[322, 74, -2]
[320, 65, 2]
[320, 64, 2]
[319, 64, 2]
[319, 65, -14]
[318, 65, -14]
[317, 64, -14]
[308, 66, 31]
[307, 66, -41]
[319, 81, 11]
[317, 80, -9]
[297, 111, 78]
[285, 117, -72]
[311, 166, 59]
[300, 184, -48]
[343, 139, -15]
[338, 136, 46]
[353, 137, -26]
[349, 131, 51]
[351, 131, -28]
[347, 126, 47]
[345, 132, -20]
[343, 127, 49]
[299, 244, 44]
[297, 246, -44]
[301, 333, 72]
[301, 342, -23]
[289, 418, 109]
[291, 429, 10]
[280, 433, 111]
[281, 444, 13]
[316, 432, 92]
[322, 449, -15]
[323, 74, -6]
[320, 65, -2]
[320, 64, -2]
[319, 64, -2]
[319, 65, -19]
[318, 65, -19]
[317, 64, -19]
[308, 65, 27]
[308, 66, -41]
[319, 80, 6]
[318, 80, -14]
[297, 111, 73]
[286, 116, -78]
[310, 166, 69]
[302, 183, -52]
[335, 142, 2]
[338, 134, 36]
[345, 144, -6]
[349, 128, 39]
[344, 140, -8]
[347, 123, 35]
[339, 138, -1]
[342, 125, 38]
[299, 243, 45]
[297, 246, -45]
[301, 332, 75]
[301, 341, -23]
[289, 418, 111]
[291, 429, 15]
[280, 433, 113]
[281, 444, 18]
[316, 432, 101]
[322, 449, -10]
[323, 74, -10]
[321, 65, -5]
[320, 65, -5]
[319, 64, -5]
[320, 65, -24]
[319, 65, -24]
[317, 65, -24]
[308, 66, 23]
[308, 66, -54]
[319, 81, 2]
[318, 81, -21]
[297, 111, 69]
[286, 117, -88]
[309, 169, 71]
[304, 183, -71]
[330, 195, 11]
[338, 132, 16]
[340, 203, 3]
[349, 125, 17]
[339, 199, -2]
[347, 121, 13]
[334, 196, 5]
[342, 123, 18]
[300, 244, 45]
[297, 246, -45]
[301, 332, 79]
[301, 341, -19]
[290, 418, 125]
[291, 429, 25]
[281, 433, 128]
[281, 444, 29]
[317, 432, 110]
[322, 448, 0]
[323, 75, -19]
[321, 65, -14]
[321, 65, -14]
[320, 64, -14]
[320, 66, -32]
[319, 65, -32]
[318, 65, -32]
[309, 66, 16]
[308, 66, -61]
[320, 81, -6]
[318, 81, -29]
[298, 110, 62]
[286, 116, -94]
[309, 170, 74]
[305, 183, -82]
[327, 208, 24]
[338, 128, -6]
[336, 218, 17]
[348, 121, -8]
[335, 214, 9]
[343, 118, -11]
[331, 210, 18]
[340, 120, -4]
[300, 244, 45]
[297, 247, -45]
[301, 332, 81]
[301, 341, -18]
[290, 417, 130]
[291, 429, 30]
[281, 432, 133]
[281, 443, 34]
[317, 431, 113]
[322, 447, 2]
[324, 75, -20]
[321, 65, -14]
[321, 65, -14]
[320, 65, -14]
[320, 66, -32]
[319, 65, -32]
[318, 65, -32]
[310, 66, 15]
[308, 67, -61]
[320, 81, -7]
[319, 81, -29]
[298, 110, 60]
[288, 116, -95]
[306, 172, 73]
[307, 178, -90]
[325, 225, 23]
[338, 124, -19]
[332, 237, 16]
[347, 117, -22]
[332, 234, 8]
[343, 113, -24]
[328, 229, 16]
[339, 116, -18]
[299, 244, 45]
[297, 246, -45]
[301, 332, 81]
[301, 341, -18]
[290, 417, 130]
[291, 430, 29]
[281, 432, 133]
[281, 445, 33]
[317, 431, 112]
[324, 447, 1]
[324, 75, -21]
[322, 65, -15]
[321, 65, -15]
[321, 65, -15]
[321, 66, -32]
[319, 65, -32]
[318, 65, -33]
[311, 66, 14]
[309, 67, -62]
[320, 81, -8]
[319, 81, -30]
[299, 110, 59]
[288, 116, -95]
[306, 172, 72]
[309, 177, -90]
[324, 224, 24]
[337, 122, -18]
[332, 236, 17]
[345, 114, -20]
[332, 233, 9]
[341, 110, -22]
[328, 228, 17]
[338, 113, -16]
[300, 244, 45]
[297, 246, -45]
[301, 332, 81]
[301, 341, -18]
[290, 417, 131]
[291, 430, 29]
[281, 432, 133]
[281, 445, 33]
[318, 431, 112]
[325, 447, 1]
[325, 75, -22]
[322, 65, -16]
[322, 65, -16]
[321, 65, -16]
[321, 66, -33]
[320, 65, -33]
[319, 65, -33]
[311, 66, 14]
[309, 67, -63]
[321, 81, -9]
[319, 81, -31]
[299, 110, 58]
[289, 116, -98]
[305, 175, 70]
[309, 176, -95]
[322, 244, 20]
[335, 121, -22]
[330, 260, 12]
[342, 113, -25]
[328, 259, 5]
[338, 109, -27]
[324, 253, 13]
[335, 111, -21]
[300, 244, 45]
[297, 246, -45]
[301, 332, 83]
[301, 342, -18]
[291, 417, 138]
[291, 430, 33]
[282, 432, 140]
[281, 445, 37]
[318, 430, 118]
[324, 447, 4]
[325, 75, -28]
[323, 65, -21]
[322, 65, -21]
[322, 64, -21]
[321, 65, -38]
[320, 65, -38]
[319, 65, -38]
[312, 66, 9]
[309, 67, -65]
[321, 81, -14]
[319, 82, -35]
[300, 109, 52]
[290, 116, -97]
[304, 181, 65]
[308, 172, -94]
[319, 235, 20]
[330, 120, -26]
[326, 250, 14]
[336, 112, -28]
[324, 248, 6]
[333, 108, -31]
[320, 243, 15]
[330, 111, -25]
[300, 244, 44]
[297, 246, -44]
[301, 332, 82]
[301, 342, -15]
[291, 411, 136]
[291, 429, 33]
[282, 426, 138]
[280, 444, 37]
[318, 423, 118]
[324, 446, 4]
[326, 75, -27]
[323, 65, -21]
[323, 65, -21]
[323, 64, -21]
[322, 65, -38]
[321, 65, -38]
[319, 65, -38]
[312, 66, 9]
[309, 67, -65]
[322, 81, -13]
[320, 82, -35]
[301, 109, 53]
[290, 116, -97]
[303, 185, 66]
[309, 172, -96]
[319, 239, 22]
[328, 119, -29]
[317, 248, 15]
[334, 110, -33]
[324, 254, 8]
[331, 106, -35]
[320, 248, 16]
[328, 109, -28]
[300, 244, 44]
[298, 246, -44]
[301, 331, 82]
[301, 342, -15]
[291, 411, 136]
[291, 429, 33]
[282, 426, 139]
[280, 444, 37]
[318, 424, 118]
[324, 446, 4]
[326, 75, -30]
[324, 65, -23]
[323, 65, -23]
[323, 64, -23]
[322, 65, -40]
[321, 65, -40]
[319, 65, -40]
[313, 66, 7]
[309, 67, -65]
[322, 81, -16]
[320, 82, -37]
[301, 109, 51]
[291, 116, -96]
[301, 183, 66]
[308, 169, -97]
[318, 230, 30]
[324, 120, -37]
[321, 243, 25]
[330, 112, -41]
[324, 243, 17]
[326, 108, -43]
[320, 238, 24]
[324, 111, -36]
[300, 244, 44]
[298, 247, -44]
[301, 331, 82]
[301, 342, -14]
[291, 408, 135]
[290, 429, 33]
[283, 422, 138]
[279, 444, 36]
[318, 420, 119]
[324, 446, 4]
[326, 75, -31]
[324, 65, -24]
[323, 65, -25]
[323, 65, -25]
[322, 66, -41]
[321, 65, -41]
[319, 65, -41]
[313, 66, 7]
[310, 67, -65]
[322, 82, -17]
[320, 83, -38]
[301, 109, 51]
[291, 117, -96]
[301, 185, 66]
[308, 170, -98]
[317, 240, 27]
[323, 120, -40]
[316, 248, 21]
[329, 111, -44]
[323, 256, 13]
[325, 107, -46]
[319, 249, 21]
[323, 110, -39]
[301, 244, 44]
[298, 247, -44]
[301, 330, 82]
[301, 342, -14]
[291, 408, 134]
[290, 429, 32]
[283, 423, 137]
[279, 444, 36]
[319, 421, 117]
[323, 446, 2]
[326, 76, -33]
[324, 66, -26]
[324, 65, -26]
[323, 65, -26]
[322, 66, -42]
[321, 66, -42]
[319, 65, -42]
[314, 66, 6]
[310, 67, -64]
[323, 83, -19]
[320, 83, -39]
[302, 109, 50]
[291, 117, -95]
[301, 184, 66]
[309, 172, -97]
[318, 236, 32]
[322, 121, -44]
[320, 250, 27]
[327, 111, -49]
[323, 250, 19]
[322, 107, -52]
[319, 245, 26]
[320, 111, -44]
[301, 244, 43]
[298, 247, -43]
[301, 330, 81]
[301, 342, -14]
[291, 408, 133]
[289, 429, 32]
[283, 423, 136]
[278, 443, 35]
[319, 421, 117]
[323, 446, 1]
[326, 76, -33]
[324, 66, -26]
[324, 65, -26]
[324, 65, -26]
[323, 66, -43]
[321, 66, -43]
[320, 66, -43]
[314, 66, 6]
[310, 67, -65]
[323, 83, -19]
[321, 83, -39]
[303, 109, 50]
[291, 117, -95]
[301, 185, 67]
[310, 174, -97]
[317, 238, 29]
[322, 120, -43]
[321, 254, 24]
[328, 110, -47]
[322, 253, 16]
[323, 106, -50]
[318, 247, 24]
[321, 109, -42]
[301, 244, 43]
[299, 247, -43]
[301, 330, 80]
[301, 343, -14]
[291, 409, 132]
[289, 429, 31]
[283, 424, 135]
[278, 443, 34]
[320, 421, 115]
[323, 446, 0]
[327, 76, -32]
[325, 66, -26]
[324, 65, -26]
[324, 65, -26]
[323, 66, -42]
[321, 66, -42]
[320, 66, -42]
[315, 66, 6]
[310, 67, -65]
[323, 83, -18]
[321, 84, -39]
[303, 109, 50]
[291, 118, -94]
[301, 184, 68]
[310, 175, -97]
[318, 234, 32]
[322, 120, -42]
[322, 249, 27]
[328, 110, -47]
[323, 248, 19]
[324, 106, -50]
[319, 242, 26]
[321, 109, -42]
[302, 244, 43]
[299, 247, -43]
[301, 330, 80]
[301, 343, -15]
[291, 409, 132]
[289, 429, 31]
[283, 424, 134]
[278, 443, 34]
[320, 421, 115]
[323, 446, 0]
[327, 76, -32]
[325, 66, -26]
[324, 65, -26]
[324, 65, -26]
[323, 66, -42]
[321, 66, -42]
[320, 66, -42]
[315, 66, 5]
[310, 67, -65]
[323, 83, -18]
[321, 83, -39]
[303, 109, 50]
[291, 118, -94]
[301, 183, 71]
[310, 175, -96]
[318, 231, 38]
[322, 120, -42]
[323, 246, 34]
[328, 110, -46]
[323, 244, 26]
[323, 106, -49]
[319, 238, 33]
[321, 110, -41]
[302, 244, 43]
[299, 247, -43]
[301, 330, 80]
[301, 343, -14]
[291, 408, 133]
[289, 428, 31]
[283, 423, 136]
[278, 443, 35]
[320, 421, 116]
[323, 445, 1]
[327, 76, -32]
[325, 66, -26]
[324, 65, -26]
[324, 65, -26]
[323, 66, -42]
[321, 66, -42]
[320, 66, -42]
[315, 66, 5]
[310, 67, -66]
[323, 83, -18]
[321, 83, -38]
[303, 109, 50]
[291, 118, -95]
[301, 177, 83]
[309, 171, -98]
[318, 215, 64]
[322, 121, -47]
[323, 228, 62]
[328, 111, -52]
[324, 225, 53]
[324, 107, -54]
[319, 221, 58]
[321, 110, -46]
[302, 244, 43]
[299, 247, -43]
[301, 330, 83]
[301, 342, -13]
[291, 405, 136]
[289, 428, 32]
[283, 420, 139]
[278, 442, 35]
[320, 418, 121]
[323, 445, 2]
[327, 76, -30]
[325, 66, -24]
[324, 65, -24]
[324, 65, -24]
[323, 66, -41]
[321, 66, -41]
[320, 66, -41]
[314, 66, 6]
[310, 67, -66]
[323, 83, -17]
[321, 83, -38]
[303, 109, 51]
[291, 118, -95]
[301, 179, 72]
[309, 173, -97]
[318, 223, 35]
[324, 120, -38]
[323, 238, 30]
[329, 111, -41]
[324, 236, 22]
[325, 107, -44]
[320, 231, 29]
[323, 110, -37]
[302, 244, 43]
[299, 247, -43]
[301, 330, 81]
[301, 342, -15]
[291, 406, 132]
[289, 428, 30]
[283, 421, 135]
[278, 442, 34]
[320, 419, 116]
[323, 445, 1]
[327, 76, -30]
[325, 66, -24]
[324, 65, -24]
[324, 65, -24]
[323, 66, -40]
[321, 66, -40]
[320, 66, -40]
[314, 66, 6]
[310, 67, -65]
[323, 83, -16]
[321, 83, -38]
[304, 108, 51]
[291, 118, -95]
[302, 179, 68]
[309, 174, -97]
[318, 226, 29]
[327, 120, -33]
[323, 241, 23]
[333, 111, -35]
[324, 239, 16]
[329, 107, -37]
[320, 234, 23]
[327, 110, -31]
[302, 244, 43]
[299, 247, -43]
[301, 330, 80]
[301, 342, -15]
[291, 407, 130]
[289, 428, 29]
[283, 422, 133]
[278, 442, 33]
[319, 419, 113]
[323, 445, 1]
[327, 76, -28]
[324, 66, -22]
[324, 65, -22]
[324, 65, -22]
[323, 66, -39]
[321, 66, -39]
[320, 66, -39]
[314, 66, 6]
[310, 67, -65]
[323, 83, -15]
[321, 83, -36]
[304, 108, 52]
[290, 118, -95]
[302, 177, 87]
[308, 176, -93]
[320, 210, 69]
[329, 121, -24]
[325, 221, 67]
[336, 112, -26]
[325, 217, 58]
[332, 108, -29]
[322, 214, 63]
[329, 111, -23]
[302, 244, 43]
[299, 247, -43]
[301, 330, 83]
[301, 342, -13]
[291, 406, 136]
[289, 426, 34]
[283, 421, 139]
[278, 441, 38]
[319, 419, 120]
[323, 444, 7]
[326, 76, -22]
[324, 66, -17]
[324, 65, -17]
[323, 65, -17]
[322, 66, -34]
[321, 66, -34]
[319, 66, -34]
[313, 66, 9]
[309, 67, -64]
[323, 82, -9]
[321, 83, -31]
[304, 108, 57]
[289, 118, -95]
[309, 157, 117]
[307, 177, -86]
[328, 161, 131]
[330, 122, -11]
[334, 164, 134]
[338, 115, -12]
[333, 161, 126]
[334, 111, -14]
[330, 160, 126]
[331, 113, -9]
[302, 244, 43]
[298, 247, -43]
[301, 330, 81]
[301, 342, -13]
[291, 407, 131]
[289, 426, 29]
[282, 421, 134]
[278, 440, 33]
[319, 420, 116]
[323, 444, 4]
[326, 76, -22]
[324, 66, -17]
[324, 65, -17]
[323, 65, -17]
[322, 66, -34]
[321, 66, -35]
[319, 66, -35]
[313, 66, 11]
[309, 67, -64]
[323, 82, -9]
[321, 83, -31]
[305, 108, 58]
[288, 118, -95]
[309, 161, 79]
[306, 182, -79]
[327, 184, 22]
[332, 125, 7]
[334, 194, 14]
[340, 118, 8]
[332, 193, 8]
[335, 113, 3]
[329, 189, 16]
[332, 115, 9]
[303, 244, 43]
[297, 247, -43]
[301, 330, 80]
[301, 342, -14]
[291, 411, 127]
[289, 426, 29]
[282, 426, 129]
[278, 440, 33]
[319, 425, 110]
[323, 444, 4]
[326, 75, -21]
[324, 66, -16]
[324, 65, -16]
[323, 65, -16]
[322, 66, -33]
[321, 66, -34]
[319, 65, -34]
[313, 66, 14]
[309, 67, -62]
[323, 82, -7]
[321, 83, -29]
[305, 108, 61]
[286, 118, -92]
[312, 165, 54]
[304, 184, -67]
[330, 176, -28]
[333, 129, 27]
[339, 180, -41]
[343, 123, 29]
[337, 176, -45]
[338, 118, 24]
[332, 175, -34]
[334, 120, 29]
[303, 244, 44]
[297, 247, -43]
[301, 330, 80]
[301, 342, -13]
[291, 411, 127]
[289, 426, 30]
[282, 426, 130]
[278, 440, 34]
[319, 426, 111]
[323, 444, 4]
[326, 75, -16]
[323, 65, -11]
[323, 65, -11]
[322, 64, -11]
[322, 66, -28]
[320, 65, -28]
[319, 65, -28]
[312, 66, 19]
[309, 67, -53]
[323, 82, -2]
[321, 83, -23]
[305, 109, 67]
[285, 118, -83]
[315, 165, 50]
[303, 185, -56]
[334, 157, -33]
[334, 132, 45]
[345, 139, -45]
[344, 126, 49]
[341, 151, -46]
[338, 120, 44]
[335, 152, -38]
[335, 122, 47]
[303, 245, 44]
[296, 247, -43]
[301, 330, 78]
[301, 342, -13]
[291, 412, 124]
[289, 426, 29]
[282, 427, 126]
[279, 440, 33]
[318, 426, 107]
[323, 444, 4]
[326, 75, -13]
[323, 65, -9]
[323, 65, -9]
[322, 64, -9]
[321, 65, -25]
[320, 65, -25]
[318, 65, -25]
[311, 66, 22]
[308, 67, -50]
[322, 82, 0]
[320, 82, -20]
[305, 109, 69]
[284, 118, -79]
[318, 163, 53]
[301, 185, -51]
[341, 137, -26]
[334, 136, 49]
[351, 133, -37]
[345, 130, 55]
[345, 128, -37]
[339, 125, 50]
[340, 130, -30]
[336, 126, 51]
[303, 245, 43]
[296, 247, -43]
[301, 330, 75]
[301, 342, -14]
[290, 412, 119]
[289, 425, 25]
[281, 427, 121]
[279, 439, 29]
[317, 426, 103]
[321, 444, 2]
[326, 75, -13]
[323, 65, -8]
[322, 65, -8]
[321, 64, -8]
[321, 65, -25]
[320, 65, -25]
[318, 65, -25]
[310, 66, 22]
[308, 66, -49]
[322, 82, 0]
[320, 82, -20]
[303, 109, 70]
[284, 118, -78]
[316, 164, 54]
[301, 185, -53]
[342, 139, -27]
[337, 138, 43]
[352, 136, -38]
[348, 134, 48]
[348, 132, -39]
[343, 129, 43]
[343, 132, -31]
[339, 130, 45]
[303, 245, 43]
[296, 247, -43]
[301, 330, 76]
[301, 342, -14]
[289, 412, 121]
[288, 424, 26]
[280, 427, 124]
[278, 438, 30]
[316, 427, 105]
[319, 444, 2]
[325, 74, -11]
[322, 65, -6]
[322, 64, -6]
[321, 64, -7]
[321, 65, -23]
[320, 65, -23]
[318, 64, -23]
[310, 66, 24]
[307, 66, -46]
[321, 82, 2]
[320, 82, -18]
[303, 109, 72]
[284, 119, -73]
[316, 165, 53]
[300, 185, -49]
[346, 140, -32]
[338, 139, 43]
[356, 138, -45]
[348, 136, 48]
[351, 133, -45]
[343, 130, 44]
[346, 134, -37]
[339, 131, 46]
[302, 245, 43]
[296, 247, -43]
[301, 331, 73]
[301, 342, -15]
[289, 415, 118]
[288, 424, 25]
[280, 430, 120]
[278, 438, 29]
[315, 430, 99]
[318, 444, 0]
[325, 74, -12]
[322, 64, -7]
[321, 64, -7]
[320, 63, -7]
[321, 64, -23]
[319, 64, -23]
[318, 64, -23]
[309, 65, 24]
[307, 66, -45]
[321, 82, 1]
[320, 82, -18]
[302, 110, 72]
[283, 119, -71]
[316, 165, 52]
[299, 185, -48]
[348, 143, -35]
[339, 142, 41]
[358, 142, -47]
[349, 137, 45]
[353, 136, -47]
[344, 132, 41]
[348, 136, -39]
[340, 133, 43]
[302, 245, 42]
[296, 247, -42]
[302, 331, 72]
[301, 342, -16]
[289, 416, 117]
[288, 424, 25]
[280, 431, 119]
[278, 438, 29]
[315, 430, 97]
[318, 444, 0]
[325, 73, -10]
[322, 63, -5]
[321, 63, -5]
[320, 63, -5]
[321, 64, -21]
[319, 63, -21]
[318, 63, -21]
[308, 65, 25]
[306, 65, -45]
[321, 82, 3]
[320, 82, -16]
[301, 110, 72]
[283, 119, -72]
[315, 166, 53]
[298, 185, -50]
[348, 146, -23]
[340, 144, 37]
[360, 147, -35]
[351, 141, 40]
[356, 142, -37]
[345, 135, 37]
[351, 141, -28]
[341, 136, 39]
[302, 245, 42]
[296, 247, -42]
[302, 331, 73]
[301, 342, -16]
[289, 416, 118]
[288, 424, 25]
[280, 431, 120]
[278, 438, 29]
[315, 431, 98]
[318, 444, 0]
[325, 73, -8]
[322, 63, -3]
[321, 63, -3]
[320, 62, -3]
[321, 63, -20]
[319, 63, -20]
[318, 63, -20]
[308, 65, 27]
[306, 65, -44]
[321, 82, 4]
[320, 82, -15]
[301, 110, 73]
[283, 119, -72]
[315, 166, 60]
[297, 186, -52]
[351, 149, -17]
[342, 150, 34]
[364, 151, -28]
[356, 149, 39]
[361, 147, -31]
[351, 142, 34]
[355, 146, -22]
[345, 141, 36]
[302, 245, 42]
[296, 247, -42]
[302, 331, 73]
[301, 342, -18]
[289, 417, 119]
[288, 424, 25]
[280, 432, 121]
[278, 438, 29]
[315, 433, 99]
[318, 444, 0]
[325, 73, -10]
[321, 63, -5]
[320, 62, -5]
[319, 62, -5]
[320, 63, -21]
[319, 63, -21]
[317, 63, -21]
[307, 64, 25]
[306, 65, -45]
[320, 82, 3]
[319, 81, -16]
[300, 111, 72]
[283, 119, -73]
[315, 166, 66]
[295, 186, -55]
[355, 152, -1]
[343, 155, 21]
[368, 154, -12]
[358, 155, 22]
[366, 150, -19]
[353, 148, 19]
[360, 149, -7]
[348, 147, 23]
[302, 245, 42]
[296, 248, -42]
[302, 331, 75]
[301, 342, -17]
[289, 417, 125]
[289, 424, 29]
[280, 432, 127]
[279, 438, 33]
[315, 432, 106]
[318, 444, 4]
[324, 73, -10]
[321, 63, -5]
[320, 62, -5]
[318, 62, -5]
[320, 63, -21]
[318, 63, -21]
[317, 62, -21]
[307, 64, 25]
[306, 65, -45]
[320, 81, 3]
[319, 81, -16]
[300, 111, 72]
[283, 119, -74]
[315, 167, 79]
[294, 186, -58]
[356, 153, 29]
[347, 161, 5]
[367, 157, 20]
[362, 165, 3]
[367, 153, 13]
[360, 157, 2]
[361, 151, 23]
[353, 155, 7]
[302, 245, 43]
[296, 248, -42]
[303, 331, 75]
[301, 342, -18]
[289, 418, 125]
[289, 425, 29]
[280, 433, 128]
[279, 438, 33]
[316, 434, 106]
[318, 445, 4]
[324, 73, -15]
[320, 63, -10]
[319, 62, -10]
[318, 62, -10]
[320, 63, -26]
[318, 63, -26]
[317, 62, -26]
[306, 64, 17]
[306, 65, -53]
[320, 81, -2]
[319, 81, -23]
[300, 111, 66]
[283, 119, -83]
[314, 167, 94]
[294, 187, -77]
[356, 155, 76]
[351, 168, -25]
[366, 161, 72]
[367, 174, -30]
[366, 157, 62]
[365, 166, -30]
[361, 154, 69]
[359, 162, -23]
[302, 244, 43]
[296, 248, -43]
[303, 330, 81]
[301, 342, -16]
[291, 417, 137]
[290, 425, 35]
[281, 432, 140]
[280, 438, 40]
[317, 434, 120]
[319, 444, 11]
[324, 73, -21]
[320, 63, -15]
[319, 62, -15]
[318, 62, -15]
[320, 63, -32]
[318, 63, -32]
[317, 62, -32]
[306, 64, 13]
[306, 65, -59]
[320, 81, -8]
[319, 81, -29]
[299, 111, 63]
[284, 119, -90]
[311, 164, 124]
[293, 187, -99]
[355, 158, 143]
[353, 175, -74]
[365, 162, 147]
[370, 182, -84]
[365, 158, 134]
[370, 177, -83]
[360, 156, 137]
[364, 172, -72]
[302, 244, 43]
[296, 248, -43]
[303, 329, 86]
[301, 341, -13]
[291, 414, 145]
[290, 424, 39]
[282, 428, 149]
[281, 438, 44]
[317, 430, 131]
[320, 442, 15]
[324, 72, -22]
[320, 63, -17]
[319, 62, -17]
[318, 62, -17]
[320, 63, -33]
[318, 63, -33]
[317, 62, -33]
[306, 64, 11]
[306, 65, -61]
[320, 81, -9]
[319, 81, -30]
[298, 111, 61]
[285, 119, -93]
[309, 164, 103]
[292, 187, -98]
[354, 168, 91]
[352, 178, -64]
[364, 170, 89]
[369, 184, -73]
[365, 168, 78]
[369, 179, -70]
[361, 167, 84]
[363, 175, -61]
[302, 243, 43]
[296, 247, -43]
[303, 328, 90]
[301, 340, -12]
[293, 413, 150]
[291, 424, 42]
[284, 427, 154]
[281, 438, 47]
[319, 429, 135]
[322, 441, 18]
[324, 72, -26]
[320, 63, -21]
[319, 62, -21]
[318, 62, -21]
[320, 63, -37]
[318, 63, -37]
[317, 62, -37]
[306, 64, 8]
[306, 65, -64]
[321, 81, -13]
[319, 80, -34]
[298, 111, 58]
[286, 119, -96]
[309, 165, 94]
[291, 187, -100]
[356, 175, 73]
[352, 183, -66]
[367, 179, 70]
[368, 190, -76]
[369, 176, 58]
[368, 183, -74]
[365, 175, 66]
[362, 180, -64]
[302, 243, 44]
[296, 247, -43]
[303, 327, 91]
[301, 340, -11]
[294, 412, 152]
[291, 424, 44]
[285, 426, 156]
[281, 438, 49]
[320, 427, 137]
[322, 441, 19]
[326, 72, -28]
[322, 62, -23]
[321, 62, -23]
[319, 62, -23]
[321, 62, -40]
[320, 62, -39]
[318, 62, -40]
[307, 64, 7]
[307, 65, -68]
[322, 80, -15]
[321, 80, -36]
[298, 111, 57]
[287, 119, -100]
[310, 166, 95]
[291, 188, -108]
[356, 181, 80]
[356, 192, -81]
[367, 184, 79]
[372, 202, -92]
[369, 180, 67]
[374, 199, -89]
[365, 179, 73]
[368, 194, -79]
[302, 243, 44]
[296, 247, -44]
[303, 327, 88]
[301, 340, -13]
[294, 415, 147]
[291, 425, 41]
[285, 429, 150]
[282, 439, 46]
[320, 430, 131]
[322, 441, 16]
[327, 71, -34]
[323, 62, -28]
[322, 61, -28]
[321, 61, -29]
[322, 62, -45]
[320, 62, -45]
[319, 62, -45]
[308, 64, 3]
[307, 64, -72]
[323, 79, -20]
[322, 79, -42]
[299, 111, 53]
[287, 119, -104]
[309, 169, 80]
[290, 189, -112]
[356, 191, 51]
[355, 196, -81]
[366, 196, 47]
[371, 206, -93]
[369, 195, 35]
[373, 203, -91]
[364, 191, 44]
[367, 198, -79]
[302, 243, 45]
[296, 247, -45]
[303, 327, 88]
[302, 340, -14]
[294, 418, 146]
[291, 427, 41]
[285, 433, 150]
[282, 441, 46]
[321, 433, 128]
[323, 442, 15]
[328, 69, -34]
[324, 61, -28]
[323, 60, -28]
[321, 60, -28]
[323, 61, -45]
[321, 61, -45]
[320, 61, -45]
[309, 63, 3]
[308, 64, -72]
[324, 78, -20]
[323, 78, -41]
[299, 111, 54]
[289, 119, -105]
[306, 169, 85]
[290, 189, -116]
[350, 190, 65]
[358, 205, -93]
[361, 193, 63]
[373, 217, -106]
[369, 191, 52]
[376, 214, -103]
[364, 190, 59]
[370, 208, -91]
[302, 243, 45]
[297, 247, -45]
[303, 327, 88]
[302, 340, -15]
[294, 420, 148]
[291, 430, 41]
[285, 436, 151]
[282, 444, 46]
[321, 435, 130]
[323, 443, 14]
[329, 68, -35]
[324, 60, -29]
[323, 60, -29]
[322, 59, -29]
[323, 60, -46]
[322, 60, -46]
[320, 60, -46]
[310, 63, 2]
[309, 64, -73]
[325, 77, -21]
[324, 77, -43]
[299, 111, 53]
[290, 119, -106]
[306, 169, 91]
[290, 190, -119]
[350, 189, 77]
[357, 209, -99]
[360, 193, 76]
[373, 223, -111]
[365, 188, 64]
[375, 219, -109]
[362, 188, 70]
[370, 213, -97]
[302, 242, 46]
[298, 247, -46]
[303, 327, 87]
[302, 340, -17]
[293, 420, 146]
[291, 430, 40]
[284, 435, 149]
[281, 445, 45]
[320, 434, 128]
[323, 443, 11]
[330, 68, -36]
[326, 60, -30]
[325, 60, -30]
[323, 59, -30]
[324, 60, -47]
[323, 60, -47]
[321, 60, -47]
[311, 63, 1]
[310, 64, -73]
[327, 77, -22]
[325, 77, -44]
[301, 111, 52]
[292, 119, -106]
[306, 169, 89]
[290, 190, -117]
[349, 192, 69]
[356, 213, -94]
[358, 194, 66]
[372, 228, -106]
[362, 188, 55]
[374, 225, -105]
[360, 189, 62]
[369, 218, -92]
[302, 241, 46]
[298, 246, -46]
[303, 327, 83]
[302, 340, -22]
[293, 418, 137]
[291, 430, 30]
[284, 434, 140]
[281, 444, 34]
[320, 433, 118]
[323, 443, 0]
[331, 68, -41]
[326, 60, -34]
[326, 59, -35]
[324, 59, -35]
[325, 60, -52]
[324, 60, -51]
[322, 60, -52]
[312, 63, -2]
[310, 64, -77]
[328, 77, -26]
[326, 77, -48]
[303, 112, 50]
[292, 119, -110]
[307, 170, 80]
[291, 190, -122]
[348, 198, 54]
[356, 216, -98]
[355, 201, 52]
[370, 231, -110]
[360, 198, 40]
[373, 228, -108]
[358, 196, 48]
[368, 222, -96]
[303, 240, 47]
[298, 244, -46]
[303, 327, 82]
[302, 339, -25]
[294, 418, 136]
[292, 430, 26]
[285, 433, 139]
[282, 444, 30]
[320, 433, 117]
[325, 443, -4]
[332, 68, -41]
[328, 60, -35]
[327, 59, -35]
[326, 59, -35]
[326, 60, -52]
[325, 60, -52]
[323, 60, -52]
[313, 63, -2]
[311, 64, -77]
[329, 77, -27]
[327, 77, -48]
[304, 112, 49]
[293, 119, -109]
[307, 172, 71]
[291, 190, -121]
[343, 203, 39]
[352, 218, -97]
[351, 209, 36]
[364, 234, -109]
[359, 209, 25]
[370, 231, -107]
[356, 207, 33]
[366, 224, -95]
[303, 240, 47]
[298, 243, -47]
[303, 326, 81]
[302, 339, -27]
[294, 417, 134]
[293, 430, 21]
[285, 432, 137]
[283, 445, 25]
[321, 433, 114]
[327, 445, -10]
[333, 68, -53]
[329, 60, -47]
[328, 59, -47]
[327, 59, -47]
[328, 60, -63]
[326, 60, -63]
[324, 60, -63]
[315, 63, -13]
[312, 64, -87]
[330, 77, -38]
[328, 77, -59]
[305, 112, 40]
[294, 119, -118]
[307, 173, 62]
[291, 190, -132]
[342, 208, 34]
[352, 225, -115]
[350, 215, 31]
[363, 241, -128]
[357, 212, 20]
[370, 238, -125]
[353, 209, 27]
[366, 232, -113]
[304, 239, 47]
[298, 243, -47]
[304, 326, 83]
[302, 339, -25]
[295, 416, 142]
[293, 430, 28]
[286, 430, 145]
[283, 445, 31]
[321, 433, 120]
[328, 445, -5]
[334, 68, -60]
[330, 60, -54]
[330, 59, -54]
[328, 59, -54]
[329, 60, -71]
[327, 60, -71]
[325, 60, -71]
[316, 63, -19]
[313, 64, -94]
[331, 77, -45]
[329, 77, -66]
[306, 112, 34]
[295, 119, -124]
[307, 173, 57]
[292, 190, -139]
[342, 209, 29]
[351, 229, -124]
[350, 217, 26]
[360, 245, -138]
[355, 214, 15]
[368, 243, -135]
[352, 214, 22]
[364, 237, -122]
[305, 239, 47]
[299, 243, -47]
[304, 326, 86]
[302, 339, -24]
[295, 414, 149]
[293, 431, 34]
[286, 428, 152]
[283, 446, 39]
[322, 432, 129]
[328, 446, -1]
[335, 68, -59]
[331, 60, -53]
[330, 59, -53]
[329, 59, -53]
[330, 60, -70]
[328, 60, -70]
[326, 60, -70]
[316, 63, -18]
[314, 64, -94]
[332, 77, -44]
[330, 77, -66]
[306, 112, 34]
[297, 119, -124]
[307, 174, 52]
[293, 190, -139]
[339, 215, 18]
[349, 231, -121]
[348, 227, 15]
[357, 247, -135]
[353, 225, 4]
[364, 245, -132]
[350, 221, 12]
[360, 238, -120]
[305, 239, 48]
[300, 243, -48]
[304, 326, 89]
[302, 339, -24]
[295, 414, 153]
[293, 432, 37]
[286, 428, 157]
[283, 447, 41]
[322, 431, 134]
[328, 447, 2]
[336, 68, -59]
[332, 59, -52]
[331, 59, -52]
[330, 59, -52]
[330, 60, -69]
[328, 60, -69]
[326, 60, -69]
[317, 63, -17]
[314, 64, -92]
[332, 77, -43]
[330, 77, -65]
[307, 112, 35]
[298, 119, -123]
[307, 174, 52]
[293, 190, -138]
[338, 218, 18]
[347, 234, -119]
[346, 228, 14]
[355, 250, -132]
[350, 227, 3]
[362, 248, -130]
[348, 223, 11]
[358, 241, -117]
[305, 240, 48]
[300, 243, -48]
[304, 326, 91]
[302, 339, -22]
[295, 414, 156]
[293, 433, 41]
[286, 428, 160]
[283, 448, 46]
[322, 431, 138]
[328, 448, 8]
[337, 67, -58]
[333, 59, -51]
[332, 59, -51]
[331, 59, -52]
[331, 59, -69]
[330, 59, -69]
[327, 59, -69]
[318, 62, -16]
[315, 63, -93]
[333, 76, -42]
[331, 76, -65]
[308, 113, 37]
[298, 119, -125]
[307, 177, 55]
[294, 191, -140]
[338, 222, 22]
[347, 240, -123]
[346, 235, 18]
[353, 256, -137]
[350, 230, 7]
[361, 255, -135]
[348, 228, 15]
[357, 248, -121]
[306, 241, 48]
[301, 243, -48]
[304, 328, 90]
[302, 340, -19]
[295, 419, 156]
[292, 435, 46]
[286, 434, 160]
[281, 450, 51]
[322, 437, 135]
[327, 449, 12]
[337, 67, -61]
[334, 59, -55]
[333, 59, -55]
[332, 59, -55]
[332, 59, -72]
[330, 59, -72]
[328, 59, -72]
[318, 62, -20]
[316, 63, -95]
[334, 76, -46]
[332, 76, -67]
[310, 113, 33]
[298, 120, -125]
[308, 178, 51]
[295, 192, -138]
[337, 222, 18]
[346, 244, -120]
[344, 232, 14]
[353, 259, -134]
[348, 230, 4]
[359, 258, -133]
[345, 229, 12]
[356, 251, -119]
[307, 241, 48]
[301, 244, -48]
[304, 329, 90]
[302, 341, -17]
[294, 420, 154]
[291, 434, 48]
[285, 435, 158]
[279, 450, 53]
[321, 437, 134]
[325, 449, 15]
[338, 67, -58]
[334, 59, -52]
[334, 59, -52]
[333, 59, -52]
[333, 59, -69]
[331, 59, -69]
[329, 59, -69]
[319, 62, -17]
[317, 63, -92]
[335, 76, -43]
[332, 76, -64]
[311, 113, 35]
[299, 120, -122]
[308, 177, 54]
[296, 192, -135]
[335, 220, 21]
[343, 242, -115]
[342, 231, 16]
[349, 257, -128]
[346, 229, 6]
[355, 256, -127]
[343, 226, 14]
[352, 249, -114]
[307, 241, 48]
[301, 244, -48]
[304, 329, 89]
[302, 341, -16]
[294, 420, 154]
[291, 434, 47]
[285, 434, 157]
[279, 450, 52]
[321, 436, 134]
[325, 449, 15]
[339, 67, -56]
[335, 59, -51]
[334, 59, -51]
[333, 58, -51]
[333, 59, -68]
[331, 59, -68]
[329, 59, -68]
[320, 62, -17]
[317, 63, -91]
[335, 76, -42]
[333, 76, -63]
[312, 113, 36]
[299, 120, -121]
[309, 177, 56]
[296, 192, -133]
[335, 220, 24]
[340, 242, -113]
[342, 232, 20]
[346, 258, -127]
[346, 230, 9]
[352, 257, -126]
[343, 227, 17]
[349, 250, -112]
[307, 241, 48]
[301, 244, -48]
[304, 330, 82]
[302, 341, -20]
[294, 420, 141]
[291, 434, 38]
[284, 435, 144]
[280, 449, 43]
[320, 437, 118]
[325, 449, 4]
[340, 67, -56]
[336, 59, -50]
[335, 58, -50]
[334, 58, -50]
[334, 59, -66]
[332, 59, -66]
[330, 59, -67]
[321, 62, -16]
[318, 63, -90]
[336, 76, -41]
[334, 76, -62]
[312, 114, 37]
[300, 120, -122]
[310, 178, 55]
[298, 193, -134]
[334, 223, 23]
[339, 246, -114]
[341, 237, 18]
[346, 263, -127]
[345, 234, 8]
[352, 262, -127]
[342, 233, 16]
[349, 255, -113]
[308, 241, 48]
[301, 244, -48]
[304, 330, 82]
[303, 341, -19]
[293, 420, 146]
[291, 433, 43]
[284, 434, 149]
[279, 449, 48]
[320, 437, 123]
[325, 448, 10]
[341, 66, -58]
[336, 58, -51]
[336, 58, -51]
[334, 57, -51]
[335, 58, -68]
[333, 58, -68]
[331, 58, -69]
[321, 62, -17]
[319, 63, -93]
[337, 76, -42]
[335, 76, -64]
[313, 114, 35]
[300, 120, -124]
[310, 181, 52]
[299, 194, -136]
[333, 229, 19]
[339, 251, -116]
[339, 243, 15]
[346, 270, -129]
[344, 243, 5]
[351, 269, -129]
[342, 241, 13]
[348, 262, -115]
[308, 242, 48]
[301, 244, -48]
[304, 330, 89]
[303, 341, -15]
[293, 420, 158]
[290, 433, 53]
[283, 434, 163]
[279, 448, 58]
[319, 437, 139]
[324, 447, 21]
[341, 66, -60]
[337, 57, -54]
[336, 57, -54]
[335, 57, -54]
[335, 58, -71]
[334, 58, -71]
[332, 58, -71]
[322, 62, -19]
[320, 63, -95]
[338, 75, -45]
[336, 76, -67]
[313, 114, 34]
[302, 120, -127]
[310, 182, 50]
[301, 195, -139]
[333, 231, 18]
[339, 255, -119]
[340, 251, 13]
[346, 272, -133]
[343, 246, 3]
[351, 272, -133]
[341, 243, 11]
[348, 265, -118]
[308, 242, 48]
[301, 244, -48]
[304, 331, 93]
[303, 342, -12]
[293, 420, 166]
[290, 433, 58]
[283, 434, 171]
[279, 448, 63]
[319, 437, 148]
[324, 447, 27]
[342, 66, -59]
[337, 57, -53]
[336, 57, -53]
[335, 57, -53]
[336, 58, -70]
[334, 58, -70]
[333, 58, -70]
[322, 62, -18]
[321, 63, -94]
[338, 75, -44]
[337, 75, -66]
[313, 115, 34]
[302, 120, -126]
[310, 182, 51]
[302, 195, -138]
[331, 232, 19]
[339, 255, -117]
[336, 251, 15]
[344, 273, -131]
[342, 253, 4]
[349, 273, -131]
[339, 245, 13]
[347, 266, -116]
[308, 242, 48]
[301, 244, -48]
[304, 331, 93]
[304, 342, -13]
[293, 420, 161]
[289, 433, 53]
[283, 434, 165]
[277, 448, 59]
[318, 439, 142]
[322, 447, 22]
[342, 65, -60]
[337, 57, -54]
[337, 57, -54]
[335, 57, -54]
[336, 58, -71]
[335, 58, -71]
[333, 58, -71]
[323, 61, -20]
[322, 63, -95]
[339, 75, -45]
[337, 75, -67]
[313, 115, 32]
[303, 120, -127]
[310, 183, 47]
[303, 195, -138]
[329, 235, 16]
[338, 257, -116]
[334, 252, 11]
[343, 276, -130]
[339, 253, 2]
[348, 275, -130]
[337, 249, 10]
[345, 268, -115]
[308, 242, 48]
[301, 244, -48]
[305, 331, 92]
[304, 342, -11]
[293, 419, 161]
[289, 432, 55]
[283, 432, 165]
[277, 447, 61]
[318, 438, 143]
[323, 446, 25]
[342, 65, -62]
[338, 57, -55]
[337, 57, -55]
[335, 56, -55]
[336, 57, -73]
[335, 57, -73]
[334, 58, -73]
[323, 61, -21]
[322, 62, -98]
[339, 75, -47]
[337, 75, -69]
[313, 115, 31]
[304, 120, -130]
[310, 184, 46]
[304, 196, -141]
[328, 238, 14]
[338, 259, -119]
[332, 254, 10]
[343, 278, -133]
[338, 259, 0]
[347, 277, -132]
[336, 251, 8]
[345, 270, -118]
[308, 242, 48]
[301, 244, -48]
[305, 332, 95]
[304, 342, -10]
[293, 419, 169]
[289, 431, 61]
[283, 432, 174]
[277, 446, 67]
[318, 438, 152]
[323, 446, 31]
[342, 64, -64]
[337, 56, -57]
[337, 56, -57]
[335, 56, -57]
[336, 57, -75]
[335, 57, -75]
[334, 57, -75]
[323, 61, -23]
[322, 62, -100]
[339, 74, -49]
[338, 75, -71]
[314, 115, 29]
[304, 120, -132]
[310, 184, 44]
[304, 197, -143]
[328, 239, 12]
[336, 259, -120]
[331, 256, 7]
[341, 278, -135]
[336, 260, -2]
[345, 278, -134]
[334, 252, 6]
[343, 271, -119]
[308, 242, 48]
[300, 244, -48]
[306, 332, 96]
[304, 343, -8]
[293, 417, 172]
[289, 430, 64]
[283, 429, 177]
[277, 444, 70]
[318, 437, 155]
[323, 446, 33]
[342, 64, -66]
[337, 56, -60]
[336, 56, -60]
[335, 55, -60]
[336, 56, -77]
[335, 56, -77]
[333, 57, -77]
[323, 61, -25]
[322, 62, -102]
[339, 74, -51]
[338, 74, -73]
[315, 115, 28]
[304, 120, -134]
[311, 185, 43]
[304, 197, -146]
[327, 241, 11]
[336, 260, -125]
[329, 258, 6]
[341, 279, -140]
[334, 260, -3]
[344, 279, -140]
[332, 253, 4]
[342, 272, -124]
[308, 242, 49]
[300, 244, -49]
[307, 332, 96]
[304, 343, -9]
[293, 415, 172]
[289, 429, 63]
[283, 427, 177]
[277, 443, 68]
[318, 436, 155]
[323, 445, 31]
[342, 64, -73]
[337, 55, -66]
[336, 55, -67]
[335, 55, -67]
[336, 56, -84]
[335, 56, -84]
[333, 56, -84]
[323, 61, -32]
[322, 61, -108]
[339, 74, -58]
[337, 74, -80]
[315, 115, 21]
[304, 120, -140]
[311, 186, 37]
[305, 199, -151]
[326, 243, 9]
[336, 263, -129]
[327, 260, 4]
[340, 282, -144]
[332, 262, -5]
[343, 282, -144]
[331, 257, 2]
[341, 275, -129]
[308, 242, 49]
[300, 244, -49]
[307, 332, 96]
[304, 343, -9]
[293, 414, 171]
[289, 429, 62]
[283, 426, 177]
[277, 443, 68]
[318, 435, 154]
[324, 445, 30]
[342, 64, -74]
[337, 55, -68]
[336, 55, -68]
[335, 55, -68]
[336, 56, -85]
[335, 56, -85]
[333, 56, -85]
[323, 60, -33]
[322, 61, -109]
[339, 74, -59]
[338, 74, -81]
[316, 115, 21]
[304, 120, -141]
[312, 186, 37]
[306, 199, -152]
[326, 243, 8]
[334, 263, -133]
[329, 260, 3]
[338, 282, -148]
[333, 263, -6]
[341, 281, -148]
[332, 258, 1]
[340, 275, -133]
[308, 242, 49]
[300, 244, -49]
[307, 331, 95]
[304, 343, -9]
[293, 412, 169]
[289, 427, 60]
[283, 424, 174]
[277, 441, 66]
[318, 433, 152]
[324, 444, 29]
[342, 63, -72]
[337, 55, -66]
[336, 55, -66]
[335, 55, -66]
[336, 55, -83]
[335, 55, -83]
[333, 56, -83]
[323, 60, -31]
[322, 61, -107]
[339, 74, -57]
[337, 74, -79]
[316, 115, 23]
[304, 120, -139]
[313, 186, 39]
[307, 198, -151]
[326, 243, 9]
[333, 263, -134]
[329, 260, 5]
[336, 281, -148]
[333, 263, -5]
[340, 281, -149]
[331, 257, 2]
[338, 274, -133]
[308, 242, 49]
[300, 244, -49]
[308, 331, 90]
[304, 343, -15]
[293, 412, 159]
[289, 427, 49]
[283, 424, 164]
[277, 441, 53]
[318, 433, 141]
[325, 444, 15]
[342, 63, -71]
[337, 55, -65]
[336, 55, -65]
[335, 55, -65]
[336, 55, -82]
[335, 55, -82]
[333, 56, -82]
[323, 60, -30]
[322, 61, -107]
[339, 73, -56]
[337, 74, -78]
[316, 115, 24]
[304, 119, -139]
[313, 186, 40]
[307, 198, -153]
[326, 243, 10]
[332, 262, -137]
[329, 261, 6]
[335, 281, -152]
[333, 264, -4]
[339, 281, -153]
[331, 259, 3]
[337, 274, -137]
[308, 242, 50]
[300, 243, -50]
[308, 331, 90]
[305, 343, -17]
[293, 412, 159]
[289, 427, 47]
[283, 424, 164]
[277, 441, 52]
[317, 433, 141]
[325, 444, 14]
[342, 63, -70]
[337, 55, -64]
[336, 55, -64]
[335, 55, -64]
[336, 55, -81]
[335, 55, -81]
[333, 56, -81]
[322, 60, -29]
[322, 61, -106]
[339, 73, -55]
[337, 74, -77]
[315, 115, 25]
[305, 119, -139]
[313, 186, 41]
[308, 198, -153]
[325, 246, 10]
[330, 263, -138]
[328, 263, 6]
[334, 282, -153]
[331, 267, -3]
[337, 282, -153]
[330, 260, 4]
[336, 275, -137]
[307, 241, 50]
[300, 243, -50]
[307, 331, 89]
[305, 343, -19]
[292, 412, 159]
[289, 427, 46]
[283, 425, 163]
[277, 441, 50]
[317, 433, 140]
[325, 444, 12]
[342, 63, -70]
[337, 55, -63]
[336, 55, -63]
[335, 55, -63]
[336, 55, -81]
[335, 55, -81]
[333, 56, -81]
[322, 60, -29]
[322, 61, -105]
[339, 73, -54]
[337, 74, -76]
[315, 115, 25]
[305, 119, -138]
[313, 186, 40]
[308, 198, -152]
[323, 246, 9]
[329, 263, -137]
[326, 263, 6]
[332, 282, -153]
[329, 267, -4]
[336, 282, -152]
[328, 260, 3]
[335, 275, -137]
[306, 241, 50]
[300, 243, -50]
[307, 331, 91]
[304, 343, -18]
[292, 412, 163]
[289, 427, 46]
[283, 425, 168]
[278, 441, 51]
[317, 432, 146]
[325, 444, 12]
[342, 63, -71]
[337, 55, -65]
[336, 55, -65]
[335, 54, -65]
[336, 55, -82]
[335, 55, -82]
[333, 56, -82]
[322, 60, -30]
[322, 61, -106]
[339, 73, -56]
[337, 74, -78]
[315, 115, 24]
[305, 119, -139]
[313, 186, 38]
[308, 198, -153]
[322, 246, 9]
[328, 264, -140]
[325, 263, 5]
[331, 283, -156]
[328, 266, -5]
[335, 283, -156]
[327, 260, 2]
[333, 277, -139]
[306, 241, 50]
[300, 243, -50]
[307, 331, 93]
[304, 343, -16]
[292, 410, 168]
[290, 427, 50]
[283, 422, 173]
[278, 441, 55]
[317, 430, 153]
[327, 444, 17]
[342, 63, -71]
[337, 55, -65]
[336, 55, -65]
[334, 54, -65]
[336, 55, -82]
[334, 55, -82]
[333, 56, -82]
[322, 60, -30]
[322, 61, -107]
[339, 73, -56]
[337, 74, -78]
[315, 115, 24]
[306, 119, -139]
[313, 186, 37]
[308, 198, -154]
[321, 247, 8]
[327, 266, -141]
[323, 263, 5]
[330, 285, -157]
[326, 267, -5]
[333, 285, -157]
[325, 260, 2]
[332, 278, -141]
[306, 241, 50]
[300, 243, -50]
[307, 331, 94]
[304, 343, -15]
[293, 409, 170]
[290, 427, 52]
[284, 421, 175]
[278, 441, 57]
[317, 428, 155]
[327, 445, 19]
[342, 63, -69]
[337, 55, -62]
[336, 55, -62]
[334, 54, -62]
[336, 55, -79]
[334, 55, -79]
[333, 56, -80]
[322, 60, -28]
[322, 61, -103]
[339, 73, -54]
[337, 74, -76]
[314, 115, 25]
[306, 118, -136]
[313, 186, 38]
[308, 197, -152]
[321, 246, 6]
[325, 265, -139]
[323, 263, 2]
[329, 284, -154]
[326, 266, -7]
[332, 284, -154]
[325, 260, 0]
[331, 277, -138]
[305, 241, 50]
[300, 243, -50]
[307, 330, 93]
[304, 343, -15]
[293, 407, 165]
[291, 426, 49]
[284, 419, 170]
[279, 440, 53]
[317, 426, 153]
[328, 444, 16]
[342, 63, -64]
[337, 55, -57]
[336, 55, -57]
[334, 55, -57]
[336, 55, -74]
[334, 55, -74]
[333, 56, -74]
[322, 60, -23]
[322, 61, -98]
[339, 73, -49]
[337, 74, -71]
[314, 115, 30]
[306, 118, -132]
[313, 186, 38]
[308, 195, -147]
[320, 246, 6]
[325, 263, -133]
[323, 262, 2]
[328, 283, -147]
[325, 266, -7]
[331, 284, -148]
[324, 259, 0]
[330, 277, -132]
[305, 241, 50]
[300, 243, -50]
[307, 330, 90]
[304, 342, -18]
[293, 408, 157]
[291, 426, 44]
[284, 420, 162]
[279, 440, 48]
[317, 426, 142]
[328, 444, 11]
[342, 63, -63]
[337, 55, -57]
[336, 55, -57]
[334, 55, -57]
[336, 55, -73]
[334, 55, -74]
[333, 56, -74]
[322, 60, -22]
[322, 61, -97]
[339, 73, -48]
[337, 74, -70]
[314, 115, 30]
[306, 118, -130]
[313, 186, 37]
[308, 194, -145]
[320, 246, 2]
[324, 261, -131]
[322, 262, -1]
[327, 282, -145]
[324, 265, -12]
[330, 283, -145]
[323, 258, -3]
[329, 276, -130]
[304, 241, 50]
[300, 243, -50]
[307, 328, 87]
[304, 341, -20]
[292, 404, 152]
[290, 425, 38]
[284, 415, 156]
[279, 439, 42]
[316, 423, 137]
[326, 442, 5]
[342, 63, -64]
[337, 55, -57]
[336, 55, -57]
[334, 55, -57]
[336, 55, -74]
[334, 55, -74]
[333, 56, -74]
[322, 60, -23]
[322, 61, -98]
[339, 73, -49]
[337, 74, -70]
[313, 115, 29]
[306, 118, -131]
[313, 186, 36]
[308, 194, -146]
[319, 245, 0]
[324, 260, -131]
[321, 262, -3]
[326, 282, -145]
[323, 265, -13]
[329, 282, -145]
[322, 258, -5]
[328, 276, -130]
[303, 241, 49]
[300, 242, -49]
[307, 327, 87]
[304, 341, -21]
[291, 404, 152]
[290, 425, 37]
[283, 415, 156]
[278, 439, 41]
[314, 422, 137]
[324, 442, 4]
[342, 63, -64]
[337, 55, -57]
[336, 55, -57]
[334, 55, -57]
[336, 55, -74]
[334, 55, -74]
[333, 56, -74]
[322, 60, -23]
[322, 61, -98]
[339, 73, -49]
[337, 74, -71]
[313, 115, 28]
[306, 118, -131]
[313, 186, 35]
[308, 194, -146]
[318, 245, 0]
[323, 260, -133]
[320, 262, -3]
[325, 282, -147]
[323, 265, -13]
[329, 282, -147]
[322, 259, -5]
[328, 276, -132]
[302, 241, 49]
[299, 242, -49]
[306, 327, 87]
[304, 340, -20]
[290, 404, 153]
[290, 425, 39]
[283, 415, 158]
[278, 439, 43]
[312, 422, 138]
[324, 442, 6]
[342, 63, -63]
[337, 55, -57]
[336, 55, -57]
[334, 55, -57]
[336, 55, -74]
[334, 55, -74]
[333, 56, -74]
[322, 60, -23]
[322, 61, -98]
[339, 73, -49]
[337, 74, -70]
[313, 115, 29]
[306, 118, -131]
[312, 186, 35]
[307, 194, -146]
[317, 245, 1]
[322, 260, -133]
[319, 263, -2]
[325, 282, -147]
[322, 266, -12]
[328, 282, -147]
[321, 259, -4]
[327, 276, -132]
[302, 241, 49]
[299, 242, -49]
[306, 327, 84]
[303, 340, -23]
[289, 404, 148]
[289, 425, 35]
[281, 415, 152]
[278, 440, 39]
[311, 422, 132]
[322, 442, 1]
[342, 63, -64]
[337, 55, -57]
[335, 55, -57]
[334, 55, -57]
[336, 55, -74]
[334, 55, -74]
[333, 56, -74]
[322, 60, -23]
[322, 61, -99]
[339, 73, -49]
[338, 74, -71]
[313, 115, 29]
[306, 118, -131]
[312, 186, 36]
[307, 194, -148]
[316, 246, 2]
[322, 261, -136]
[317, 263, -1]
[324, 282, -151]
[321, 267, -12]
[327, 283, -151]
[320, 260, -4]
[326, 276, -135]
[302, 241, 49]
[299, 242, -49]
[305, 328, 85]
[303, 341, -22]
[289, 405, 150]
[289, 426, 36]
[281, 416, 154]
[277, 441, 41]
[311, 424, 134]
[322, 443, 3]
[342, 63, -64]
[337, 55, -57]
[335, 55, -57]
[334, 55, -57]
[336, 55, -74]
[334, 55, -74]
[333, 56, -74]
[322, 60, -23]
[322, 61, -99]
[339, 73, -49]
[338, 74, -71]
[313, 115, 29]
[306, 118, -131]
[312, 186, 37]
[306, 194, -148]
[316, 246, 2]
[321, 261, -137]
[317, 264, -1]
[324, 282, -152]
[321, 267, -11]
[327, 283, -152]
[320, 260, -3]
[326, 276, -137]
[301, 241, 49]
[299, 242, -49]
[304, 328, 85]
[303, 341, -22]
[289, 406, 151]
[289, 427, 37]
[280, 418, 155]
[277, 441, 41]
[311, 425, 134]
[322, 444, 3]
[342, 63, -64]
[337, 55, -57]
[335, 55, -57]
[334, 55, -57]
[336, 55, -74]
[334, 56, -74]
[333, 56, -75]
[322, 60, -23]
[322, 61, -99]
[339, 74, -49]
[338, 74, -71]
[313, 115, 30]
[306, 118, -132]
[312, 186, 39]
[306, 194, -149]
[316, 246, 5]
[321, 261, -139]
[318, 264, 2]
[323, 283, -155]
[321, 268, -8]
[327, 283, -155]
[320, 260, 0]
[326, 276, -139]
[301, 241, 49]
[298, 242, -49]
[304, 328, 84]
[302, 341, -23]
[288, 408, 149]
[288, 427, 36]
[280, 420, 153]
[277, 441, 40]
[311, 428, 131]
[322, 444, 2]
[342, 64, -63]
[337, 55, -57]
[335, 55, -57]
[334, 55, -57]
[336, 56, -74]
[334, 56, -74]
[333, 56, -74]
[322, 60, -22]
[322, 61, -98]
[339, 74, -48]
[338, 74, -70]
[313, 115, 31]
[306, 117, -131]
[312, 186, 40]
[305, 194, -149]
[316, 247, 6]
[321, 261, -139]
[318, 264, 2]
[323, 283, -154]
[321, 268, -7]
[327, 283, -154]
[320, 261, 0]
[326, 276, -138]
[301, 241, 49]
[298, 242, -49]
[304, 328, 83]
[302, 341, -24]
[288, 409, 147]
[288, 427, 34]
[280, 421, 150]
[276, 441, 38]
[311, 429, 128]
[321, 445, 0]
