[298, 58, -52]
[304, 54, -60]
[305, 54, -60]
[306, 55, -60]
[304, 54, -47]
[304, 54, -47]
[305, 54, -47]
[313, 60, -78]
[313, 59, -18]
[300, 66, -58]
[300, 65, -41]
[320, 95, -106]
[324, 95, 24]
[320, 144, -119]
[323, 141, 41]
[305, 184, -107]
[315, 181, 16]
[302, 196, -120]
[315, 190, 16]
[300, 196, -117]
[313, 192, 4]
[302, 192, -105]
[311, 190, 11]
[321, 187, -40]
[320, 184, 40]
[312, 243, -27]
[311, 234, 104]
[325, 312, -5]
[324, 292, 167]
[335, 325, -5]
[333, 298, 172]
[297, 325, -41]
[304, 300, 161]
[298, 58, -50]
[304, 54, -57]
[304, 54, -57]
[306, 55, -57]
[303, 54, -44]
[304, 54, -44]
[305, 54, -44]
[313, 59, -76]
[313, 59, -16]
[299, 65, -56]
[299, 65, -39]
[319, 95, -104]
[323, 95, 26]
[320, 144, -119]
[322, 141, 42]
[305, 185, -109]
[313, 182, 18]
[303, 197, -123]
[316, 192, 17]
[301, 198, -120]
[314, 193, 5]
[303, 193, -108]
[311, 192, 12]
[320, 187, -41]
[319, 185, 41]
[312, 243, -27]
[311, 235, 104]
[325, 312, -5]
[324, 291, 168]
[335, 325, -4]
[334, 296, 173]
[297, 325, -40]
[305, 299, 161]
[337, 39, -90]
[344, 33, -97]
[345, 33, -97]
[346, 33, -97]
[344, 33, -84]
[345, 33, -84]
[347, 33, -84]
[357, 37, -112]
[359, 38, -55]
[339, 46, -94]
[339, 45, -78]
[375, 93, -134]
[365, 85, -6]
[368, 176, -135]
[364, 143, 26]
[349, 248, -133]
[354, 156, 32]
[352, 254, -151]
[357, 155, 37]
[345, 255, -149]
[350, 153, 25]
[342, 250, -132]
[349, 154, 27]
[392, 187, -36]
[385, 177, 36]
[384, 271, -45]
[390, 251, 61]
[377, 276, 80]
[379, 271, 152]
[377, 278, 94]
[380, 275, 163]
[363, 274, 105]
[362, 278, 171]
[337, 39, -75]
[344, 33, -82]
[345, 33, -82]
[346, 33, -83]
[344, 33, -68]
[345, 33, -68]
[347, 33, -68]
[357, 38, -101]
[359, 38, -39]
[339, 46, -81]
[339, 46, -63]
[375, 94, -126]
[365, 88, 3]
[368, 177, -127]
[365, 156, 21]
[348, 243, -118]
[354, 197, 5]
[351, 253, -135]
[357, 203, 6]
[343, 254, -134]
[351, 203, -8]
[341, 249, -117]
[351, 202, -1]
[392, 194, -35]
[383, 186, 35]
[383, 280, -54]
[384, 263, 49]
[359, 288, 71]
[366, 287, 139]
[357, 290, 84]
[366, 290, 149]
[338, 285, 91]
[347, 293, 154]
[337, 39, -72]
[344, 33, -79]
[345, 33, -79]
[346, 33, -80]
[344, 33, -65]
[345, 33, -65]
[347, 33, -65]
[357, 38, -98]
[359, 38, -33]
[339, 46, -78]
[339, 46, -59]
[375, 96, -126]
[365, 90, 11]
[379, 180, -125]
[367, 159, 27]
[350, 244, -113]
[357, 199, 10]
[352, 254, -131]
[357, 205, 11]
[344, 255, -130]
[354, 205, -2]
[342, 250, -113]
[355, 204, 4]
[393, 204, -36]
[383, 195, 36]
[386, 308, -66]
[384, 277, 53]
[363, 293, 80]
[371, 291, 146]
[363, 291, 97]
[372, 293, 158]
[345, 292, 116]
[360, 297, 171]
[337, 39, -59]
[344, 33, -67]
[345, 33, -67]
[346, 33, -67]
[344, 33, -53]
[345, 33, -53]
[347, 33, -53]
[359, 38, -88]
[359, 38, -26]
[340, 47, -65]
[339, 47, -47]
[376, 101, -114]
[367, 98, 18]
[383, 185, -112]
[366, 147, 65]
[350, 248, -96]
[345, 118, 96]
[351, 259, -108]
[346, 117, 106]
[343, 259, -110]
[342, 108, 98]
[342, 255, -95]
[342, 113, 94]
[393, 213, -35]
[383, 204, 35]
[387, 319, -60]
[383, 294, 32]
[355, 290, 83]
[366, 294, 132]
[351, 289, 101]
[366, 292, 144]
[329, 289, 124]
[350, 300, 165]
[339, 39, -39]
[345, 33, -48]
[346, 33, -48]
[348, 33, -48]
[346, 33, -33]
[347, 33, -33]
[349, 33, -33]
[360, 39, -71]
[361, 39, -5]
[342, 48, -46]
[342, 47, -27]
[377, 105, -107]
[374, 102, 46]
[380, 188, -109]
[365, 147, 95]
[342, 252, -88]
[341, 120, 131]
[343, 265, -102]
[340, 107, 142]
[335, 264, -102]
[339, 105, 136]
[335, 259, -87]
[340, 110, 129]
[395, 230, -35]
[383, 220, 36]
[383, 334, -57]
[374, 310, 40]
[348, 356, 83]
[364, 359, 133]
[346, 360, 99]
[367, 365, 142]
[320, 360, 104]
[345, 377, 138]
[340, 39, -37]
[346, 33, -46]
[347, 33, -46]
[349, 33, -46]
[346, 33, -28]
[348, 33, -28]
[349, 33, -28]
[362, 39, -73]
[362, 39, 8]
[343, 48, -46]
[343, 47, -22]
[387, 108, -111]
[373, 105, 54]
[386, 190, -114]
[372, 171, 75]
[341, 253, -85]
[351, 208, 64]
[335, 267, -101]
[344, 227, 58]
[331, 263, -98]
[348, 214, 43]
[332, 258, -83]
[349, 211, 53]
[398, 241, -39]
[381, 239, 39]
[377, 339, -102]
[371, 324, 43]
[378, 383, 63]
[381, 376, 132]
[381, 386, 80]
[387, 383, 141]
[366, 400, 83]
[369, 397, 132]
[341, 41, -32]
[347, 34, -42]
[348, 34, -42]
[349, 35, -42]
[347, 34, -23]
[348, 34, -23]
[350, 34, -24]
[363, 41, -70]
[363, 41, 9]
[344, 51, -42]
[344, 50, -19]
[392, 108, -111]
[372, 107, 52]
[386, 193, -117]
[372, 176, 78]
[332, 255, -94]
[353, 213, 58]
[321, 269, -111]
[345, 229, 57]
[315, 264, -107]
[348, 218, 43]
[320, 259, -92]
[350, 216, 50]
[399, 248, -41]
[377, 244, 41]
[371, 342, -107]
[369, 331, 35]
[384, 371, 64]
[380, 362, 136]
[390, 371, 82]
[385, 366, 146]
[371, 388, 91]
[367, 379, 139]
[341, 42, -29]
[347, 36, -38]
[349, 36, -38]
[350, 36, -38]
[347, 35, -20]
[349, 35, -20]
[350, 35, -20]
[364, 43, -68]
[364, 42, 11]
[345, 52, -39]
[344, 52, -16]
[393, 108, -111]
[373, 107, 51]
[383, 197, -117]
[372, 181, 69]
[321, 255, -93]
[352, 220, 42]
[310, 269, -108]
[346, 230, 41]
[304, 263, -104]
[347, 227, 27]
[308, 259, -90]
[348, 225, 34]
[402, 250, -41]
[375, 243, 41]
[366, 337, -118]
[346, 308, 19]
[369, 342, 52]
[358, 337, 108]
[380, 344, 70]
[363, 341, 119]
[344, 350, 90]
[346, 351, 127]
[342, 42, -31]
[349, 36, -40]
[350, 36, -40]
[352, 36, -40]
[349, 35, -22]
[350, 35, -22]
[352, 35, -22]
[366, 43, -69]
[365, 42, 9]
[346, 52, -41]
[345, 51, -18]
[394, 108, -109]
[373, 107, 47]
[382, 196, -114]
[376, 183, 65]
[317, 250, -87]
[354, 227, 18]
[303, 260, -102]
[348, 236, 16]
[301, 250, -97]
[348, 235, 1]
[305, 247, -84]
[350, 232, 10]
[404, 252, -40]
[373, 243, 41]
[365, 333, -119]
[339, 284, 24]
[348, 338, 52]
[338, 335, 106]
[353, 328, 71]
[341, 336, 115]
[318, 339, 87]
[322, 350, 119]
[344, 42, -24]
[351, 36, -33]
[353, 36, -33]
[354, 36, -33]
[351, 35, -15]
[352, 35, -15]
[353, 35, -15]
[368, 43, -64]
[367, 42, 19]
[348, 52, -34]
[347, 51, -10]
[396, 108, -104]
[374, 106, 60]
[381, 197, -114]
[375, 179, 71]
[317, 246, -90]
[347, 217, 29]
[302, 256, -105]
[340, 226, 29]
[300, 247, -100]
[338, 223, 14]
[304, 245, -87]
[342, 221, 22]
[404, 252, -42]
[374, 241, 42]
[362, 327, -127]
[349, 277, 15]
[354, 339, 14]
[350, 336, 71]
[357, 336, 29]
[353, 345, 77]
[330, 351, 32]
[330, 353, 68]
[346, 42, -22]
[354, 36, -33]
[355, 36, -33]
[357, 36, -33]
[353, 35, -15]
[354, 35, -15]
[356, 35, -15]
[370, 43, -66]
[370, 42, 14]
[350, 53, -33]
[349, 52, -10]
[396, 109, -107]
[381, 105, 62]
[378, 197, -115]
[376, 176, 99]
[309, 240, -94]
[346, 191, 97]
[294, 250, -108]
[341, 194, 103]
[290, 241, -102]
[338, 190, 91]
[295, 238, -90]
[340, 190, 92]
[403, 256, -44]
[379, 243, 44]
[363, 328, -106]
[355, 281, 55]
[354, 343, 31]
[354, 342, 98]
[365, 340, 46]
[353, 353, 104]
[332, 360, 60]
[335, 362, 103]
[348, 42, -24]
[356, 36, -35]
[357, 36, -35]
[359, 36, -35]
[356, 35, -17]
[357, 35, -17]
[358, 35, -17]
[373, 44, -66]
[372, 43, 13]
[352, 53, -34]
[351, 52, -11]
[395, 108, -105]
[386, 104, 61]
[377, 196, -115]
[379, 174, 86]
[310, 233, -86]
[346, 194, 70]
[297, 242, -99]
[340, 199, 78]
[294, 232, -93]
[337, 195, 65]
[297, 230, -82]
[339, 194, 65]
[403, 256, -43]
[385, 246, 43]
[364, 332, -96]
[357, 302, 51]
[368, 372, 32]
[363, 377, 96]
[380, 377, 45]
[371, 390, 101]
[345, 394, 49]
[338, 399, 97]
[350, 42, -30]
[358, 36, -41]
[360, 36, -41]
[361, 36, -41]
[358, 35, -23]
[359, 35, -22]
[360, 35, -23]
[375, 44, -67]
[375, 43, 7]
[354, 53, -40]
[353, 52, -17]
[397, 109, -113]
[388, 104, 57]
[375, 195, -123]
[378, 173, 96]
[306, 227, -90]
[341, 191, 89]
[291, 235, -105]
[334, 196, 93]
[287, 225, -100]
[331, 191, 80]
[292, 223, -88]
[333, 191, 83]
[403, 258, -45]
[386, 248, 45]
[365, 336, -63]
[360, 318, 76]
[378, 397, 51]
[372, 397, 130]
[391, 403, 60]
[381, 411, 135]
[353, 420, 57]
[339, 418, 130]
[352, 42, -31]
[360, 36, -43]
[361, 36, -43]
[363, 36, -43]
[360, 35, -24]
[361, 35, -24]
[362, 35, -24]
[376, 43, -70]
[376, 42, 6]
[355, 53, -42]
[354, 52, -18]
[398, 108, -113]
[388, 104, 58]
[373, 195, -119]
[377, 175, 93]
[303, 223, -81]
[338, 189, 77]
[289, 227, -94]
[331, 192, 79]
[283, 218, -90]
[328, 186, 66]
[290, 214, -78]
[330, 186, 71]
[404, 260, -44]
[386, 249, 45]
[366, 339, -73]
[360, 323, 63]
[378, 402, 46]
[371, 402, 118]
[389, 407, 58]
[379, 415, 122]
[354, 425, 63]
[339, 425, 117]
[353, 42, -31]
[362, 36, -43]
[363, 36, -43]
[364, 36, -43]
[361, 35, -24]
[362, 35, -24]
[364, 35, -24]
[377, 43, -72]
[378, 42, 8]
[357, 53, -41]
[356, 52, -17]
[403, 108, -112]
[389, 104, 58]
[373, 193, -105]
[375, 175, 75]
[305, 211, -50]
[336, 184, 22]
[291, 213, -61]
[328, 186, 18]
[287, 204, -56]
[326, 179, 7]
[294, 202, -46]
[329, 179, 15]
[405, 259, -44]
[387, 248, 44]
[366, 338, -88]
[359, 316, 66]
[378, 379, 60]
[371, 380, 128]
[388, 381, 77]
[378, 391, 134]
[354, 399, 91]
[340, 400, 134]
[355, 42, -31]
[363, 36, -43]
[364, 36, -43]
[366, 36, -43]
[363, 35, -24]
[364, 35, -24]
[366, 35, -24]
[378, 43, -73]
[379, 42, 8]
[359, 53, -41]
[358, 52, -17]
[406, 108, -111]
[389, 105, 58]
[373, 188, -101]
[373, 175, 75]
[306, 198, -50]
[335, 187, 33]
[289, 198, -61]
[328, 190, 30]
[288, 189, -57]
[325, 181, 18]
[295, 188, -46]
[328, 180, 26]
[406, 258, -43]
[387, 249, 43]
[366, 340, -88]
[361, 329, 64]
[380, 394, 62]
[370, 407, 126]
[389, 397, 78]
[377, 421, 132]
[357, 418, 87]
[341, 431, 123]
[356, 42, -29]
[365, 36, -41]
[366, 36, -41]
[367, 36, -41]
[364, 35, -23]
[366, 35, -23]
[367, 35, -23]
[380, 43, -71]
[380, 42, 10]
[360, 53, -39]
[360, 52, -15]
[408, 108, -104]
[388, 106, 57]
[372, 184, -89]
[372, 176, 69]
[305, 187, -32]
[336, 195, 17]
[291, 185, -42]
[329, 200, 13]
[288, 174, -37]
[327, 191, 1]
[295, 175, -28]
[330, 189, 10]
[407, 257, -40]
[386, 250, 40]
[369, 340, -87]
[361, 335, 56]
[380, 401, 60]
[369, 416, 113]
[388, 405, 75]
[376, 429, 118]
[359, 427, 81]
[341, 440, 105]
[357, 42, -27]
[366, 35, -39]
[367, 36, -39]
[369, 36, -39]
[365, 35, -21]
[366, 35, -21]
[368, 35, -21]
[381, 43, -69]
[381, 42, 11]
[361, 53, -36]
[360, 52, -13]
[408, 108, -100]
[387, 107, 58]
[369, 182, -81]
[366, 176, 47]
[302, 175, -11]
[324, 182, -29]
[287, 170, -16]
[317, 179, -36]
[288, 161, -11]
[315, 172, -43]
[294, 162, -6]
[320, 173, -35]
[406, 259, -38]
[384, 253, 39]
[370, 343, -69]
[362, 336, 56]
[380, 412, 64]
[369, 418, 114]
[388, 417, 77]
[376, 431, 120]
[358, 438, 78]
[341, 441, 108]
[358, 43, -29]
[366, 36, -40]
[368, 36, -41]
[370, 36, -41]
[366, 35, -22]
[367, 35, -22]
[368, 35, -22]
[382, 43, -69]
[381, 42, 9]
[362, 54, -38]
[361, 53, -15]
[409, 108, -101]
[387, 107, 57]
[366, 179, -86]
[359, 176, 51]
[298, 160, -24]
[312, 163, -7]
[283, 153, -29]
[305, 155, -12]
[284, 145, -24]
[304, 148, -17]
[291, 147, -19]
[309, 151, -12]
[406, 259, -38]
[382, 253, 38]
[371, 344, -67]
[363, 336, 56]
[380, 415, 63]
[370, 419, 113]
[387, 421, 74]
[377, 432, 118]
[358, 443, 69]
[342, 443, 106]
[358, 43, -35]
[367, 36, -46]
[369, 36, -46]
[371, 36, -46]
[366, 35, -29]
[367, 35, -29]
[369, 35, -29]
[383, 43, -70]
[381, 42, 3]
[362, 54, -42]
[361, 53, -21]
[410, 108, -101]
[383, 107, 50]
[366, 173, -91]
[341, 167, 48]
[299, 145, -43]
[304, 146, 0]
[285, 136, -30]
[297, 137, -4]
[286, 130, -38]
[296, 130, -8]
[292, 133, -35]
[300, 135, -4]
[406, 258, -37]
[379, 252, 37]
[372, 342, -66]
[363, 332, 57]
[378, 402, 77]
[370, 407, 125]
[385, 406, 91]
[376, 419, 131]
[354, 427, 88]
[343, 430, 117]
[358, 43, -32]
[367, 36, -43]
[368, 36, -43]
[370, 36, -43]
[366, 35, -26]
[367, 35, -26]
[368, 35, -26]
[383, 43, -67]
[381, 42, 9]
[362, 54, -39]
[361, 54, -17]
[409, 108, -97]
[381, 106, 58]
[364, 171, -86]
[337, 165, 18]
[300, 137, -12]
[310, 138, -85]
[287, 129, -13]
[305, 128, -95]
[296, 122, -8]
[304, 121, -95]
[302, 126, -6]
[309, 126, -89]
[405, 257, -37]
[377, 251, 37]
[371, 342, -76]
[363, 331, 56]
[378, 397, 70]
[367, 405, 116]
[385, 402, 85]
[373, 417, 121]
[355, 422, 85]
[342, 429, 108]
[358, 43, -29]
[366, 36, -41]
[368, 36, -41]
[369, 36, -41]
[365, 35, -23]
[366, 35, -23]
[367, 35, -23]
[382, 43, -66]
[380, 42, 11]
[361, 54, -36]
[360, 54, -14]
[409, 108, -97]
[378, 104, 59]
[363, 169, -82]
[333, 161, 16]
[304, 128, 1]
[310, 125, -87]
[295, 121, 1]
[305, 113, -98]
[305, 115, 5]
[305, 106, -97]
[311, 118, 6]
[310, 111, -91]
[403, 256, -37]
[375, 251, 37]
[371, 342, -77]
[362, 330, 55]
[378, 395, 69]
[365, 403, 115]
[385, 399, 83]
[372, 414, 120]
[357, 423, 84]
[341, 429, 109]
[356, 44, -29]
[365, 36, -41]
[367, 36, -41]
[369, 36, -41]
[364, 35, -23]
[365, 35, -23]
[367, 35, -23]
[382, 43, -66]
[380, 42, 10]
[360, 55, -37]
[359, 54, -14]
[408, 108, -98]
[376, 101, 59]
[356, 169, -86]
[329, 149, 33]
[304, 120, -13]
[290, 111, -41]
[295, 109, -16]
[283, 96, -48]
[305, 104, -12]
[283, 89, -52]
[310, 108, -8]
[288, 95, -46]
[399, 256, -38]
[372, 250, 38]
[371, 345, -81]
[360, 333, 55]
[378, 400, 68]
[363, 407, 123]
[385, 400, 83]
[368, 417, 130]
[357, 431, 86]
[339, 431, 122]
[351, 45, -26]
[360, 36, -38]
[362, 36, -38]
[364, 36, -38]
[359, 36, -20]
[361, 36, -20]
[363, 35, -20]
[380, 43, -66]
[379, 42, 15]
[357, 57, -34]
[356, 56, -10]
[408, 108, -98]
[372, 101, 65]
[355, 167, -87]
[324, 151, 35]
[304, 114, -23]
[283, 105, -55]
[296, 103, -29]
[275, 92, -64]
[305, 97, -24]
[274, 85, -69]
[310, 102, -19]
[280, 91, -61]
[397, 255, -40]
[369, 250, 40]
[369, 348, -79]
[359, 340, 51]
[378, 426, 52]
[361, 431, 110]
[385, 430, 64]
[367, 443, 116]
[357, 458, 55]
[336, 456, 97]
[345, 47, -21]
[353, 37, -34]
[355, 37, -34]
[357, 37, -34]
[353, 37, -15]
[354, 37, -15]
[356, 37, -15]
[377, 43, -64]
[375, 42, 20]
[353, 58, -30]
[352, 58, -6]
[406, 107, -97]
[373, 100, 70]
[353, 162, -88]
[328, 150, 38]
[307, 109, -21]
[293, 98, -48]
[299, 98, -25]
[285, 86, -57]
[309, 92, -20]
[285, 79, -60]
[313, 97, -16]
[290, 85, -53]
[392, 257, -42]
[369, 253, 42]
[366, 353, -69]
[359, 345, 52]
[373, 444, 42]
[359, 445, 103]
[379, 451, 51]
[366, 459, 107]
[349, 474, 36]
[331, 469, 83]
[343, 48, -21]
[350, 38, -33]
[352, 38, -33]
[354, 38, -33]
[350, 38, -15]
[351, 38, -15]
[353, 38, -15]
[374, 43, -61]
[371, 42, 19]
[351, 57, -29]
[350, 57, -6]
[404, 106, -93]
[371, 100, 69]
[346, 160, -90]
[327, 150, 24]
[313, 103, -22]
[294, 95, -81]
[305, 92, -25]
[289, 81, -92]
[316, 87, -21]
[293, 75, -90]
[319, 91, -18]
[297, 81, -85]
[388, 257, -42]
[368, 254, 42]
[364, 352, -61]
[359, 346, 52]
[367, 442, 41]
[359, 445, 100]
[375, 448, 51]
[365, 459, 104]
[343, 474, 33]
[331, 470, 80]
[326, 81, -19]
[322, 73, -31]
[324, 72, -31]
[326, 70, -31]
[321, 73, -14]
[322, 72, -14]
[324, 70, -14]
[355, 56, -62]
[349, 61, 17]
[343, 80, -28]
[340, 82, -5]
[402, 104, -91]
[371, 101, 64]
[348, 153, -101]
[327, 149, 67]
[325, 100, -55]
[309, 93, 46]
[319, 86, -58]
[309, 79, 46]
[328, 78, -55]
[311, 74, 48]
[331, 85, -51]
[315, 78, 44]
[386, 257, -43]
[368, 254, 43]
[364, 351, -63]
[359, 344, 51]
[361, 430, 41]
[358, 437, 98]
[371, 435, 52]
[365, 450, 101]
[335, 463, 42]
[329, 463, 80]
[332, 74, -20]
[333, 65, -32]
[332, 60, -32]
[333, 59, -32]
[332, 64, -15]
[333, 61, -15]
[335, 60, -15]
[360, 55, -57]
[351, 57, 16]
[345, 75, -28]
[343, 76, -6]
[400, 104, -83]
[371, 102, 60]
[349, 153, -95]
[327, 149, 13]
[331, 102, -46]
[322, 93, -89]
[325, 91, -51]
[324, 78, -100]
[335, 83, -47]
[325, 71, -96]
[338, 90, -42]
[327, 77, -91]
[383, 256, -42]
[367, 253, 42]
[364, 350, -66]
[359, 342, 50]
[361, 428, 44]
[355, 431, 95]
[370, 432, 55]
[362, 444, 99]
[337, 457, 47]
[327, 457, 80]
[326, 80, -21]
[325, 72, -33]
[326, 70, -33]
[328, 68, -33]
[323, 71, -16]
[323, 70, -16]
[324, 68, -16]
[344, 58, -61]
[342, 62, 13]
[339, 84, -29]
[336, 84, -7]
[394, 103, -88]
[363, 102, 54]
[349, 151, -95]
[325, 141, 58]
[336, 96, -40]
[327, 81, 43]
[333, 78, -40]
[329, 66, 44]
[341, 74, -37]
[330, 61, 48]
[341, 83, -37]
[331, 67, 42]
[382, 256, -43]
[365, 252, 43]
[363, 350, -73]
[359, 341, 46]
[361, 411, 44]
[352, 419, 97]
[370, 412, 56]
[357, 428, 102]
[339, 445, 51]
[323, 448, 82]
[320, 81, -29]
[320, 73, -41]
[321, 72, -41]
[323, 70, -41]
[317, 72, -24]
[317, 71, -24]
[317, 69, -24]
[337, 60, -71]
[329, 62, 5]
[331, 85, -37]
[328, 84, -15]
[391, 103, -88]
[355, 102, 47]
[343, 154, -107]
[323, 139, 62]
[337, 96, -67]
[324, 87, 45]
[336, 81, -70]
[324, 74, 47]
[346, 74, -67]
[324, 69, 48]
[346, 82, -63]
[327, 74, 44]
[381, 256, -42]
[361, 252, 43]
[362, 350, -78]
[358, 342, 43]
[361, 398, 45]
[350, 401, 99]
[369, 396, 56]
[355, 407, 102]
[341, 429, 69]
[324, 429, 108]
[310, 77, -52]
[313, 66, -66]
[315, 67, -66]
[317, 67, -66]
[312, 68, -48]
[312, 69, -48]
[312, 68, -49]
[335, 56, -100]
[328, 59, -20]
[323, 80, -61]
[318, 83, -38]
[385, 103, -120]
[353, 93, 29]
[332, 162, -118]
[322, 132, 83]
[333, 103, -59]
[320, 84, 119]
[321, 91, -61]
[320, 71, 127]
[333, 85, -59]
[321, 66, 126]
[341, 88, -55]
[322, 71, 118]
[380, 256, -44]
[358, 250, 44]
[361, 347, -68]
[358, 338, 62]
[359, 395, 70]
[351, 398, 135]
[367, 395, 85]
[356, 405, 143]
[340, 428, 93]
[325, 425, 141]
[305, 69, -47]
[312, 51, -62]
[313, 52, -62]
[315, 57, -62]
[310, 49, -44]
[311, 50, -44]
[311, 49, -44]
[332, 53, -99]
[321, 49, -14]
[316, 76, -58]
[314, 72, -34]
[378, 104, -131]
[352, 94, 39]
[326, 167, -120]
[323, 128, 112]
[279, 128, -53]
[317, 74, 157]
[261, 122, -56]
[317, 60, 168]
[267, 107, -54]
[318, 55, 164]
[275, 111, -50]
[318, 61, 156]
[378, 256, -52]
[356, 250, 52]
[360, 347, -96]
[358, 339, 70]
[360, 350, 72]
[356, 361, 153]
[368, 338, 92]
[356, 362, 163]
[350, 373, 124]
[341, 378, 183]
[308, 66, -65]
[314, 46, -79]
[316, 48, -79]
[318, 50, -79]
[311, 45, -61]
[311, 45, -61]
[311, 44, -61]
[336, 51, -109]
[328, 49, -27]
[319, 71, -73]
[315, 71, -49]
[376, 104, -129]
[345, 95, 27]
[329, 167, -120]
[323, 133, 89]
[311, 114, -54]
[310, 97, 111]
[298, 110, -56]
[308, 88, 119]
[304, 98, -55]
[308, 81, 114]
[305, 103, -51]
[310, 85, 108]
[377, 254, -51]
[351, 248, 51]
[360, 344, -87]
[358, 336, 67]
[361, 346, 93]
[356, 355, 163]
[367, 335, 114]
[357, 354, 176]
[349, 372, 142]
[342, 377, 193]
[312, 54, -63]
[317, 44, -75]
[318, 45, -75]
[321, 48, -76]
[314, 42, -58]
[314, 43, -58]
[314, 42, -59]
[338, 50, -104]
[332, 49, -27]
[320, 69, -71]
[316, 65, -49]
[372, 106, -122]
[348, 96, 21]
[338, 167, -120]
[327, 134, 84]
[331, 108, -44]
[320, 94, 123]
[332, 102, -44]
[320, 84, 133]
[340, 94, -44]
[320, 78, 129]
[339, 100, -42]
[321, 82, 122]
[375, 254, -49]
[354, 248, 49]
[360, 342, -84]
[358, 336, 73]
[363, 342, 79]
[358, 348, 152]
[368, 332, 95]
[359, 348, 162]
[355, 365, 117]
[348, 366, 180]
[314, 55, -63]
[319, 42, -74]
[321, 45, -74]
[323, 46, -74]
[317, 41, -58]
[317, 41, -58]
[317, 41, -58]
[340, 50, -102]
[334, 49, -29]
[322, 68, -70]
[318, 62, -49]
[369, 107, -122]
[350, 96, 21]
[340, 165, -116]
[334, 126, 92]
[337, 107, -49]
[327, 86, 148]
[336, 93, -48]
[326, 77, 160]
[343, 86, -48]
[327, 72, 156]
[343, 93, -46]
[328, 76, 147]
[375, 254, -49]
[354, 248, 49]
[358, 342, -67]
[358, 332, 93]
[363, 348, 74]
[361, 350, 155]
[368, 339, 90]
[362, 352, 163]
[354, 371, 107]
[348, 367, 179]
[315, 49, -63]
[320, 40, -75]
[322, 42, -75]
[325, 45, -75]
[318, 39, -59]
[318, 39, -59]
[318, 39, -59]
[341, 50, -102]
[335, 49, -28]
[322, 62, -70]
[318, 60, -49]
[368, 107, -121]
[351, 96, 22]
[340, 164, -114]
[335, 128, 89]
[337, 107, -46]
[326, 88, 135]
[336, 96, -46]
[325, 78, 146]
[342, 89, -46]
[326, 73, 141]
[342, 94, -44]
[327, 77, 134]
[375, 254, -48]
[355, 248, 49]
[358, 341, -65]
[358, 332, 84]
[361, 357, 71]
[360, 361, 148]
[366, 351, 87]
[362, 365, 156]
[349, 382, 103]
[347, 381, 165]
[316, 61, -98]
[321, 49, -110]
[323, 49, -110]
[325, 50, -110]
[318, 49, -95]
[317, 44, -95]
[316, 43, -95]
[342, 55, -132]
[332, 52, -63]
[323, 68, -102]
[318, 66, -82]
[372, 108, -141]
[342, 97, -8]
[343, 165, -132]
[335, 129, 74]
[336, 107, -72]
[330, 92, 131]
[333, 97, -73]
[331, 84, 143]
[340, 90, -73]
[331, 78, 139]
[340, 95, -69]
[331, 81, 131]
[375, 252, -44]
[354, 244, 44]
[358, 338, -52]
[357, 331, 78]
[361, 362, 98]
[362, 365, 165]
[367, 355, 115]
[366, 369, 175]
[349, 385, 124]
[350, 387, 179]
[312, 64, -103]
[318, 52, -117]
[321, 52, -117]
[323, 52, -117]
[315, 50, -100]
[313, 47, -100]
[313, 45, -100]
[339, 56, -142]
[329, 53, -68]
[320, 70, -109]
[314, 68, -88]
[373, 109, -156]
[340, 97, -11]
[324, 176, -151]
[334, 123, 78]
[278, 134, -104]
[319, 79, 147]
[261, 125, -109]
[317, 67, 159]
[269, 109, -106]
[314, 61, 154]
[275, 113, -100]
[316, 67, 146]
[376, 252, -42]
[350, 240, 42]
[360, 334, -52]
[357, 323, 75]
[361, 357, 118]
[362, 355, 184]
[366, 351, 137]
[366, 357, 197]
[348, 382, 148]
[350, 380, 202]
[310, 63, -93]
[317, 52, -106]
[320, 52, -106]
[323, 52, -106]
[314, 50, -89]
[311, 47, -89]
[313, 47, -89]
[338, 55, -129]
[328, 52, -56]
[319, 70, -98]
[313, 68, -77]
[373, 109, -141]
[342, 93, -5]
[339, 167, -136]
[334, 118, 81]
[321, 111, -79]
[320, 76, 151]
[315, 96, -82]
[320, 66, 163]
[322, 87, -80]
[319, 61, 159]
[323, 93, -75]
[319, 66, 151]
[376, 249, -38]
[350, 238, 39]
[361, 336, -39]
[354, 321, 77]
[358, 349, 128]
[360, 351, 182]
[361, 344, 147]
[362, 353, 195]
[343, 373, 156]
[349, 376, 198]
[307, 67, -85]
[314, 55, -96]
[317, 55, -96]
[320, 54, -96]
[311, 54, -80]
[310, 53, -80]
[311, 53, -80]
[336, 55, -122]
[325, 53, -50]
[317, 74, -91]
[311, 72, -71]
[374, 109, -127]
[335, 94, 4]
[346, 168, -114]
[326, 135, 81]
[325, 112, -50]
[312, 105, 130]
[317, 100, -48]
[311, 97, 139]
[324, 90, -48]
[309, 90, 135]
[326, 94, -46]
[311, 93, 129]
[378, 248, -35]
[348, 239, 35]
[367, 337, -62]
[354, 323, 51]
[358, 340, 108]
[360, 348, 171]
[360, 332, 127]
[361, 347, 190]
[343, 365, 144]
[352, 376, 184]
[308, 69, -111]
[314, 59, -124]
[316, 59, -124]
[319, 55, -124]
[310, 56, -108]
[309, 55, -108]
[310, 55, -108]
[336, 55, -144]
[324, 53, -73]
[317, 75, -115]
[312, 73, -94]
[376, 107, -134]
[337, 90, -26]
[360, 160, -116]
[326, 127, 70]
[344, 105, -51]
[314, 103, 142]
[339, 91, -48]
[314, 93, 155]
[345, 83, -48]
[314, 87, 151]
[345, 89, -48]
[315, 90, 142]
[378, 239, -30]
[349, 230, 30]
[370, 334, -33]
[355, 320, 55]
[358, 347, 139]
[358, 349, 184]
[361, 339, 158]
[360, 348, 199]
[344, 373, 159]
[351, 378, 199]
[309, 68, -68]
[314, 58, -78]
[316, 58, -78]
[320, 55, -78]
[310, 55, -66]
[310, 55, -66]
[310, 54, -66]
[336, 53, -95]
[324, 53, -35]
[318, 75, -71]
[312, 73, -54]
[379, 103, -91]
[333, 96, -8]
[364, 149, -91]
[330, 131, 66]
[345, 99, -45]
[325, 101, 116]
[340, 85, -42]
[326, 92, 124]
[346, 78, -42]
[324, 86, 123]
[346, 83, -42]
[325, 90, 116]
[381, 239, -22]
[349, 233, 22]
[372, 329, -48]
[356, 321, 13]
[360, 330, 116]
[354, 329, 136]
[362, 323, 134]
[353, 322, 152]
[346, 347, 150]
[350, 357, 179]
[310, 81, -51]
[313, 73, -62]
[315, 72, -62]
[318, 70, -62]
[310, 71, -47]
[309, 70, -47]
[309, 68, -47]
[332, 60, -85]
[323, 60, -14]
[318, 84, -56]
[313, 83, -36]
[382, 101, -91]
[332, 100, 17]
[367, 146, -101]
[326, 135, 53]
[349, 93, -57]
[326, 100, 48]
[345, 77, -57]
[328, 90, 52]
[351, 71, -52]
[326, 84, 51]
[351, 78, -53]
[327, 88, 47]
[384, 240, -27]
[350, 238, 27]
[372, 330, -62]
[357, 328, 20]
[360, 339, 115]
[354, 340, 141]
[362, 336, 133]
[354, 338, 156]
[346, 356, 138]
[350, 363, 174]
[310, 81, -48]
[313, 72, -58]
[315, 67, -58]
[318, 66, -58]
[310, 68, -43]
[310, 67, -43]
[310, 67, -43]
[333, 59, -74]
[324, 63, -9]
[321, 83, -52]
[317, 84, -33]
[385, 101, -79]
[330, 105, 16]
[369, 149, -104]
[323, 143, 19]
[347, 97, -90]
[328, 105, -12]
[341, 83, -93]
[333, 95, -13]
[347, 76, -88]
[331, 88, -11]
[347, 82, -86]
[331, 92, -13]
[386, 240, -22]
[350, 241, 23]
[372, 331, -57]
[357, 331, 16]
[361, 344, 111]
[354, 343, 138]
[362, 340, 128]
[353, 338, 153]
[348, 364, 137]
[349, 369, 171]
[310, 84, -38]
[312, 75, -48]
[315, 73, -48]
[318, 71, -48]
[309, 74, -32]
[310, 73, -32]
[310, 72, -32]
[338, 59, -66]
[328, 64, 5]
[323, 84, -42]
[323, 85, -21]
[390, 101, -79]
[332, 105, 38]
[367, 151, -97]
[320, 154, -2]
[344, 99, -77]
[312, 111, -110]
[336, 84, -78]
[312, 101, -120]
[343, 78, -75]
[312, 93, -120]
[345, 84, -74]
[315, 97, -114]
[387, 241, -26]
[350, 242, 26]
[372, 332, -72]
[357, 337, 17]
[363, 356, 88]
[353, 356, 123]
[363, 352, 104]
[353, 353, 136]
[351, 380, 112]
[344, 383, 148]
[317, 81, -32]
[318, 72, -43]
[320, 69, -43]
[330, 68, -44]
[315, 71, -27]
[324, 71, -27]
[325, 69, -27]
[347, 59, -67]
[340, 63, 7]
[332, 83, -38]
[330, 83, -16]
[393, 100, -85]
[339, 104, 46]
[351, 152, -95]
[320, 157, 3]
[334, 100, -56]
[312, 108, -105]
[329, 87, -60]
[303, 98, -117]
[334, 85, -58]
[304, 91, -117]
[337, 88, -53]
[308, 95, -109]
[387, 243, -30]
[355, 243, 30]
[372, 334, -76]
[357, 338, 26]
[363, 381, 66]
[353, 388, 112]
[366, 380, 81]
[356, 394, 121]
[351, 411, 86]
[339, 415, 122]
[328, 64, -22]
[334, 54, -34]
[333, 54, -34]
[338, 53, -34]
[333, 54, -16]
[335, 55, -16]
[333, 53, -16]
[357, 50, -60]
[352, 50, 17]
[337, 71, -29]
[336, 71, -7]
[394, 99, -86]
[355, 104, 59]
[346, 152, -83]
[320, 157, 10]
[325, 100, -24]
[305, 107, -104]
[317, 89, -27]
[297, 97, -116]
[323, 85, -25]
[297, 90, -117]
[328, 90, -20]
[303, 94, -109]
[387, 244, -35]
[359, 244, 35]
[370, 336, -88]
[357, 337, 32]
[372, 375, 65]
[357, 380, 119]
[376, 372, 81]
[362, 384, 129]
[361, 401, 97]
[339, 405, 139]
[334, 57, -20]
[340, 46, -32]
[341, 45, -32]
[344, 45, -32]
[339, 46, -15]
[341, 45, -15]
[341, 44, -15]
[365, 46, -60]
[361, 45, 17]
[343, 64, -29]
[342, 64, -6]
[396, 99, -88]
[361, 101, 60]
[343, 153, -89]
[320, 154, 14]
[320, 101, -35]
[303, 101, -95]
[312, 88, -39]
[298, 86, -107]
[320, 83, -37]
[299, 79, -106]
[324, 88, -32]
[304, 84, -99]
[387, 248, -38]
[364, 246, 38]
[367, 340, -79]
[358, 337, 50]
[370, 403, 58]
[359, 408, 112]
[375, 407, 72]
[365, 420, 119]
[352, 426, 72]
[336, 431, 113]
[341, 53, -26]
[348, 41, -38]
[350, 41, -38]
[352, 41, -38]
[347, 40, -20]
[347, 40, -20]
[348, 39, -20]
[372, 45, -65]
[366, 43, 15]
[348, 63, -34]
[346, 62, -11]
[397, 98, -90]
[364, 99, 58]
[344, 153, -85]
[326, 153, 16]
[314, 101, -14]
[303, 100, -92]
[306, 89, -17]
[300, 85, -103]
[313, 84, -15]
[300, 77, -106]
[319, 89, -10]
[305, 85, -97]
[388, 249, -38]
[366, 247, 38]
[366, 340, -94]
[359, 337, 49]
[369, 373, 69]
[359, 380, 122]
[374, 369, 86]
[365, 385, 132]
[353, 389, 97]
[337, 395, 155]
[348, 49, -29]
[355, 38, -41]
[356, 38, -41]
[358, 39, -41]
[353, 38, -24]
[354, 37, -23]
[355, 37, -24]
[375, 44, -66]
[369, 42, 11]
[352, 61, -37]
[350, 61, -14]
[398, 99, -92]
[366, 98, 57]
[345, 154, -82]
[326, 155, 18]
[314, 102, -14]
[295, 109, -88]
[305, 93, -18]
[288, 95, -98]
[313, 87, -14]
[288, 86, -102]
[316, 91, -10]
[294, 92, -94]
[388, 250, -38]
[366, 247, 38]
[366, 340, -98]
[360, 339, 43]
[370, 362, 71]
[359, 368, 128]
[375, 357, 89]
[364, 370, 141]
[354, 375, 111]
[337, 381, 166]
[349, 44, -33]
[356, 34, -44]
[358, 34, -44]
[360, 34, -45]
[355, 33, -27]
[356, 33, -27]
[357, 34, -27]
[375, 42, -69]
[372, 40, 8]
[353, 57, -40]
[351, 56, -18]
[398, 99, -95]
[367, 98, 53]
[344, 156, -85]
[324, 157, 19]
[306, 102, -26]
[289, 108, -77]
[296, 93, -30]
[284, 95, -87]
[306, 87, -27]
[283, 86, -92]
[310, 91, -22]
[288, 93, -83]
[388, 253, -38]
[367, 248, 38]
[366, 340, -110]
[361, 338, 42]
[371, 350, 52]
[360, 346, 134]
[374, 346, 70]
[364, 346, 147]
[354, 355, 94]
[339, 353, 174]
[349, 42, -31]
[356, 32, -43]
[358, 32, -43]
[360, 33, -43]
[356, 32, -25]
[357, 32, -25]
[358, 32, -25]
[374, 41, -69]
[372, 39, 10]
[353, 55, -39]
[352, 55, -16]
[398, 99, -97]
[369, 98, 57]
[344, 159, -83]
[325, 156, 21]
[305, 104, -16]
[292, 108, -68]
[296, 95, -20]
[287, 95, -77]
[305, 90, -17]
[286, 86, -82]
[309, 94, -12]
[291, 93, -73]
[388, 254, -38]
[369, 249, 38]
[364, 341, -106]
[362, 337, 42]
[371, 353, 54]
[362, 349, 134]
[376, 349, 72]
[365, 350, 147]
[354, 363, 95]
[339, 358, 169]
[348, 41, -32]
[357, 32, -44]
[358, 32, -44]
[360, 32, -44]
[356, 31, -27]
[357, 31, -27]
[359, 31, -27]
[374, 40, -71]
[373, 39, 8]
[353, 54, -40]
[352, 54, -17]
[398, 100, -102]
[371, 98, 54]
[344, 160, -93]
[322, 152, 33]
[298, 105, -44]
[281, 107, -51]
[288, 95, -53]
[274, 89, -60]
[296, 90, -47]
[272, 80, -78]
[300, 94, -39]
[276, 87, -61]
[388, 256, -40]
[371, 249, 40]
[363, 342, -102]
[362, 337, 44]
[373, 358, 56]
[364, 352, 145]
[379, 355, 77]
[367, 353, 158]
[356, 366, 107]
[342, 366, 179]
[348, 42, -27]
[357, 32, -39]
[359, 32, -39]
[360, 32, -39]
[356, 31, -20]
[358, 31, -20]
[359, 31, -20]
[375, 40, -67]
[373, 38, 14]
[353, 54, -36]
[352, 54, -12]
[397, 100, -101]
[373, 98, 63]
[344, 160, -84]
[324, 153, 34]
[299, 109, -8]
[287, 109, -55]
[290, 99, -11]
[281, 95, -63]
[299, 94, -7]
[280, 86, -71]
[304, 99, -3]
[284, 93, -61]
[388, 256, -40]
[373, 249, 40]
[362, 346, -96]
[362, 338, 49]
[373, 390, 57]
[365, 390, 124]
[379, 392, 73]
[370, 398, 132]
[356, 407, 87]
[342, 406, 139]
[348, 40, -27]
[358, 31, -40]
[360, 31, -40]
[362, 31, -40]
[358, 30, -23]
[359, 30, -23]
[360, 30, -23]
[375, 39, -68]
[374, 38, 11]
[353, 53, -36]
[352, 52, -13]
[398, 100, -102]
[371, 98, 59]
[344, 162, -85]
[322, 155, 28]
[293, 111, -17]
[287, 110, -70]
[286, 100, -18]
[279, 97, -79]
[292, 95, -16]
[278, 88, -85]
[298, 100, -13]
[283, 95, -76]
[390, 256, -40]
[374, 250, 40]
[362, 345, -99]
[362, 336, 47]
[374, 371, 61]
[366, 361, 131]
[380, 368, 78]
[370, 363, 142]
[356, 379, 103]
[345, 369, 167]
[351, 39, -26]
[361, 30, -38]
[362, 30, -38]
[364, 31, -38]
[360, 29, -20]
[361, 29, -20]
[363, 29, -20]
[377, 39, -66]
[376, 37, 14]
[355, 52, -34]
[354, 52, -11]
[399, 100, -101]
[372, 98, 64]
[346, 163, -89]
[323, 154, 30]
[296, 118, -23]
[289, 114, -66]
[287, 107, -25]
[282, 101, -74]
[292, 100, -22]
[281, 93, -78]
[298, 105, -18]
[286, 99, -71]
[390, 256, -40]
[374, 250, 40]
[362, 346, -94]
[362, 336, 53]
[374, 392, 65]
[367, 396, 126]
[380, 392, 80]
[372, 405, 134]
[356, 414, 98]
[345, 416, 134]
[353, 39, -22]
[362, 30, -33]
[364, 30, -34]
[366, 31, -34]
[361, 29, -15]
[362, 29, -15]
[363, 29, -15]
[379, 39, -60]
[377, 37, 18]
[357, 52, -30]
[355, 52, -7]
[400, 100, -94]
[374, 98, 69]
[349, 163, -92]
[326, 153, 41]
[294, 119, -33]
[293, 114, -47]
[284, 108, -37]
[287, 102, -53]
[288, 101, -28]
[286, 94, -56]
[295, 106, -26]
[290, 100, -52]
[391, 256, -40]
[375, 251, 40]
[362, 347, -90]
[362, 337, 51]
[374, 411, 64]
[367, 418, 117]
[380, 414, 79]
[371, 430, 123]
[355, 436, 82]
[344, 443, 112]
[355, 38, -23]
[364, 29, -35]
[366, 30, -35]
[368, 30, -35]
[363, 29, -17]
[364, 29, -17]
[365, 29, -17]
[381, 39, -61]
[378, 37, 16]
[358, 52, -31]
[357, 51, -9]
[401, 100, -93]
[374, 98, 65]
[351, 163, -95]
[328, 153, 44]
[294, 121, -41]
[294, 114, -33]
[283, 111, -45]
[288, 101, -39]
[288, 104, -37]
[286, 94, -41]
[294, 108, -34]
[290, 100, -37]
[391, 257, -40]
[375, 251, 40]
[361, 348, -78]
[362, 337, 53]
[372, 418, 61]
[367, 424, 111]
[379, 423, 75]
[372, 437, 116]
[349, 441, 71]
[344, 449, 101]
[355, 38, -25]
[364, 30, -36]
[366, 30, -36]
[367, 30, -36]
[363, 29, -18]
[364, 29, -18]
[365, 29, -18]
[381, 39, -62]
[378, 37, 15]
[359, 52, -32]
[357, 51, -10]
[401, 101, -94]
[374, 98, 65]
[351, 164, -93]
[328, 155, 35]
[295, 123, -28]
[295, 118, -62]
[284, 113, -32]
[289, 105, -71]
[289, 107, -24]
[288, 98, -72]
[295, 111, -22]
[292, 104, -67]
[391, 258, -40]
[374, 252, 40]
[361, 349, -76]
[362, 337, 53]
[368, 421, 59]
[361, 426, 107]
[375, 425, 72]
[367, 440, 112]
[344, 444, 67]
[335, 449, 95]
[356, 38, -26]
[364, 30, -36]
[366, 30, -36]
[368, 30, -37]
[363, 29, -19]
[364, 29, -19]
[366, 29, -19]
[381, 38, -63]
[379, 37, 14]
[359, 51, -33]
[358, 50, -11]
[403, 101, -94]
[374, 99, 63]
[353, 164, -94]
[328, 155, 27]
[293, 128, -40]
[295, 124, -73]
[281, 119, -46]
[289, 112, -81]
[286, 112, -37]
[288, 105, -85]
[290, 115, -34]
[292, 110, -78]
[392, 258, -37]
[374, 251, 37]
[361, 349, -81]
[362, 337, 47]
[371, 412, 62]
[360, 412, 111]
[378, 417, 77]
[366, 422, 119]
[352, 430, 80]
[336, 433, 114]
[357, 37, -27]
[365, 29, -37]
[367, 30, -37]
[369, 30, -37]
[365, 29, -21]
[366, 29, -21]
[367, 29, -21]
[382, 38, -64]
[379, 37, 12]
[360, 50, -35]
[359, 50, -13]
[404, 101, -94]
[375, 101, 59]
[355, 165, -101]
[329, 156, 51]
[291, 132, -67]
[292, 134, -5]
[278, 126, -75]
[285, 124, -8]
[280, 116, -66]
[283, 117, -16]
[291, 118, -61]
[287, 121, -11]
[393, 258, -36]
[374, 252, 37]
[362, 348, -84]
[362, 337, 45]
[372, 409, 68]
[360, 407, 114]
[379, 411, 84]
[366, 416, 122]
[355, 425, 92]
[337, 428, 121]
[358, 37, -27]
[366, 29, -37]
[368, 30, -37]
[369, 30, -37]
[366, 29, -20]
[367, 29, -20]
[368, 29, -20]
[382, 38, -63]
[380, 37, 13]
[361, 50, -34]
[360, 50, -12]
[404, 101, -94]
[377, 102, 60]
[357, 168, -91]
[332, 157, 45]
[292, 136, -31]
[295, 132, -29]
[280, 127, -35]
[287, 122, -35]
[283, 120, -27]
[285, 115, -40]
[290, 124, -24]
[290, 120, -34]
[393, 258, -36]
[375, 251, 37]
[362, 347, -84]
[362, 337, 47]
[373, 394, 69]
[361, 398, 115]
[380, 393, 86]
[367, 407, 122]
[355, 415, 99]
[340, 418, 126]
[359, 37, -30]
[367, 29, -40]
[368, 30, -40]
[370, 30, -41]
[366, 29, -24]
[367, 29, -24]
[368, 29, -24]
[382, 38, -65]
[380, 37, 8]
[362, 50, -38]
[361, 50, -17]
[404, 101, -95]
[377, 102, 54]
[357, 170, -98]
[332, 158, 58]
[291, 137, -61]
[295, 138, 14]
[278, 128, -69]
[287, 129, 12]
[281, 120, -61]
[285, 122, 5]
[287, 125, -56]
[290, 126, 8]
[394, 258, -36]
[375, 251, 36]
[363, 345, -84]
[362, 337, 47]
[373, 391, 71]
[361, 397, 115]
[380, 390, 88]
[366, 406, 123]
[355, 413, 101]
[340, 417, 128]
[359, 37, -29]
[367, 30, -39]
[368, 30, -39]
[370, 30, -39]
[366, 29, -22]
[368, 29, -22]
[369, 29, -22]
[382, 38, -65]
[380, 37, 9]
[362, 50, -37]
[361, 50, -15]
[404, 101, -95]
[378, 102, 55]
[360, 171, -94]
[336, 164, 50]
[292, 141, -53]
[301, 150, -10]
[280, 133, -61]
[295, 144, -15]
[282, 127, -50]
[293, 135, -16]
[288, 131, -46]
[297, 138, -15]
[394, 258, -36]
[375, 252, 36]
[363, 344, -83]
[362, 333, 51]
[373, 389, 73]
[359, 396, 120]
[380, 389, 90]
[364, 406, 127]
[355, 412, 101]
[337, 416, 130]
[359, 37, -24]
[367, 30, -35]
[369, 30, -35]
[370, 30, -35]
[367, 29, -18]
[368, 29, -18]
[369, 29, -18]
[382, 38, -62]
[381, 37, 13]
[363, 50, -33]
[362, 50, -11]
[404, 101, -93]
[380, 102, 61]
[361, 172, -84]
[344, 164, 47]
[292, 145, -22]
[307, 150, -23]
[280, 138, -27]
[302, 143, -31]
[283, 131, -19]
[299, 135, -35]
[288, 134, -16]
[303, 138, -28]
[394, 259, -37]
[375, 253, 37]
[363, 345, -70]
[360, 333, 58]
[372, 407, 65]
[355, 414, 115]
[380, 411, 78]
[361, 428, 120]
[351, 432, 79]
[327, 436, 111]
[360, 37, -22]
[367, 29, -33]
[369, 30, -33]
[370, 30, -33]
[367, 29, -16]
[368, 29, -16]
[370, 29, -16]
[382, 38, -60]
[381, 37, 15]
[363, 50, -30]
[362, 49, -8]
[404, 101, -92]
[384, 102, 62]
[361, 173, -86]
[348, 164, 56]
[291, 148, -25]
[308, 150, -8]
[277, 141, -28]
[303, 142, -13]
[278, 133, -21]
[300, 134, -19]
[285, 136, -19]
[304, 138, -13]
[393, 260, -37]
[376, 253, 37]
[362, 346, -75]
[360, 332, 58]
[371, 404, 64]
[355, 410, 113]
[379, 407, 78]
[360, 422, 118]
[349, 428, 82]
[329, 431, 111]
[360, 37, -19]
[368, 29, -31]
[369, 30, -31]
[371, 30, -31]
[367, 29, -13]
[369, 29, -13]
[370, 29, -13]
[382, 38, -59]
[381, 37, 17]
[363, 50, -28]
[362, 49, -6]
[404, 101, -90]
[385, 102, 64]
[361, 173, -82]
[350, 167, 52]
[292, 153, -25]
[318, 155, -18]
[277, 151, -31]
[313, 150, -23]
[279, 139, -24]
[310, 142, -27]
[285, 142, -20]
[314, 145, -23]
[393, 260, -37]
[376, 253, 37]
[362, 346, -75]
[359, 331, 58]
[370, 402, 63]
[354, 408, 112]
[379, 404, 77]
[359, 419, 117]
[349, 426, 83]
[329, 430, 110]
[360, 36, -21]
[368, 29, -31]
[369, 30, -31]
[371, 30, -31]
[368, 29, -15]
[369, 29, -14]
[370, 29, -15]
[382, 38, -59]
[381, 37, 16]
[363, 49, -29]
[362, 49, -7]
[404, 101, -91]
[385, 102, 59]
[361, 175, -82]
[348, 171, 50]
[291, 156, -30]
[316, 165, -22]
[275, 152, -39]
[311, 162, -27]
[276, 142, -33]
[309, 154, -27]
[283, 144, -25]
[313, 156, -27]
[393, 260, -37]
[376, 253, 37]
[362, 347, -77]
[360, 331, 55]
[371, 385, 64]
[355, 386, 114]
[379, 384, 80]
[359, 394, 121]
[351, 403, 95]
[335, 401, 127]
[360, 36, -22]
[368, 29, -32]
[370, 30, -32]
[371, 30, -32]
[368, 29, -16]
[369, 28, -16]
[370, 29, -16]
[383, 38, -59]
[382, 37, 13]
[364, 49, -31]
[363, 48, -10]
[405, 101, -91]
[384, 102, 54]
[363, 175, -83]
[347, 170, 49]
[291, 161, -50]
[315, 169, -17]
[275, 157, -60]
[309, 167, -24]
[277, 146, -53]
[307, 159, -31]
[284, 148, -45]
[311, 160, -24]
[394, 261, -35]
[376, 253, 35]
[362, 347, -78]
[360, 331, 51]
[371, 386, 68]
[355, 388, 114]
[380, 386, 83]
[360, 397, 121]
[351, 406, 96]
[334, 405, 127]
[360, 36, -28]
[369, 29, -38]
[370, 29, -38]
[372, 30, -38]
[368, 29, -22]
[369, 28, -22]
[370, 28, -22]
[383, 38, -63]
[382, 37, 9]
[364, 49, -36]
[363, 48, -15]
[405, 101, -91]
[384, 102, 48]
[363, 176, -85]
[346, 171, 46]
[288, 163, -57]
[321, 185, -18]
[269, 159, -70]
[318, 188, -25]
[269, 149, -62]
[317, 180, -33]
[278, 150, -52]
[320, 179, -25]
[394, 261, -34]
[374, 254, 34]
[362, 348, -78]
[360, 334, 50]
[371, 405, 63]
[355, 411, 107]
[380, 409, 77]
[360, 424, 113]
[351, 429, 80]
[334, 434, 104]
[360, 36, -29]
[369, 29, -40]
[370, 29, -40]
[372, 30, -40]
[368, 28, -23]
[369, 28, -23]
[371, 28, -23]
[384, 38, -64]
[382, 37, 8]
[364, 49, -37]
[363, 48, -15]
[405, 101, -92]
[384, 102, 50]
[364, 177, -87]
[347, 172, 45]
[289, 170, -55]
[319, 186, -20]
[270, 167, -67]
[315, 189, -27]
[271, 154, -59]
[314, 182, -35]
[279, 155, -50]
[317, 182, -26]
[394, 262, -34]
[373, 254, 34]
[362, 349, -76]
[360, 335, 52]
[372, 410, 63]
[356, 417, 108]
[380, 414, 77]
[360, 430, 113]
[351, 434, 80]
[333, 439, 103]
[360, 36, -29]
[369, 29, -40]
[371, 29, -40]
[372, 30, -40]
[369, 28, -23]
[370, 28, -23]
[371, 28, -23]
[384, 38, -65]
[382, 37, 8]
[364, 49, -37]
[363, 48, -15]
[405, 101, -95]
[385, 102, 51]
[364, 179, -89]
[348, 173, 48]
[288, 174, -52]
[319, 187, -18]
[269, 171, -65]
[315, 190, -25]
[268, 159, -57]
[314, 182, -35]
[276, 160, -47]
[317, 182, -25]
[394, 262, -35]
[373, 254, 35]
[362, 350, -82]
[360, 336, 53]
[373, 416, 59]
[357, 420, 108]
[382, 420, 73]
[363, 434, 114]
[352, 441, 75]
[334, 444, 102]
[360, 36, -29]
[369, 29, -40]
[371, 29, -40]
[372, 29, -40]
[369, 28, -23]
[370, 28, -23]
[371, 28, -23]
[384, 38, -66]
[383, 37, 9]
[364, 48, -37]
[363, 48, -15]
[406, 101, -96]
[385, 102, 53]
[364, 180, -92]
[354, 172, 60]
[288, 177, -60]
[318, 181, 5]
[268, 175, -73]
[313, 181, 0]
[268, 164, -66]
[312, 174, -11]
[276, 165, -55]
[316, 175, -1]
[394, 263, -35]
[374, 255, 35]
[362, 351, -88]
[360, 337, 53]
[375, 421, 50]
[361, 423, 105]
[384, 426, 64]
[368, 436, 110]
[354, 447, 65]
[338, 447, 97]
[360, 36, -26]
[369, 29, -37]
[371, 29, -37]
[372, 29, -37]
[369, 28, -19]
[370, 28, -19]
[371, 28, -19]
[384, 38, -66]
[383, 37, 13]
[364, 48, -34]
[363, 47, -11]
[406, 101, -96]
[386, 102, 60]
[366, 180, -93]
[361, 172, 75]
[291, 184, -58]
[321, 184, 31]
[270, 185, -71]
[315, 186, 27]
[268, 172, -64]
[314, 179, 14]
[276, 172, -53]
[317, 179, 23]
[395, 263, -36]
[375, 255, 36]
[362, 352, -91]
[360, 337, 52]
[377, 432, 31]
[367, 433, 95]
[386, 439, 43]
[374, 447, 98]
[357, 459, 39]
[343, 459, 83]
[360, 35, -26]
[369, 28, -37]
[371, 29, -37]
[372, 29, -37]
[369, 28, -19]
[370, 28, -19]
[371, 28, -19]
[384, 38, -66]
[383, 37, 13]
[364, 48, -34]
[363, 47, -11]
[406, 101, -96]
[386, 102, 59]
[368, 181, -97]
[360, 173, 79]
[291, 187, -75]
[320, 185, 43]
[270, 188, -90]
[315, 186, 40]
[269, 175, -82]
[313, 179, 27]
[276, 176, -71]
[317, 179, 36]
[395, 263, -36]
[375, 255, 36]
[362, 352, -98]
[361, 337, 52]
[377, 426, 39]
[367, 427, 99]
[386, 432, 53]
[374, 440, 104]
[359, 450, 56]
[344, 450, 93]
[360, 35, -26]
[369, 28, -37]
[371, 29, -37]
[372, 29, -37]
[369, 28, -19]
[370, 28, -19]
[371, 28, -19]
[383, 38, -67]
[383, 37, 12]
[364, 48, -35]
[363, 47, -12]
[405, 101, -97]
[387, 102, 58]
[367, 182, -102]
[364, 175, 77]
[291, 192, -81]
[322, 192, 43]
[272, 197, -96]
[316, 196, 40]
[270, 185, -88]
[314, 189, 26]
[276, 185, -77]
[317, 189, 35]
[396, 263, -36]
[375, 255, 36]
[362, 352, -94]
[360, 338, 50]
[377, 423, 34]
[367, 429, 94]
[386, 428, 47]
[373, 444, 98]
[359, 448, 48]
[340, 454, 85]
[360, 35, -26]
[369, 28, -37]
[371, 29, -37]
[372, 29, -37]
[369, 28, -19]
[370, 28, -19]
[371, 28, -19]
[383, 38, -66]
[383, 37, 12]
[364, 48, -35]
[363, 47, -12]
[405, 102, -97]
[387, 102, 58]
[367, 183, -103]
[365, 175, 76]
[291, 198, -87]
[321, 193, 40]
[272, 202, -103]
[315, 197, 37]
[270, 192, -95]
[313, 191, 23]
[276, 191, -83]
[316, 190, 32]
[396, 264, -36]
[374, 256, 36]
[362, 350, -102]
[360, 335, 46]
[377, 412, 28]
[366, 414, 91]
[386, 418, 42]
[373, 428, 96]
[358, 435, 45]
[340, 439, 87]
[360, 35, -33]
[369, 28, -44]
[371, 29, -44]
[372, 29, -44]
[369, 28, -26]
[370, 28, -26]
[371, 28, -26]
[383, 38, -74]
[383, 37, 4]
[364, 47, -42]
[362, 47, -20]
[404, 102, -108]
[387, 102, 53]
[367, 185, -115]
[363, 175, 74]
[289, 207, -101]
[300, 194, 40]
[271, 213, -118]
[289, 197, 39]
[266, 201, -110]
[285, 193, 22]
[274, 199, -97]
[291, 193, 31]
[396, 264, -37]
[375, 255, 37]
[362, 350, -96]
[360, 334, 60]
[376, 400, 57]
[366, 398, 114]
[385, 401, 73]
[372, 410, 120]
[358, 424, 86]
[340, 419, 116]
[360, 35, -32]
[369, 28, -43]
[371, 29, -43]
[372, 29, -43]
[369, 28, -25]
[370, 28, -25]
[371, 28, -25]
[383, 38, -73]
[382, 37, 5]
[363, 47, -41]
[362, 46, -18]
[404, 102, -107]
[387, 101, 53]
[368, 187, -113]
[363, 175, 77]
[289, 210, -94]
[301, 192, 41]
[271, 217, -110]
[292, 195, 39]
[267, 203, -103]
[290, 190, 23]
[274, 202, -90]
[294, 190, 32]
[396, 264, -37]
[374, 255, 37]
[362, 350, -95]
[360, 334, 58]
[376, 398, 58]
[365, 400, 113]
[385, 399, 74]
[372, 411, 119]
[359, 423, 85]
[340, 422, 114]
[359, 35, -32]
[369, 28, -43]
[370, 29, -43]
[372, 29, -43]
[369, 28, -25]
[370, 28, -25]
[371, 28, -25]
[382, 38, -72]
[382, 37, 5]
[363, 47, -41]
[362, 46, -18]
[404, 102, -106]
[387, 101, 52]
[368, 188, -111]
[365, 175, 75]
[289, 217, -88]
[325, 196, 44]
[273, 224, -103]
[320, 203, 43]
[267, 211, -97]
[317, 198, 27]
[275, 209, -84]
[320, 196, 36]
[396, 264, -37]
[373, 255, 37]
[362, 350, -80]
[359, 334, 58]
[373, 401, 66]
[359, 405, 116]
[381, 403, 81]
[365, 420, 122]
[354, 429, 89]
[330, 430, 115]
[358, 35, -28]
[368, 28, -39]
[370, 29, -39]
[371, 29, -39]
[368, 28, -22]
[369, 28, -22]
[370, 28, -22]
[382, 38, -71]
[381, 37, 5]
[362, 47, -38]
[360, 46, -15]
[403, 102, -106]
[387, 101, 52]
[368, 188, -109]
[367, 175, 74]
[289, 220, -86]
[331, 206, 42]
[273, 226, -101]
[327, 214, 40]
[268, 216, -94]
[324, 210, 25]
[275, 213, -82]
[327, 208, 34]
[396, 264, -36]
[371, 254, 36]
[363, 349, -77]
[355, 329, 56]
[368, 402, 65]
[352, 406, 114]
[376, 404, 79]
[359, 420, 121]
[349, 429, 85]
[322, 430, 114]
[358, 35, -26]
[367, 28, -38]
[369, 29, -38]
[371, 29, -38]
[367, 28, -21]
[368, 28, -21]
[370, 28, -21]
[381, 38, -71]
[381, 37, 6]
[361, 47, -37]
[360, 47, -14]
[402, 102, -105]
[387, 101, 52]
[368, 188, -109]
[371, 175, 75]
[295, 221, -81]
[332, 201, 45]
[281, 228, -96]
[326, 208, 44]
[276, 217, -91]
[320, 202, 28]
[282, 214, -78]
[326, 201, 37]
[395, 264, -36]
[371, 254, 36]
[363, 349, -69]
[355, 329, 57]
[368, 412, 63]
[352, 414, 110]
[375, 417, 73]
[358, 430, 114]
[348, 440, 76]
[320, 438, 106]
[357, 35, -26]
[366, 29, -38]
[368, 29, -38]
[370, 30, -38]
[366, 28, -20]
[367, 28, -20]
[369, 28, -20]
[380, 38, -71]
[380, 37, 6]
[360, 48, -37]
[359, 47, -14]
[399, 103, -104]
[389, 101, 52]
[368, 189, -108]
[373, 175, 74]
[298, 225, -77]
[340, 208, 42]
[284, 236, -92]
[335, 217, 41]
[281, 225, -87]
[332, 214, 26]
[285, 221, -74]
[335, 212, 34]
[395, 264, -36]
[371, 254, 37]
[363, 347, -72]
[356, 334, 53]
[368, 424, 32]
[352, 425, 89]
[376, 432, 41]
[359, 442, 92]
[349, 451, 36]
[321, 448, 78]
[355, 36, -19]
[365, 29, -30]
[367, 29, -30]
[369, 30, -30]
[365, 28, -12]
[366, 28, -12]
[368, 28, -12]
[379, 38, -61]
[380, 37, 15]
[359, 48, -29]
[358, 47, -7]
[397, 103, -95]
[389, 101, 56]
[368, 189, -108]
[374, 177, 74]
[298, 228, -85]
[340, 218, 39]
[283, 239, -101]
[335, 228, 38]
[279, 229, -93]
[332, 225, 23]
[285, 226, -81]
[335, 222, 31]
[393, 264, -37]
[372, 254, 38]
[363, 342, -100]
[341, 318, 25]
[359, 397, -2]
[344, 397, 55]
[367, 406, 7]
[352, 413, 58]
[336, 417, 4]
[310, 416, 49]
[354, 36, -18]
[364, 29, -29]
[366, 29, -29]
[367, 30, -29]
[364, 28, -11]
[365, 28, -11]
[367, 28, -11]
[378, 38, -60]
[378, 37, 16]
[357, 48, -29]
[356, 47, -6]
[395, 103, -94]
[389, 101, 56]
[368, 190, -107]
[375, 178, 71]
[300, 229, -86]
[345, 218, 39]
[285, 238, -101]
[340, 228, 37]
[283, 228, -94]
[338, 225, 21]
[287, 225, -82]
[341, 222, 31]
[391, 265, -39]
[372, 254, 39]
[362, 340, -96]
[339, 309, 35]
[357, 384, -5]
[345, 378, 58]
[367, 391, 3]
[352, 392, 60]
[336, 402, 4]
[313, 395, 56]
[354, 35, -17]
[363, 29, -27]
[365, 29, -27]
[367, 30, -27]
[363, 28, -9]
[364, 28, -9]
[365, 28, -9]
[378, 38, -58]
[377, 37, 21]
[356, 47, -27]
[355, 47, -4]
[395, 103, -95]
[387, 101, 61]
[369, 191, -109]
[374, 180, 72]
[302, 232, -93]
[342, 223, 38]
[286, 243, -110]
[336, 233, 37]
[283, 233, -103]
[334, 231, 19]
[288, 228, -90]
[337, 227, 30]
[390, 265, -40]
[370, 254, 40]
[362, 339, -115]
[336, 292, 19]
[357, 355, 13]
[341, 353, 64]
[366, 356, 26]
[348, 365, 69]
[336, 367, 29]
[312, 368, 64]
[353, 35, -17]
[362, 29, -28]
[364, 29, -28]
[366, 30, -28]
[362, 28, -9]
[363, 28, -9]
[364, 28, -9]
[377, 38, -61]
[376, 37, 18]
[355, 47, -29]
[354, 47, -5]
[393, 103, -97]
[387, 101, 56]
[368, 192, -109]
[374, 180, 68]
[301, 234, -90]
[346, 225, 38]
[285, 244, -106]
[342, 236, 36]
[282, 233, -98]
[341, 234, 19]
[288, 228, -86]
[343, 231, 29]
[389, 266, -40]
[370, 254, 40]
[360, 338, -102]
[338, 303, 29]
[358, 372, 28]
[343, 372, 79]
[367, 376, 40]
[350, 385, 85]
[337, 390, 48]
[314, 391, 85]
[352, 35, -20]
[362, 29, -30]
[363, 29, -30]
[365, 30, -30]
[361, 28, -12]
[362, 28, -12]
[364, 28, -12]
[376, 39, -64]
[375, 37, 14]
[354, 47, -32]
[353, 47, -8]
[392, 103, -101]
[387, 101, 52]
[367, 192, -110]
[375, 180, 64]
[301, 238, -88]
[349, 224, 32]
[286, 248, -104]
[345, 235, 31]
[283, 237, -97]
[343, 233, 14]
[288, 233, -84]
[345, 230, 24]
[387, 266, -40]
[369, 253, 40]
[361, 338, -98]
[336, 299, 32]
[358, 353, 42]
[340, 352, 97]
[366, 352, 57]
[346, 362, 103]
[338, 364, 69]
[313, 365, 105]
[351, 35, -22]
[361, 29, -33]
[363, 29, -33]
[364, 30, -33]
[360, 28, -15]
[361, 28, -15]
[363, 28, -15]
[375, 39, -65]
[374, 37, 11]
[353, 48, -33]
[352, 47, -10]
[391, 103, -100]
[385, 101, 50]
[367, 194, -107]
[374, 180, 63]
[302, 240, -77]
[348, 224, 31]
[288, 249, -91]
[344, 235, 30]
[286, 240, -84]
[343, 233, 14]
[291, 235, -73]
[345, 229, 23]
[386, 265, -39]
[369, 252, 39]
[360, 339, -85]
[338, 317, 34]
[359, 381, 51]
[338, 393, 95]
[366, 386, 65]
[344, 407, 100]
[338, 403, 74]
[307, 415, 98]
[350, 36, -16]
[360, 29, -27]
[362, 29, -27]
[363, 30, -27]
[360, 28, -9]
[361, 28, -9]
[362, 28, -9]
[374, 39, -60]
[374, 37, 15]
[352, 48, -27]
[351, 47, -5]
[387, 103, -98]
[385, 101, 51]
[365, 194, -104]
[377, 180, 60]
[303, 243, -77]
[354, 221, 25]
[290, 254, -91]
[351, 232, 24]
[287, 244, -84]
[349, 230, 9]
[293, 241, -73]
[350, 227, 18]
[386, 265, -39]
[367, 252, 39]
[360, 339, -101]
[335, 310, 25]
[359, 351, 52]
[337, 365, 94]
[366, 350, 68]
[343, 375, 100]
[339, 362, 86]
[308, 384, 102]
[349, 36, -18]
[359, 29, -29]
[361, 29, -29]
[362, 30, -29]
[359, 28, -12]
[360, 28, -12]
[362, 28, -12]
[373, 39, -62]
[373, 37, 14]
[351, 48, -29]
[351, 47, -7]
[386, 103, -103]
[382, 101, 51]
[364, 195, -107]
[375, 180, 62]
[306, 247, -77]
[351, 222, 26]
[293, 262, -91]
[347, 234, 25]
[291, 253, -85]
[345, 231, 9]
[295, 248, -73]
[347, 227, 19]
[386, 265, -39]
[367, 252, 40]
[360, 339, -104]
[336, 311, 24]
[363, 356, 57]
[338, 366, 99]
[369, 354, 74]
[344, 375, 107]
[344, 371, 93]
[308, 387, 111]
[348, 36, -19]
[358, 29, -30]
[360, 29, -30]
[361, 30, -30]
[358, 28, -13]
[359, 28, -13]
[361, 28, -13]
[372, 39, -63]
[372, 37, 11]
[350, 48, -30]
[350, 47, -8]
[385, 103, -103]
[381, 101, 49]
[363, 195, -102]
[374, 179, 60]
[311, 248, -64]
[349, 219, 26]
[301, 263, -77]
[345, 232, 24]
[298, 255, -74]
[343, 230, 9]
[301, 250, -62]
[345, 225, 18]
[386, 265, -39]
[367, 252, 39]
[360, 341, -95]
[344, 323, 27]
[365, 358, 62]
[339, 374, 105]
[372, 357, 79]
[345, 379, 114]
[346, 371, 98]
[310, 393, 120]
[347, 36, -25]
[357, 29, -37]
[359, 29, -37]
[360, 30, -37]
[357, 28, -20]
[358, 28, -20]
[360, 28, -20]
[371, 39, -69]
[371, 37, 7]
[349, 48, -35]
[349, 47, -13]
[385, 103, -105]
[381, 101, 50]
[362, 195, -101]
[373, 177, 61]
[314, 249, -56]
[349, 216, 32]
[304, 266, -69]
[345, 229, 31]
[303, 259, -67]
[342, 226, 16]
[305, 254, -54]
[345, 222, 24]
[385, 265, -39]
[367, 255, 39]
[360, 346, -78]
[349, 340, 42]
[367, 429, 57]
[342, 436, 100]
[374, 436, 66]
[348, 451, 103]
[349, 457, 62]
[313, 459, 85]
[346, 36, -25]
[356, 29, -37]
[357, 30, -37]
[359, 30, -37]
[356, 28, -19]
[357, 28, -19]
[359, 29, -19]
[370, 39, -68]
[370, 37, 7]
[348, 48, -35]
[348, 47, -13]
[382, 103, -105]
[381, 101, 50]
[360, 195, -100]
[373, 176, 60]
[315, 252, -58]
[348, 212, 30]
[305, 269, -70]
[343, 223, 30]
[302, 262, -68]
[340, 220, 15]
[305, 257, -55]
[342, 216, 22]
[383, 266, -39]
[368, 256, 39]
[360, 347, -82]
[356, 336, 54]
[364, 409, 56]
[342, 414, 101]
[372, 413, 64]
[346, 427, 105]
[344, 431, 65]
[312, 436, 101]
