[453, 138, -267]
[468, 119, -267]
[476, 119, -267]
[484, 119, -267]
[450, 122, -247]
[446, 123, -247]
[441, 124, -247]
[512, 133, -210]
[453, 136, -115]
[474, 159, -244]
[450, 161, -217]
[588, 253, -209]
[413, 258, 5]
[598, 409, -216]
[389, 404, 80]
[553, 552, -294]
[350, 510, -45]
[552, 603, -337]
[336, 536, -65]
[531, 597, -352]
[335, 537, -109]
[527, 576, -301]
[341, 527, -67]
[520, 539, -75]
[410, 531, 76]
[503, 756, -73]
[397, 739, 133]
[491, 937, 160]
[389, 923, 319]
[500, 962, 175]
[392, 951, 333]
[459, 994, 36]
[368, 979, 196]
[454, 137, -269]
[468, 119, -267]
[476, 119, -267]
[484, 119, -268]
[450, 121, -248]
[446, 122, -248]
[441, 123, -248]
[512, 133, -208]
[453, 135, -113]
[474, 158, -244]
[450, 160, -217]
[587, 253, -208]
[413, 256, 5]
[597, 411, -218]
[390, 403, 79]
[558, 554, -301]
[353, 512, -48]
[561, 607, -343]
[340, 539, -69]
[539, 602, -358]
[339, 539, -111]
[534, 581, -308]
[348, 529, -70]
[522, 539, -76]
[412, 531, 77]
[513, 756, -71]
[406, 740, 154]
[509, 936, 176]
[404, 923, 364]
[518, 962, 192]
[407, 951, 381]
[479, 993, 50]
[387, 979, 244]
[454, 136, -270]
[468, 118, -268]
[476, 118, -268]
[484, 118, -268]
[450, 120, -249]
[446, 121, -249]
[441, 122, -249]
[512, 133, -207]
[452, 134, -114]
[474, 157, -245]
[450, 159, -219]
[587, 253, -208]
[413, 255, 5]
[596, 413, -220]
[391, 403, 78]
[558, 555, -300]
[357, 515, -49]
[558, 610, -343]
[346, 545, -70]
[536, 604, -358]
[345, 545, -113]
[532, 584, -306]
[353, 533, -71]
[522, 539, -77]
[412, 531, 78]
[513, 755, -72]
[404, 739, 138]
[507, 936, 169]
[399, 922, 327]
[516, 962, 184]
[402, 950, 341]
[478, 993, 44]
[383, 978, 204]
[454, 136, -270]
[469, 118, -266]
[477, 118, -267]
[486, 118, -267]
[451, 120, -248]
[446, 121, -248]
[442, 122, -248]
[513, 133, -203]
[452, 134, -111]
[474, 157, -244]
[450, 158, -218]
[587, 253, -208]
[413, 255, 7]
[595, 416, -221]
[392, 404, 78]
[560, 558, -302]
[355, 517, -46]
[565, 606, -346]
[344, 546, -67]
[549, 604, -360]
[344, 545, -111]
[543, 580, -309]
[352, 534, -68]
[522, 539, -77]
[413, 530, 78]
[512, 756, -80]
[400, 742, 132]
[504, 940, 167]
[392, 926, 320]
[512, 966, 181]
[394, 954, 334]
[474, 998, 38]
[376, 984, 193]
[456, 135, -269]
[470, 118, -266]
[478, 118, -266]
[488, 118, -266]
[452, 119, -247]
[447, 120, -247]
[443, 121, -248]
[514, 133, -201]
[452, 134, -111]
[475, 157, -243]
[451, 158, -217]
[587, 254, -207]
[412, 255, 8]
[594, 417, -221]
[392, 405, 70]
[561, 559, -310]
[354, 518, -70]
[567, 604, -357]
[342, 546, -94]
[552, 604, -372]
[342, 544, -137]
[546, 579, -318]
[349, 533, -92]
[522, 540, -77]
[413, 530, 78]
[512, 756, -80]
[396, 742, 129]
[502, 941, 164]
[388, 927, 315]
[510, 967, 178]
[390, 954, 329]
[471, 998, 35]
[373, 984, 186]
[457, 135, -276]
[472, 117, -271]
[480, 117, -271]
[490, 118, -271]
[453, 119, -254]
[449, 120, -254]
[444, 121, -254]
[515, 133, -201]
[453, 134, -116]
[477, 157, -248]
[452, 157, -224]
[587, 254, -206]
[412, 255, 1]
[594, 417, -222]
[391, 405, 63]
[560, 559, -313]
[354, 516, -73]
[564, 611, -360]
[344, 544, -96]
[547, 606, -376]
[344, 545, -140]
[544, 578, -321]
[351, 533, -94]
[522, 540, -77]
[413, 529, 78]
[509, 756, -81]
[394, 742, 127]
[497, 940, 162]
[383, 926, 313]
[504, 966, 177]
[385, 954, 327]
[466, 998, 33]
[368, 984, 183]
[458, 134, -274]
[472, 116, -270]
[480, 116, -270]
[490, 117, -270]
[454, 118, -253]
[449, 119, -253]
[444, 120, -253]
[515, 132, -200]
[453, 133, -116]
[477, 155, -247]
[452, 156, -223]
[587, 253, -203]
[412, 255, 0]
[594, 417, -219]
[392, 405, 66]
[560, 558, -307]
[355, 516, -70]
[565, 611, -354]
[344, 544, -92]
[545, 606, -370]
[344, 544, -136]
[541, 583, -315]
[352, 533, -92]
[523, 540, -77]
[415, 529, 78]
[513, 756, -60]
[398, 742, 147]
[502, 940, 184]
[389, 926, 348]
[510, 966, 199]
[390, 954, 364]
[472, 998, 55]
[375, 984, 221]
[458, 134, -273]
[472, 116, -269]
[480, 116, -269]
[490, 116, -269]
[454, 118, -252]
[449, 119, -252]
[445, 120, -252]
[515, 132, -200]
[453, 133, -116]
[477, 155, -246]
[452, 156, -222]
[587, 253, -203]
[412, 255, 1]
[594, 417, -215]
[392, 405, 67]
[559, 557, -300]
[354, 515, -68]
[564, 610, -344]
[342, 543, -91]
[542, 603, -362]
[342, 543, -135]
[537, 581, -308]
[350, 532, -90]
[523, 540, -76]
[416, 530, 76]
[516, 758, -76]
[404, 744, 112]
[509, 940, 179]
[400, 928, 306]
[518, 966, 196]
[403, 955, 321]
[480, 998, 57]
[383, 985, 182]
[459, 133, -268]
[473, 116, -262]
[481, 116, -262]
[491, 116, -262]
[455, 117, -246]
[450, 119, -246]
[446, 119, -246]
[516, 132, -188]
[453, 132, -106]
[477, 154, -239]
[453, 155, -216]
[587, 252, -194]
[412, 255, 8]
[595, 415, -215]
[393, 405, 73]
[559, 556, -302]
[356, 514, -64]
[562, 602, -345]
[346, 541, -88]
[541, 600, -362]
[344, 542, -132]
[535, 580, -309]
[352, 531, -85]
[524, 540, -76]
[416, 530, 76]
[519, 756, -63]
[407, 744, 125]
[512, 940, 196]
[402, 927, 323]
[520, 966, 213]
[405, 955, 338]
[484, 997, 69]
[388, 984, 194]
[460, 133, -273]
[474, 116, -267]
[482, 116, -267]
[492, 116, -267]
[456, 118, -251]
[451, 119, -251]
[447, 120, -251]
[516, 132, -193]
[454, 133, -114]
[479, 154, -245]
[455, 155, -222]
[588, 252, -195]
[414, 255, 5]
[595, 415, -215]
[393, 405, 73]
[554, 555, -305]
[356, 514, -59]
[559, 598, -348]
[340, 541, -83]
[539, 598, -367]
[338, 541, -128]
[531, 575, -313]
[346, 530, -82]
[524, 539, -75]
[417, 529, 75]
[514, 754, -64]
[404, 738, 127]
[501, 932, 190]
[394, 918, 328]
[508, 957, 207]
[397, 944, 344]
[472, 989, 68]
[378, 973, 207]
[462, 133, -272]
[476, 116, -267]
[484, 116, -267]
[494, 116, -267]
[459, 118, -250]
[454, 119, -250]
[449, 120, -250]
[518, 132, -194]
[456, 132, -112]
[481, 154, -245]
[456, 155, -221]
[588, 252, -196]
[415, 255, 9]
[596, 414, -216]
[393, 407, 77]
[546, 549, -310]
[333, 512, -67]
[544, 582, -354]
[300, 538, -92]
[522, 573, -372]
[296, 532, -139]
[520, 557, -318]
[311, 524, -90]
[525, 539, -74]
[416, 529, 74]
[512, 754, -61]
[400, 738, 116]
[499, 932, 188]
[391, 918, 294]
[506, 957, 204]
[394, 945, 308]
[469, 989, 66]
[373, 974, 168]
[462, 133, -234]
[476, 116, -231]
[485, 116, -231]
[494, 116, -231]
[459, 118, -212]
[455, 119, -212]
[450, 120, -213]
[519, 131, -171]
[458, 132, -80]
[481, 154, -210]
[457, 155, -184]
[589, 252, -179]
[418, 255, 33]
[597, 413, -207]
[393, 405, 87]
[534, 540, -299]
[334, 502, -66]
[527, 569, -344]
[305, 526, -91]
[505, 556, -357]
[300, 520, -137]
[506, 543, -305]
[315, 515, -90]
[525, 538, -73]
[416, 527, 74]
[511, 754, -54]
[400, 737, 117]
[497, 933, 186]
[391, 918, 282]
[505, 957, 204]
[394, 945, 294]
[465, 988, 63]
[373, 973, 161]
[463, 134, -213]
[477, 116, -211]
[486, 116, -211]
[495, 117, -211]
[460, 118, -192]
[456, 119, -192]
[451, 121, -192]
[520, 132, -155]
[460, 133, -67]
[482, 155, -190]
[458, 156, -165]
[592, 251, -164]
[421, 255, 46]
[602, 410, -194]
[396, 401, 91]
[530, 526, -281]
[335, 490, -66]
[520, 553, -322]
[307, 512, -90]
[501, 538, -334]
[300, 507, -136]
[503, 527, -285]
[315, 502, -88]
[530, 538, -67]
[426, 525, 68]
[522, 754, -61]
[412, 737, 79]
[510, 933, 136]
[406, 920, 202]
[520, 957, 149]
[412, 947, 209]
[476, 989, 26]
[387, 974, 83]
[464, 136, -230]
[478, 117, -227]
[487, 117, -227]
[497, 118, -227]
[461, 120, -209]
[456, 121, -209]
[452, 122, -209]
[521, 132, -166]
[461, 134, -78]
[483, 156, -206]
[459, 157, -181]
[592, 251, -165]
[422, 256, 41]
[605, 406, -188]
[397, 399, 92]
[527, 519, -276]
[337, 487, -43]
[519, 554, -316]
[308, 509, -65]
[501, 534, -328]
[305, 499, -109]
[502, 522, -281]
[316, 500, -65]
[533, 535, -66]
[427, 521, 67]
[522, 747, -61]
[414, 732, 88]
[510, 926, 146]
[407, 916, 230]
[519, 951, 160]
[413, 943, 240]
[476, 983, 34]
[388, 969, 113]
[464, 138, -231]
[479, 119, -231]
[488, 118, -231]
[497, 119, -231]
[462, 121, -212]
[457, 122, -212]
[453, 124, -212]
[521, 133, -167]
[462, 135, -84]
[484, 158, -210]
[459, 159, -184]
[593, 251, -167]
[424, 257, 35]
[605, 405, -191]
[400, 398, 108]
[524, 507, -280]
[337, 468, -21]
[513, 553, -318]
[307, 487, -39]
[496, 534, -328]
[300, 482, -80]
[499, 510, -284]
[309, 478, -42]
[535, 533, -64]
[430, 521, 65]
[530, 746, -65]
[422, 732, 73]
[517, 926, 141]
[416, 917, 207]
[526, 950, 155]
[421, 945, 216]
[485, 983, 32]
[396, 972, 88]
[467, 138, -232]
[482, 119, -233]
[491, 118, -233]
[500, 119, -233]
[464, 121, -214]
[460, 123, -214]
[455, 124, -214]
[523, 133, -172]
[463, 135, -89]
[487, 158, -210]
[461, 159, -185]
[593, 251, -174]
[427, 257, 33]
[606, 405, -209]
[401, 397, 105]
[519, 493, -298]
[336, 456, -32]
[493, 522, -334]
[309, 476, -52]
[482, 518, -333]
[299, 468, -93]
[486, 494, -298]
[311, 464, -54]
[538, 532, -64]
[432, 521, 65]
[536, 747, -65]
[431, 735, 75]
[526, 925, 148]
[426, 919, 215]
[535, 948, 162]
[431, 946, 226]
[496, 983, 33]
[404, 973, 118]
[469, 140, -239]
[484, 120, -239]
[493, 120, -239]
[502, 120, -239]
[466, 122, -221]
[461, 123, -221]
[456, 125, -221]
[524, 133, -177]
[463, 135, -94]
[489, 159, -215]
[463, 160, -191]
[594, 251, -177]
[429, 259, 32]
[606, 406, -227]
[400, 399, 87]
[516, 485, -329]
[314, 447, -71]
[486, 525, -368]
[286, 465, -93]
[474, 509, -371]
[281, 447, -133]
[480, 492, -330]
[288, 448, -93]
[538, 533, -64]
[433, 521, 64]
[535, 748, -65]
[429, 741, 85]
[525, 925, 150]
[424, 925, 238]
[534, 949, 164]
[430, 952, 249]
[494, 984, 41]
[401, 980, 127]
[471, 141, -233]
[485, 120, -233]
[494, 120, -233]
[503, 120, -233]
[467, 123, -215]
[462, 124, -215]
[457, 126, -215]
[524, 133, -174]
[463, 136, -89]
[491, 160, -209]
[464, 161, -184]
[594, 251, -176]
[429, 260, 37]
[606, 406, -203]
[398, 399, 104]
[513, 459, -270]
[310, 432, -28]
[488, 494, -300]
[286, 451, -44]
[479, 473, -302]
[274, 429, -78]
[484, 462, -270]
[287, 429, -47]
[540, 533, -64]
[433, 522, 65]
[540, 746, -22]
[434, 741, 159]
[532, 924, 168]
[428, 924, 336]
[541, 948, 180]
[433, 952, 350]
[498, 982, 55]
[405, 979, 224]
[471, 142, -235]
[485, 121, -234]
[494, 121, -234]
[504, 121, -234]
[468, 124, -217]
[462, 125, -217]
[457, 126, -217]
[525, 133, -184]
[463, 136, -90]
[491, 161, -211]
[465, 162, -187]
[595, 252, -180]
[431, 260, 35]
[606, 407, -239]
[396, 398, 103]
[515, 440, -362]
[304, 412, -42]
[487, 462, -400]
[277, 419, -57]
[483, 435, -401]
[275, 407, -82]
[487, 423, -363]
[278, 405, -60]
[543, 532, -63]
[437, 522, 64]
[541, 742, -23]
[436, 738, 153]
[533, 920, 177]
[428, 923, 327]
[542, 944, 191]
[432, 950, 341]
[499, 978, 63]
[405, 977, 210]
[473, 142, -241]
[487, 121, -241]
[496, 121, -241]
[505, 121, -241]
[469, 124, -223]
[464, 125, -223]
[458, 127, -223]
[525, 134, -185]
[464, 137, -93]
[493, 162, -215]
[466, 163, -190]
[596, 252, -171]
[431, 260, 34]
[608, 408, -232]
[395, 397, 79]
[533, 425, -374]
[304, 396, -96]
[488, 436, -414]
[276, 398, -119]
[495, 412, -419]
[273, 387, -152]
[502, 403, -378]
[278, 387, -115]
[545, 531, -62]
[437, 522, 62]
[542, 739, -25]
[439, 737, 148]
[536, 913, 175]
[434, 920, 318]
[545, 936, 189]
[439, 949, 331]
[501, 971, 64]
[407, 971, 205]
[474, 142, -266]
[488, 122, -264]
[497, 121, -264]
[506, 121, -264]
[470, 124, -246]
[465, 125, -246]
[459, 127, -247]
[526, 134, -198]
[464, 137, -110]
[494, 162, -238]
[467, 163, -213]
[597, 252, -172]
[431, 260, 19]
[609, 412, -250]
[393, 396, 58]
[534, 395, -411]
[302, 388, -114]
[492, 390, -451]
[273, 388, -137]
[506, 366, -448]
[276, 377, -169]
[512, 364, -412]
[276, 374, -133]
[544, 532, -61]
[437, 523, 62]
[544, 739, -12]
[443, 735, 186]
[541, 910, 174]
[441, 916, 374]
[550, 934, 187]
[447, 946, 390]
[507, 967, 62]
[413, 962, 268]
[475, 142, -266]
[489, 122, -265]
[498, 121, -265]
[506, 122, -265]
[471, 124, -246]
[466, 125, -247]
[460, 127, -247]
[527, 134, -197]
[465, 137, -108]
[494, 162, -238]
[468, 163, -213]
[597, 252, -173]
[432, 260, 20]
[612, 413, -251]
[393, 394, 51]
[539, 399, -410]
[303, 378, -149]
[520, 419, -452]
[279, 392, -175]
[516, 373, -452]
[277, 371, -205]
[520, 372, -412]
[284, 369, -167]
[544, 532, -61]
[436, 523, 62]
[544, 738, -11]
[444, 733, 194]
[540, 910, 176]
[441, 914, 392]
[549, 934, 188]
[447, 945, 408]
[507, 966, 61]
[412, 959, 277]
[476, 142, -265]
[489, 122, -263]
[498, 121, -263]
[506, 121, -263]
[472, 124, -245]
[467, 125, -245]
[462, 126, -245]
[527, 134, -191]
[466, 136, -104]
[495, 162, -236]
[469, 163, -211]
[598, 252, -168]
[434, 260, 26]
[613, 412, -258]
[393, 387, 61]
[542, 380, -443]
[299, 356, -126]
[521, 376, -488]
[271, 354, -148]
[523, 356, -487]
[269, 339, -181]
[528, 356, -446]
[278, 340, -145]
[544, 532, -60]
[436, 523, 61]
[543, 733, -18]
[444, 726, 206]
[539, 903, 156]
[442, 903, 414]
[548, 926, 167]
[447, 933, 432]
[507, 957, 39]
[414, 947, 311]
[476, 142, -264]
[489, 122, -261]
[498, 121, -261]
[506, 121, -261]
[472, 124, -243]
[467, 125, -243]
[462, 126, -243]
[527, 134, -192]
[466, 136, -105]
[495, 162, -236]
[469, 163, -211]
[598, 252, -169]
[435, 258, 27]
[619, 412, -308]
[393, 382, 89]
[543, 374, -551]
[298, 346, -56]
[520, 368, -603]
[262, 340, -72]
[525, 347, -599]
[261, 326, -103]
[530, 348, -554]
[274, 328, -73]
[543, 531, -61]
[435, 523, 61]
[543, 730, -18]
[444, 719, 192]
[538, 901, 139]
[443, 897, 386]
[547, 926, 149]
[447, 926, 401]
[506, 953, 20]
[417, 939, 278]
[477, 142, -248]
[490, 122, -243]
[498, 122, -243]
[507, 122, -243]
[473, 124, -227]
[468, 125, -227]
[463, 126, -227]
[527, 134, -167]
[466, 136, -87]
[495, 162, -219]
[470, 163, -196]
[597, 252, -145]
[435, 257, 37]
[618, 405, -277]
[392, 376, 62]
[571, 370, -513]
[295, 340, -144]
[564, 373, -565]
[259, 335, -172]
[570, 347, -567]
[259, 318, -200]
[550, 342, -518]
[273, 320, -162]
[544, 531, -58]
[434, 524, 59]
[544, 728, -22]
[444, 720, 182]
[541, 900, 147]
[445, 897, 367]
[550, 924, 158]
[449, 925, 381]
[511, 952, 29]
[423, 943, 256]
[477, 142, -234]
[490, 122, -232]
[499, 122, -232]
[507, 122, -232]
[473, 124, -215]
[468, 125, -215]
[463, 126, -215]
[527, 134, -164]
[467, 136, -83]
[495, 162, -208]
[470, 163, -185]
[596, 251, -144]
[435, 256, 35]
[615, 402, -276]
[392, 378, 31]
[565, 357, -461]
[298, 332, -194]
[555, 364, -505]
[262, 326, -223]
[562, 339, -505]
[266, 308, -244]
[556, 338, -464]
[281, 310, -209]
[543, 531, -56]
[433, 524, 56]
[545, 728, -24]
[444, 721, 177]
[543, 901, 164]
[444, 899, 361]
[553, 925, 178]
[447, 926, 377]
[511, 955, 55]
[426, 945, 253]
[477, 142, -257]
[490, 122, -250]
[499, 122, -250]
[508, 122, -250]
[473, 124, -233]
[468, 125, -233]
[463, 126, -234]
[528, 134, -168]
[468, 136, -87]
[495, 162, -225]
[470, 163, -203]
[595, 250, -151]
[436, 255, 35]
[615, 399, -316]
[392, 371, 46]
[564, 341, -573]
[299, 319, -152]
[549, 335, -624]
[265, 313, -177]
[555, 308, -617]
[268, 299, -202]
[553, 312, -574]
[282, 302, -168]
[544, 529, -56]
[433, 521, 57]
[549, 726, -26]
[446, 720, 175]
[548, 901, 156]
[446, 899, 373]
[558, 926, 168]
[450, 926, 389]
[519, 956, 31]
[432, 947, 256]
[478, 142, -281]
[492, 122, -274]
[501, 122, -274]
[510, 122, -274]
[474, 124, -259]
[469, 124, -259]
[464, 125, -259]
[529, 134, -190]
[469, 136, -118]
[495, 162, -249]
[471, 162, -229]
[594, 249, -170]
[436, 254, 22]
[615, 397, -321]
[393, 373, 50]
[548, 326, -537]
[314, 317, -115]
[508, 318, -582]
[292, 317, -130]
[518, 289, -570]
[288, 298, -145]
[522, 294, -535]
[301, 297, -124]
[545, 527, -57]
[432, 520, 57]
[553, 726, -27]
[445, 720, 177]
[550, 902, 167]
[445, 899, 399]
[559, 926, 180]
[449, 927, 417]
[522, 957, 34]
[431, 947, 280]
[478, 142, -296]
[493, 122, -288]
[501, 122, -288]
[510, 122, -288]
[475, 124, -271]
[470, 124, -271]
[465, 125, -271]
[529, 135, -197]
[469, 136, -117]
[496, 162, -262]
[471, 162, -240]
[594, 249, -177]
[434, 254, 23]
[615, 399, -351]
[393, 376, 14]
[546, 322, -601]
[336, 317, -222]
[507, 307, -653]
[310, 309, -249]
[516, 294, -638]
[306, 289, -261]
[522, 299, -598]
[314, 293, -233]
[545, 527, -58]
[431, 520, 59]
[552, 726, -51]
[444, 720, 175]
[548, 903, 167]
[444, 900, 407]
[558, 927, 181]
[446, 927, 427]
[521, 958, 33]
[429, 950, 282]
[478, 142, -332]
[493, 122, -320]
[502, 122, -320]
[510, 123, -320]
[475, 123, -304]
[470, 124, -304]
[465, 125, -304]
[529, 136, -217]
[469, 136, -139]
[496, 162, -295]
[471, 162, -273]
[588, 251, -198]
[425, 255, 14]
[615, 407, -390]
[381, 376, 19]
[547, 327, -654]
[331, 309, -181]
[510, 307, -708]
[308, 299, -202]
[533, 286, -691]
[314, 289, -217]
[537, 295, -651]
[322, 295, -190]
[545, 528, -63]
[431, 522, 64]
[553, 733, -52]
[444, 729, 181]
[550, 913, 181]
[444, 908, 438]
[559, 937, 197]
[444, 935, 459]
[521, 974, 37]
[431, 963, 307]
[479, 141, -335]
[493, 122, -320]
[502, 122, -320]
[511, 123, -320]
[475, 123, -306]
[470, 123, -306]
[465, 124, -306]
[529, 136, -210]
[469, 135, -142]
[496, 162, -295]
[471, 161, -277]
[585, 251, -189]
[417, 255, 2]
[616, 412, -373]
[381, 386, -68]
[579, 322, -643]
[328, 298, -355]
[564, 303, -696]
[309, 285, -387]
[585, 276, -675]
[310, 264, -390]
[573, 295, -639]
[318, 276, -363]
[545, 529, -64]
[430, 524, 65]
[553, 738, -59]
[444, 736, 197]
[551, 917, 185]
[443, 913, 481]
[559, 943, 201]
[444, 940, 504]
[524, 981, 39]
[432, 969, 353]
[478, 141, -360]
[493, 122, -347]
[502, 122, -347]
[511, 123, -347]
[475, 122, -330]
[470, 123, -330]
[465, 123, -330]
[529, 136, -236]
[469, 135, -157]
[496, 162, -321]
[471, 161, -298]
[586, 254, -215]
[416, 255, -2]
[616, 416, -416]
[382, 390, -13]
[573, 323, -691]
[321, 297, -233]
[571, 314, -747]
[308, 298, -260]
[580, 288, -730]
[308, 278, -292]
[576, 299, -690]
[306, 277, -247]
[545, 531, -69]
[428, 527, 70]
[554, 749, -67]
[443, 745, 205]
[554, 929, 212]
[443, 922, 510]
[562, 956, 232]
[444, 950, 536]
[528, 993, 66]
[434, 982, 376]
[477, 141, -346]
[493, 122, -333]
[502, 122, -333]
[511, 123, -333]
[474, 122, -315]
[470, 123, -315]
[465, 123, -315]
[529, 137, -229]
[469, 135, -146]
[495, 162, -308]
[470, 161, -285]
[585, 257, -210]
[412, 256, 0]
[617, 421, -405]
[378, 392, -39]
[580, 318, -669]
[305, 289, -293]
[568, 303, -722]
[306, 287, -320]
[588, 290, -703]
[306, 267, -325]
[585, 300, -666]
[306, 275, -301]
[544, 532, -70]
[427, 527, 71]
[554, 751, -63]
[443, 749, 213]
[554, 934, 224]
[443, 928, 511]
[563, 963, 243]
[444, 956, 536]
[528, 997, 78]
[435, 988, 376]
[477, 141, -328]
[493, 122, -318]
[502, 122, -318]
[511, 123, -318]
[474, 122, -300]
[469, 123, -300]
[464, 123, -300]
[529, 137, -221]
[468, 135, -137]
[495, 162, -294]
[469, 161, -270]
[586, 258, -202]
[411, 259, 4]
[620, 423, -399]
[375, 396, -18]
[625, 319, -672]
[298, 287, -243]
[620, 296, -725]
[274, 277, -267]
[625, 277, -707]
[284, 261, -275]
[618, 287, -671]
[298, 269, -252]
[545, 534, -70]
[427, 528, 70]
[557, 755, -54]
[441, 756, 212]
[557, 941, 220]
[442, 937, 499]
[565, 970, 238]
[442, 966, 523]
[531, 1005, 73]
[435, 999, 360]
[477, 141, -326]
[493, 122, -314]
[502, 123, -315]
[511, 123, -315]
[473, 122, -299]
[469, 123, -299]
[464, 123, -299]
[529, 137, -218]
[468, 135, -138]
[495, 162, -289]
[469, 161, -268]
[587, 259, -198]
[409, 260, -1]
[621, 426, -274]
[376, 398, -59]
[617, 479, -437]
[319, 362, -366]
[615, 505, -485]
[313, 365, -407]
[609, 489, -495]
[319, 344, -424]
[604, 479, -444]
[328, 346, -381]
[546, 535, -69]
[427, 528, 70]
[557, 760, -52]
[438, 761, 197]
[556, 950, 216]
[441, 949, 492]
[564, 978, 233]
[441, 979, 515]
[530, 1014, 68]
[435, 1009, 314]
[477, 142, -335]
[493, 123, -323]
[502, 123, -323]
[512, 125, -323]
[473, 123, -308]
[468, 124, -308]
[463, 124, -308]
[529, 137, -216]
[467, 136, -141]
[496, 163, -295]
[469, 162, -275]
[588, 259, -196]
[408, 261, -5]
[621, 426, -308]
[371, 395, -91]
[611, 428, -513]
[292, 300, -410]
[604, 434, -564]
[293, 319, -451]
[601, 413, -560]
[297, 300, -463]
[598, 412, -516]
[297, 283, -424]
[547, 535, -69]
[427, 528, 69]
[557, 761, -34]
[437, 762, 200]
[556, 951, 228]
[439, 950, 480]
[564, 980, 245]
[440, 980, 503]
[531, 1016, 73]
[435, 1010, 325]
[478, 142, -329]
[494, 123, -318]
[503, 124, -318]
[512, 125, -318]
[473, 123, -302]
[468, 124, -302]
[463, 124, -302]
[529, 138, -214]
[466, 136, -136]
[496, 163, -291]
[469, 162, -270]
[589, 259, -195]
[409, 261, 8]
[621, 425, -377]
[372, 393, -52]
[591, 331, -635]
[295, 304, -325]
[588, 313, -691]
[283, 288, -357]
[595, 299, -672]
[294, 277, -366]
[592, 308, -633]
[292, 274, -337]
[547, 535, -70]
[427, 528, 71]
[557, 759, -35]
[438, 759, 227]
[558, 947, 221]
[441, 946, 526]
[565, 975, 237]
[441, 975, 551]
[533, 1011, 70]
[435, 1006, 388]
[478, 142, -345]
[494, 123, -335]
[503, 124, -335]
[512, 125, -335]
[473, 123, -318]
[468, 124, -318]
[463, 124, -318]
[529, 138, -235]
[466, 137, -151]
[496, 163, -308]
[469, 163, -284]
[590, 259, -207]
[410, 261, -6]
[621, 425, -375]
[377, 394, -64]
[570, 328, -621]
[296, 305, -344]
[553, 315, -675]
[277, 283, -378]
[577, 314, -660]
[287, 266, -387]
[578, 320, -620]
[290, 269, -355]
[547, 535, -70]
[428, 528, 71]
[557, 759, -54]
[442, 757, 224]
[559, 947, 188]
[448, 944, 509]
[567, 974, 204]
[449, 974, 533]
[535, 1010, 39]
[438, 997, 378]
[478, 142, -343]
[494, 123, -331]
[503, 124, -331]
[512, 125, -331]
[473, 123, -315]
[468, 124, -315]
[463, 124, -315]
[529, 138, -229]
[466, 137, -150]
[496, 163, -304]
[469, 163, -282]
[590, 259, -206]
[411, 261, -8]
[623, 424, -289]
[377, 394, -87]
[612, 440, -470]
[298, 306, -409]
[608, 453, -518]
[275, 287, -451]
[608, 433, -523]
[287, 272, -464]
[604, 428, -475]
[290, 274, -423]
[548, 535, -70]
[429, 528, 70]
[558, 758, -53]
[444, 756, 217]
[560, 944, 187]
[451, 942, 493]
[568, 971, 202]
[453, 972, 513]
[538, 1008, 38]
[439, 995, 353]
[480, 142, -351]
[496, 123, -339]
[504, 124, -339]
[513, 125, -339]
[475, 123, -323]
[470, 124, -323]
[465, 124, -323]
[529, 138, -234]
[468, 137, -156]
[498, 163, -313]
[471, 163, -291]
[591, 259, -205]
[418, 261, -8]
[623, 424, -367]
[381, 394, -2]
[612, 386, -647]
[298, 304, -198]
[603, 369, -702]
[272, 288, -218]
[606, 338, -695]
[281, 271, -232]
[602, 344, -650]
[290, 275, -208]
[548, 535, -69]
[432, 528, 70]
[563, 754, -50]
[452, 753, 216]
[566, 936, 199]
[457, 935, 503]
[573, 962, 216]
[459, 964, 527]
[544, 1000, 57]
[446, 988, 372]
[480, 142, -321]
[496, 123, -312]
[505, 124, -312]
[514, 125, -312]
[476, 123, -294]
[471, 124, -294]
[466, 124, -294]
[529, 138, -223]
[469, 137, -134]
[499, 163, -287]
[472, 163, -262]
[594, 258, -197]
[425, 261, 4]
[622, 420, -359]
[383, 393, -51]
[563, 339, -621]
[301, 305, -366]
[541, 315, -676]
[273, 290, -405]
[573, 296, -673]
[282, 273, -418]
[559, 309, -643]
[291, 277, -380]
[549, 533, -66]
[434, 527, 67]
[564, 747, -46]
[455, 744, 216]
[568, 927, 195]
[459, 925, 498]
[575, 953, 211]
[460, 954, 522]
[544, 989, 57]
[448, 978, 377]
[483, 142, -307]
[498, 123, -298]
[506, 124, -298]
[515, 125, -298]
[478, 123, -281]
[473, 124, -281]
[468, 124, -281]
[530, 138, -205]
[471, 137, -123]
[502, 164, -272]
[474, 163, -249]
[597, 258, -169]
[430, 261, 11]
[628, 409, -332]
[385, 386, 24]
[629, 345, -606]
[301, 308, -168]
[626, 329, -660]
[274, 296, -189]
[635, 307, -656]
[278, 283, -204]
[625, 315, -614]
[288, 286, -179]
[550, 533, -62]
[436, 527, 63]
[565, 741, -40]
[455, 738, 205]
[567, 918, 192]
[457, 916, 468]
[574, 943, 208]
[459, 944, 491]
[543, 981, 57]
[447, 970, 349]
[483, 142, -311]
[498, 123, -302]
[506, 124, -302]
[515, 125, -302]
[478, 123, -282]
[473, 124, -282]
[469, 124, -282]
[530, 138, -224]
[473, 137, -137]
[502, 164, -274]
[475, 163, -251]
[598, 258, -203]
[433, 261, 11]
[622, 409, -363]
[390, 386, 103]
[551, 349, -618]
[301, 316, -14]
[525, 334, -670]
[268, 312, -24]
[533, 314, -663]
[273, 298, -48]
[532, 321, -619]
[282, 299, -26]
[550, 533, -65]
[437, 527, 66]
[563, 742, -36]
[454, 738, 201]
[564, 919, 203]
[457, 917, 455]
[573, 944, 221]
[458, 944, 477]
[536, 981, 79]
[444, 971, 338]
[483, 142, -286]
[498, 123, -283]
[506, 124, -283]
[515, 125, -283]
[478, 123, -263]
[473, 124, -263]
[469, 124, -264]
[530, 138, -215]
[474, 137, -123]
[502, 164, -257]
[475, 163, -231]
[599, 259, -186]
[436, 260, 13]
[621, 409, -299]
[396, 386, 97]
[589, 414, -536]
[301, 327, -35]
[579, 420, -586]
[270, 326, -50]
[581, 394, -593]
[272, 309, -80]
[576, 391, -543]
[283, 309, -51]
[550, 533, -63]
[437, 526, 64]
[560, 742, -26]
[453, 737, 181]
[559, 919, 204]
[453, 917, 408]
[568, 943, 220]
[455, 944, 427]
[531, 979, 82]
[438, 971, 289]
[482, 143, -254]
[497, 123, -251]
[505, 124, -251]
[513, 125, -251]
[478, 124, -233]
[473, 124, -233]
[469, 125, -234]
[530, 138, -184]
[474, 137, -99]
[500, 164, -228]
[475, 164, -203]
[599, 259, -156]
[438, 260, 27]
[621, 408, -287]
[396, 381, 154]
[612, 400, -555]
[290, 335, 89]
[611, 403, -595]
[256, 332, 82]
[617, 376, -623]
[255, 316, 45]
[607, 376, -553]
[269, 318, 72]
[546, 533, -63]
[437, 526, 63]
[545, 739, -28]
[453, 730, 176]
[544, 912, 158]
[451, 909, 358]
[553, 935, 170]
[454, 937, 373]
[514, 966, 49]
[432, 954, 250]
[482, 144, -276]
[496, 124, -271]
[505, 124, -271]
[513, 125, -271]
[478, 125, -255]
[473, 126, -255]
[469, 127, -255]
[530, 139, -194]
[474, 138, -107]
[500, 165, -246]
[475, 165, -223]
[599, 259, -166]
[438, 259, 22]
[624, 409, -294]
[400, 382, 172]
[549, 398, -529]
[291, 348, 128]
[510, 393, -576]
[260, 343, 126]
[516, 369, -575]
[258, 328, 89]
[525, 369, -530]
[272, 330, 112]
[545, 533, -62]
[437, 524, 62]
[546, 736, -5]
[453, 726, 169]
[544, 910, 173]
[449, 908, 356]
[553, 934, 181]
[452, 935, 372]
[516, 965, 72]
[432, 955, 240]
[482, 146, -284]
[496, 125, -279]
[504, 125, -279]
[513, 126, -279]
[478, 126, -263]
[473, 127, -263]
[469, 128, -263]
[530, 139, -201]
[474, 139, -107]
[500, 166, -254]
[475, 166, -230]
[599, 259, -176]
[440, 259, 20]
[623, 410, -303]
[406, 384, 115]
[534, 392, -523]
[307, 364, -11]
[500, 388, -573]
[276, 363, -28]
[504, 364, -567]
[279, 350, -61]
[511, 365, -524]
[281, 349, -29]
[543, 533, -63]
[437, 524, 63]
[545, 737, -9]
[449, 726, 176]
[543, 912, 176]
[445, 908, 370]
[552, 936, 187]
[447, 936, 385]
[512, 967, 54]
[427, 956, 248]
[482, 147, -288]
[496, 127, -282]
[504, 127, -282]
[512, 128, -282]
[478, 128, -266]
[473, 129, -266]
[469, 130, -266]
[530, 141, -200]
[474, 140, -113]
[500, 167, -256]
[474, 167, -233]
[600, 259, -170]
[439, 259, 19]
[622, 410, -274]
[412, 387, 109]
[532, 395, -483]
[350, 402, -30]
[502, 392, -536]
[337, 420, -52]
[507, 368, -530]
[328, 399, -89]
[513, 368, -484]
[336, 393, -50]
[543, 533, -63]
[439, 523, 63]
[547, 735, -5]
[454, 725, 171]
[544, 910, 179]
[447, 906, 356]
[554, 934, 192]
[450, 934, 370]
[513, 964, 55]
[429, 953, 235]
[481, 148, -271]
[495, 127, -268]
[503, 127, -269]
[511, 128, -269]
[477, 129, -252]
[473, 129, -252]
[469, 130, -252]
[529, 141, -198]
[474, 141, -114]
[499, 168, -243]
[474, 167, -220]
[601, 259, -173]
[439, 259, 21]
[622, 412, -273]
[409, 388, 139]
[530, 397, -479]
[345, 393, 39]
[499, 396, -529]
[321, 407, 25]
[504, 372, -524]
[314, 387, -15]
[511, 371, -480]
[330, 383, 19]
[543, 533, -63]
[439, 523, 63]
[548, 735, -1]
[454, 725, 172]
[545, 911, 193]
[447, 907, 359]
[554, 935, 206]
[449, 935, 374]
[514, 965, 74]
[428, 955, 242]
[481, 148, -278]
[494, 128, -269]
[502, 128, -269]
[510, 129, -269]
[477, 130, -254]
[472, 131, -254]
[468, 131, -254]
[529, 141, -214]
[473, 142, -127]
[499, 168, -244]
[474, 168, -223]
[602, 261, -184]
[439, 259, 3]
[622, 420, -276]
[408, 391, 118]
[536, 408, -473]
[333, 398, -14]
[507, 412, -521]
[301, 403, -32]
[513, 384, -521]
[286, 389, -65]
[519, 382, -476]
[302, 388, -33]
[543, 533, -61]
[439, 523, 62]
[548, 735, 3]
[454, 726, 172]
[545, 911, 201]
[444, 908, 359]
[554, 935, 215]
[447, 937, 374]
[514, 967, 83]
[423, 956, 241]
[480, 148, -269]
[494, 128, -266]
[502, 128, -266]
[510, 128, -266]
[477, 130, -250]
[472, 130, -250]
[467, 131, -250]
[530, 141, -207]
[472, 142, -126]
[499, 168, -241]
[474, 168, -219]
[603, 261, -185]
[438, 259, 3]
[621, 421, -232]
[404, 392, 142]
[525, 435, -348]
[330, 413, 78]
[503, 468, -384]
[298, 436, 72]
[501, 444, -385]
[286, 420, 33]
[506, 435, -349]
[301, 416, 60]
[543, 533, -61]
[439, 523, 62]
[547, 737, 0]
[451, 727, 169]
[540, 912, 200]
[439, 911, 351]
[549, 936, 214]
[442, 941, 366]
[508, 969, 86]
[413, 958, 238]
[480, 147, -234]
[493, 127, -233]
[501, 127, -233]
[510, 127, -233]
[476, 129, -216]
[471, 130, -216]
[466, 131, -216]
[530, 140, -176]
[472, 141, -92]
[498, 167, -210]
[473, 167, -186]
[602, 261, -178]
[437, 259, 42]
[620, 417, -221]
[404, 392, 199]
[521, 448, -335]
[326, 428, 167]
[504, 480, -372]
[300, 446, 166]
[494, 456, -374]
[292, 432, 130]
[500, 446, -336]
[300, 426, 150]
[543, 533, -64]
[438, 523, 64]
[545, 738, -4]
[444, 728, 166]
[536, 915, 200]
[431, 913, 346]
[544, 939, 213]
[433, 943, 361]
[502, 973, 85]
[410, 962, 235]
[477, 146, -245]
[492, 126, -243]
[500, 126, -243]
[509, 126, -244]
[475, 128, -225]
[470, 129, -225]
[465, 130, -225]
[530, 140, -182]
[471, 140, -94]
[496, 166, -219]
[471, 166, -194]
[602, 261, -184]
[436, 259, 38]
[618, 417, -214]
[403, 393, 159]
[507, 474, -283]
[332, 445, 104]
[478, 499, -321]
[314, 469, 75]
[471, 488, -322]
[308, 454, 16]
[479, 475, -283]
[320, 445, 67]
[543, 533, -67]
[438, 523, 68]
[545, 744, -13]
[443, 735, 179]
[537, 925, 183]
[432, 919, 347]
[546, 952, 196]
[434, 949, 365]
[504, 982, 67]
[410, 970, 250]
[476, 146, -241]
[490, 126, -244]
[498, 125, -244]
[508, 126, -244]
[473, 128, -223]
[468, 129, -223]
[464, 130, -223]
[530, 139, -186]
[471, 140, -96]
[495, 166, -221]
[470, 166, -192]
[602, 260, -206]
[436, 260, 36]
[617, 420, -229]
[398, 401, 140]
[501, 487, -287]
[304, 449, 70]
[472, 511, -322]
[276, 469, 39]
[467, 504, -320]
[270, 455, 1]
[475, 492, -285]
[288, 449, 61]
[543, 534, -72]
[437, 523, 72]
[539, 755, -13]
[436, 746, 179]
[530, 942, 189]
[425, 935, 351]
[540, 970, 202]
[428, 965, 365]
[494, 996, 78]
[399, 988, 241]
[475, 146, -248]
[489, 126, -249]
[497, 125, -249]
[506, 125, -249]
[472, 128, -229]
[467, 129, -229]
[463, 130, -229]
[529, 139, -187]
[470, 140, -100]
[494, 166, -226]
[469, 166, -198]
[602, 260, -204]
[435, 260, 33]
[617, 418, -226]
[397, 401, 133]
[510, 500, -295]
[308, 459, 52]
[483, 526, -335]
[277, 477, 17]
[471, 514, -338]
[271, 463, -38]
[477, 502, -296]
[291, 456, 21]
[541, 534, -73]
[436, 522, 73]
[533, 754, -24]
[428, 746, 161]
[518, 938, 189]
[413, 934, 331]
[527, 966, 203]
[417, 964, 345]
[480, 993, 78]
[386, 985, 218]
[474, 145, -254]
[488, 125, -256]
[496, 125, -256]
[505, 125, -256]
[471, 127, -234]
[466, 128, -234]
[462, 129, -234]
[529, 139, -195]
[470, 140, -100]
[493, 165, -231]
[468, 166, -201]
[602, 261, -203]
[433, 259, 31]
[617, 417, -227]
[397, 401, 133]
[513, 507, -318]
[333, 471, 29]
[488, 533, -361]
[307, 494, 7]
[480, 517, -367]
[303, 478, -41]
[485, 507, -320]
[313, 482, 7]
[542, 534, -72]
[436, 521, 73]
[534, 754, -42]
[428, 745, 133]
[520, 936, 190]
[416, 932, 311]
[529, 963, 206]
[420, 961, 325]
[485, 992, 78]
[390, 984, 189]
[474, 145, -258]
[488, 125, -259]
[496, 124, -259]
[505, 125, -260]
[471, 127, -238]
[466, 128, -238]
[462, 129, -238]
[529, 139, -200]
[470, 139, -103]
[493, 165, -235]
[468, 166, -205]
[602, 260, -204]
[431, 259, 23]
[617, 416, -232]
[397, 401, 115]
[516, 519, -319]
[341, 484, -7]
[489, 547, -364]
[319, 507, -27]
[484, 529, -366]
[315, 489, -74]
[490, 517, -320]
[322, 496, -30]
[540, 534, -75]
[430, 521, 76]
[526, 755, -35]
[417, 745, 146]
[510, 941, 200]
[405, 932, 332]
[518, 968, 216]
[409, 962, 346]
[476, 997, 79]
[382, 986, 213]
[473, 145, -246]
[487, 125, -246]
[495, 124, -246]
[505, 124, -246]
[470, 127, -227]
[465, 128, -227]
[461, 129, -227]
[529, 139, -189]
[468, 139, -97]
[492, 165, -222]
[467, 166, -195]
[601, 258, -201]
[429, 259, 27]
[616, 413, -212]
[397, 401, 126]
[519, 528, -276]
[340, 488, 21]
[509, 559, -315]
[320, 512, 7]
[488, 554, -320]
[315, 506, -36]
[492, 530, -278]
[324, 502, 0]
[540, 535, -75]
[428, 521, 76]
[528, 754, -33]
[419, 744, 150]
[512, 940, 201]
[406, 931, 320]
[520, 968, 216]
[408, 961, 334]
[478, 997, 83]
[385, 985, 200]
[471, 142, -249]
[485, 123, -249]
[493, 123, -249]
[503, 123, -249]
[468, 125, -230]
[464, 126, -230]
[459, 127, -230]
[529, 138, -190]
[468, 138, -99]
[489, 163, -226]
[465, 164, -199]
[599, 257, -201]
[426, 258, 22]
[613, 412, -219]
[398, 401, 104]
[524, 537, -295]
[340, 492, -20]
[520, 586, -337]
[318, 518, -39]
[493, 573, -347]
[313, 512, -83]
[493, 537, -299]
[325, 506, -42]
[535, 536, -75]
[424, 523, 75]
[521, 755, -49]
[412, 742, 143]
[508, 940, 161]
[403, 930, 310]
[516, 968, 174]
[407, 960, 322]
[475, 996, 41]
[383, 983, 190]
[470, 140, -259]
[485, 121, -256]
[493, 121, -257]
[502, 121, -257]
[467, 123, -237]
[462, 124, -237]
[458, 125, -237]
[528, 136, -193]
[466, 137, -101]
[489, 161, -234]
[464, 162, -206]
[598, 256, -205]
[425, 258, 29]
[611, 411, -219]
[399, 401, 108]
[534, 541, -318]
[338, 496, -25]
[529, 592, -360]
[315, 516, -45]
[501, 579, -353]
[313, 507, -93]
[504, 544, -321]
[322, 509, -49]
[531, 537, -80]
[421, 525, 80]
[507, 764, -79]
[392, 743, 119]
[492, 949, 155]
[385, 932, 287]
[499, 977, 169]
[389, 961, 298]
[462, 1004, 27]
[367, 986, 153]
[468, 139, -259]
[483, 120, -257]
[491, 120, -257]
[501, 120, -257]
[465, 121, -236]
[460, 122, -236]
[456, 123, -236]
[527, 136, -194]
[465, 135, -95]
[487, 159, -234]
[462, 160, -205]
[595, 255, -218]
[425, 256, 49]
[609, 411, -247]
[399, 400, 122]
[540, 550, -322]
[344, 496, -24]
[533, 600, -367]
[319, 518, -43]
[505, 588, -368]
[322, 510, -87]
[507, 567, -326]
[330, 511, -47]
[529, 538, -87]
[420, 526, 88]
[508, 765, -64]
[395, 745, 133]
[493, 953, 165]
[389, 936, 303]
[500, 981, 179]
[392, 965, 315]
[461, 1006, 37]
[368, 990, 170]
[466, 136, -250]
[481, 118, -251]
[489, 118, -251]
[499, 118, -251]
[463, 119, -229]
[459, 119, -229]
[454, 120, -229]
[526, 134, -195]
[464, 132, -92]
[485, 157, -229]
[461, 158, -199]
[595, 255, -214]
[424, 256, 43]
[609, 411, -240]
[399, 400, 106]
[547, 555, -302]
[349, 500, -50]
[540, 605, -346]
[324, 523, -71]
[513, 593, -357]
[330, 525, -114]
[513, 573, -307]
[338, 517, -73]
[526, 539, -85]
[419, 526, 85]
[508, 764, -62]
[395, 745, 124]
[492, 951, 158]
[385, 935, 278]
[499, 979, 171]
[388, 964, 288]
[457, 1004, 32]
[361, 989, 146]
[465, 134, -255]
[480, 117, -255]
[489, 117, -255]
[498, 117, -255]
[462, 117, -234]
[458, 118, -234]
[453, 118, -234]
[526, 133, -199]
[464, 131, -101]
[484, 156, -234]
[460, 156, -205]
[595, 255, -212]
[424, 255, 21]
[608, 411, -234]
[399, 399, 94]
[551, 554, -309]
[354, 502, -44]
[545, 605, -354]
[330, 525, -65]
[520, 594, -365]
[336, 528, -110]
[519, 574, -315]
[346, 519, -67]
[526, 539, -83]
[418, 526, 84]
[509, 763, -58]
[397, 745, 118]
[493, 950, 160]
[387, 935, 281]
[500, 978, 174]
[390, 964, 292]
[461, 1003, 34]
[363, 988, 153]
[464, 134, -256]
[479, 116, -255]
[488, 116, -255]
[497, 117, -255]
[461, 117, -235]
[456, 117, -235]
[451, 117, -235]
[525, 133, -199]
[462, 130, -107]
[482, 155, -234]
[458, 155, -207]
[594, 255, -210]
[422, 254, 9]
[606, 412, -230]
[399, 400, 79]
[554, 556, -307]
[353, 506, -58]
[548, 608, -352]
[330, 528, -79]
[525, 597, -366]
[333, 530, -124]
[522, 577, -314]
[342, 523, -80]
[527, 539, -82]
[418, 526, 82]
[510, 763, -35]
[398, 745, 124]
[494, 949, 165]
[389, 934, 291]
[501, 976, 175]
[393, 964, 302]
[463, 1003, 36]
[368, 987, 164]
[464, 134, -256]
[480, 116, -255]
[488, 116, -255]
[497, 117, -255]
[461, 116, -236]
[456, 117, -236]
[451, 117, -236]
[524, 132, -195]
[461, 129, -107]
[482, 154, -234]
[458, 155, -208]
[594, 255, -197]
[421, 254, 4]
[605, 413, -208]
[398, 400, 76]
[559, 555, -287]
[361, 508, -53]
[557, 606, -330]
[349, 535, -76]
[534, 597, -347]
[349, 535, -119]
[530, 577, -295]
[358, 525, -75]
[527, 539, -75]
[417, 526, 76]
[510, 763, -33]
[400, 745, 120]
[495, 948, 175]
[392, 936, 277]
[502, 976, 186]
[396, 966, 288]
[463, 1003, 42]
[370, 988, 145]
