[319, 52, -88]
[322, 47, -84]
[325, 47, -84]
[327, 46, -84]
[315, 47, -84]
[313, 47, -84]
[311, 47, -84]
[329, 48, -51]
[309, 49, -51]
[324, 58, -75]
[315, 59, -75]
[349, 84, -25]
[292, 83, -26]
[357, 122, -5]
[283, 121, -9]
[359, 157, -29]
[283, 155, -33]
[362, 166, -36]
[280, 166, -41]
[360, 167, -46]
[284, 166, -52]
[358, 164, -34]
[286, 162, -38]
[337, 165, -1]
[306, 165, 1]
[337, 223, -5]
[307, 226, 0]
[336, 279, 43]
[310, 278, 46]
[334, 285, 44]
[313, 284, 48]
[336, 299, 3]
[307, 298, 8]
[319, 52, -99]
[323, 47, -93]
[325, 46, -93]
[327, 46, -93]
[316, 47, -94]
[313, 47, -94]
[311, 47, -94]
[329, 48, -55]
[309, 50, -59]
[324, 58, -84]
[315, 59, -85]
[349, 83, -25]
[292, 83, -24]
[357, 122, 12]
[286, 121, 21]
[359, 157, 5]
[287, 155, 28]
[362, 166, 2]
[286, 166, 27]
[360, 167, -9]
[289, 165, 16]
[358, 164, 1]
[290, 162, 24]
[338, 166, -2]
[307, 166, 2]
[337, 225, -8]
[307, 226, 4]
[336, 280, 48]
[310, 278, 71]
[334, 286, 50]
[313, 285, 75]
[336, 300, 7]
[307, 299, 34]
[319, 52, -102]
[323, 46, -96]
[325, 46, -96]
[327, 46, -96]
[316, 47, -97]
[313, 47, -97]
[311, 47, -97]
[329, 48, -58]
[308, 50, -62]
[324, 58, -87]
[315, 59, -88]
[349, 83, -26]
[292, 83, -24]
[357, 122, 12]
[286, 121, 25]
[360, 157, 7]
[287, 155, 37]
[362, 165, 4]
[287, 166, 37]
[360, 166, -7]
[289, 165, 26]
[358, 163, 2]
[290, 162, 33]
[338, 166, -2]
[307, 166, 2]
[337, 225, -8]
[307, 227, 4]
[336, 281, 50]
[310, 279, 70]
[334, 286, 53]
[313, 286, 73]
[336, 300, 10]
[307, 299, 32]
[320, 52, -102]
[323, 46, -96]
[325, 46, -96]
[327, 46, -96]
[316, 47, -97]
[313, 47, -97]
[311, 47, -97]
[329, 48, -58]
[308, 50, -62]
[324, 58, -87]
[316, 58, -88]
[349, 83, -27]
[292, 83, -24]
[357, 121, 12]
[286, 121, 24]
[360, 157, 8]
[287, 155, 32]
[361, 165, 6]
[287, 166, 32]
[360, 165, -5]
[289, 165, 20]
[358, 163, 4]
[290, 162, 28]
[339, 165, -3]
[307, 166, 3]
[337, 225, -10]
[308, 227, 3]
[336, 281, 47]
[310, 279, 64]
[334, 287, 50]
[313, 286, 67]
[336, 301, 6]
[308, 299, 27]
[320, 52, -103]
[323, 46, -98]
[325, 46, -98]
[327, 46, -98]
[316, 47, -98]
[313, 47, -98]
[311, 47, -98]
[329, 48, -59]
[308, 50, -63]
[324, 58, -88]
[316, 58, -89]
[349, 83, -28]
[292, 83, -24]
[357, 121, 11]
[286, 121, 23]
[360, 156, 7]
[287, 155, 29]
[361, 165, 4]
[287, 166, 28]
[359, 165, -7]
[289, 165, 17]
[358, 162, 2]
[291, 162, 25]
[339, 165, -3]
[307, 166, 3]
[337, 225, -10]
[308, 227, 3]
[337, 281, 46]
[310, 279, 62]
[334, 287, 48]
[313, 286, 66]
[336, 301, 5]
[308, 299, 26]
[320, 52, -103]
[323, 46, -98]
[325, 46, -98]
[327, 46, -98]
[316, 47, -99]
[314, 47, -99]
[311, 47, -99]
[329, 48, -59]
[308, 50, -62]
[324, 58, -88]
[316, 58, -89]
[349, 83, -28]
[292, 83, -23]
[357, 120, 11]
[286, 121, 23]
[360, 155, 5]
[287, 154, 25]
[361, 165, 2]
[286, 165, 24]
[359, 164, -9]
[289, 164, 11]
[357, 161, 1]
[291, 161, 21]
[339, 165, -4]
[307, 166, 4]
[337, 225, -11]
[308, 227, 1]
[337, 281, 44]
[310, 279, 61]
[334, 287, 47]
[313, 286, 64]
[336, 301, 3]
[308, 299, 24]
[320, 52, -102]
[323, 46, -97]
[325, 46, -97]
[327, 46, -97]
[316, 47, -98]
[314, 47, -98]
[311, 47, -98]
[329, 48, -59]
[308, 50, -61]
[324, 58, -87]
[316, 58, -88]
[349, 82, -28]
[292, 83, -22]
[357, 120, 12]
[286, 120, 25]
[360, 154, 7]
[287, 153, 28]
[361, 163, 4]
[286, 164, 26]
[359, 163, -7]
[289, 163, 14]
[357, 159, 3]
[290, 160, 23]
[339, 165, -4]
[307, 166, 4]
[337, 225, -12]
[308, 227, 0]
[337, 281, 44]
[310, 279, 60]
[334, 287, 46]
[313, 286, 63]
[336, 301, 3]
[308, 300, 23]
[320, 52, -101]
[323, 46, -96]
[325, 46, -96]
[327, 46, -96]
[316, 47, -97]
[314, 47, -97]
[311, 47, -97]
[329, 49, -58]
[308, 50, -61]
[324, 58, -86]
[316, 58, -87]
[349, 82, -26]
[292, 83, -21]
[357, 119, 16]
[286, 120, 28]
[360, 152, 13]
[287, 152, 37]
[361, 161, 11]
[286, 163, 37]
[359, 161, 0]
[289, 162, 25]
[357, 158, 9]
[290, 158, 33]
[339, 165, -4]
[307, 166, 4]
[337, 225, -11]
[308, 227, 0]
[337, 281, 44]
[310, 279, 62]
[334, 288, 46]
[313, 287, 66]
[336, 301, 3]
[308, 300, 26]
[320, 52, -101]
[323, 47, -96]
[325, 47, -96]
[327, 46, -96]
[316, 47, -97]
[314, 47, -97]
[311, 47, -97]
[329, 49, -57]
[308, 50, -60]
[324, 58, -86]
[316, 58, -87]
[349, 82, -24]
[292, 82, -20]
[357, 118, 19]
[286, 119, 29]
[360, 150, 17]
[285, 150, 36]
[361, 158, 15]
[285, 159, 36]
[359, 157, 3]
[288, 158, 24]
[357, 155, 12]
[289, 155, 32]
[339, 164, -4]
[307, 166, 4]
[337, 225, -11]
[308, 227, 0]
[337, 281, 44]
[310, 279, 63]
[334, 288, 46]
[313, 287, 67]
[336, 301, 3]
[308, 300, 27]
[320, 52, -100]
[323, 47, -95]
[325, 47, -95]
[327, 47, -95]
[316, 47, -96]
[314, 47, -96]
[311, 47, -96]
[329, 49, -56]
[308, 50, -59]
[324, 58, -85]
[316, 58, -86]
[349, 82, -23]
[292, 82, -20]
[357, 117, 22]
[285, 118, 33]
[360, 148, 23]
[285, 149, 48]
[361, 156, 22]
[285, 159, 49]
[359, 155, 10]
[288, 158, 38]
[357, 153, 18]
[289, 155, 44]
[339, 165, -4]
[307, 166, 4]
[337, 225, -11]
[308, 227, 0]
[337, 281, 44]
[310, 279, 67]
[334, 288, 47]
[313, 287, 71]
[336, 301, 4]
[308, 300, 32]
[320, 52, -90]
[323, 47, -85]
[325, 47, -85]
[327, 47, -85]
[316, 47, -86]
[314, 47, -86]
[312, 47, -86]
[329, 49, -47]
[308, 50, -51]
[324, 58, -76]
[316, 58, -77]
[349, 82, -14]
[292, 82, -16]
[357, 117, 28]
[285, 118, 31]
[360, 147, 25]
[285, 148, 42]
[361, 154, 23]
[285, 156, 42]
[360, 153, 11]
[288, 155, 31]
[358, 151, 21]
[289, 153, 39]
[339, 165, -3]
[307, 166, 3]
[337, 225, -11]
[308, 227, 1]
[337, 281, 44]
[310, 279, 70]
[334, 288, 47]
[313, 287, 74]
[336, 301, 4]
[308, 300, 34]
[320, 52, -91]
[323, 47, -86]
[325, 47, -86]
[327, 47, -86]
[316, 47, -86]
[314, 47, -86]
[312, 47, -86]
[329, 49, -48]
[309, 50, -51]
[324, 58, -76]
[316, 58, -77]
[349, 82, -16]
[292, 82, -17]
[357, 117, 26]
[285, 117, 29]
[361, 145, 22]
[284, 146, 37]
[362, 153, 21]
[284, 154, 37]
[361, 152, 9]
[287, 152, 25]
[363, 150, 18]
[288, 150, 33]
[339, 165, -3]
[307, 166, 3]
[337, 225, -10]
[308, 227, 1]
[337, 281, 44]
[310, 279, 67]
[334, 288, 47]
[313, 287, 71]
[336, 301, 4]
[308, 300, 31]
[320, 52, -92]
[323, 47, -87]
[325, 47, -87]
[327, 47, -87]
[316, 47, -88]
[314, 47, -88]
[312, 48, -88]
[329, 49, -50]
[309, 50, -51]
[324, 58, -78]
[316, 59, -79]
[349, 82, -17]
[292, 82, -20]
[358, 117, 26]
[285, 117, 26]
[362, 143, 20]
[285, 143, 36]
[365, 149, 18]
[285, 152, 35]
[370, 149, 6]
[288, 150, 24]
[367, 146, 15]
[289, 147, 32]
[339, 165, -2]
[307, 166, 2]
[337, 225, -8]
[308, 227, 2]
[337, 281, 47]
[310, 279, 70]
[334, 288, 50]
[313, 287, 74]
[336, 301, 6]
[308, 300, 34]
[320, 52, -87]
[323, 47, -81]
[325, 47, -81]
[327, 47, -81]
[316, 47, -82]
[314, 47, -82]
[312, 48, -82]
[329, 49, -43]
[309, 50, -44]
[324, 58, -72]
[316, 59, -72]
[349, 82, -12]
[292, 82, -12]
[358, 115, 22]
[284, 116, 29]
[362, 138, -6]
[284, 139, 33]
[366, 143, -13]
[283, 148, 28]
[368, 141, -25]
[287, 146, 17]
[368, 139, -12]
[288, 143, 28]
[339, 165, -3]
[307, 166, 3]
[337, 225, -8]
[308, 227, 2]
[337, 281, 49]
[310, 279, 69]
[334, 288, 52]
[313, 287, 73]
[336, 301, 7]
[308, 300, 32]
[320, 53, -83]
[323, 47, -78]
[325, 47, -78]
[327, 47, -78]
[316, 47, -78]
[314, 47, -78]
[312, 48, -78]
[329, 49, -39]
[309, 50, -39]
[324, 58, -68]
[316, 59, -68]
[349, 82, -12]
[292, 82, -10]
[358, 116, -3]
[284, 116, 9]
[373, 136, -56]
[284, 139, -22]
[371, 142, -68]
[282, 147, -32]
[377, 139, -80]
[286, 145, -44]
[374, 136, -62]
[288, 143, -28]
[339, 165, -2]
[307, 166, 3]
[337, 225, -8]
[308, 227, 4]
[337, 281, 48]
[310, 279, 69]
[334, 288, 51]
[313, 287, 72]
[336, 301, 6]
[308, 300, 31]
[320, 53, -85]
[323, 47, -79]
[325, 47, -79]
[327, 47, -79]
[316, 47, -79]
[314, 47, -79]
[312, 48, -79]
[329, 49, -40]
[309, 50, -39]
[324, 58, -70]
[316, 59, -69]
[349, 82, -14]
[292, 82, -9]
[358, 116, -17]
[284, 116, 1]
[373, 133, -79]
[284, 136, -45]
[369, 139, -92]
[282, 144, -57]
[375, 135, -104]
[285, 140, -68]
[373, 133, -85]
[288, 139, -51]
[339, 165, -2]
[307, 166, 3]
[337, 225, -7]
[308, 227, 5]
[337, 281, 50]
[310, 279, 69]
[334, 288, 53]
[313, 287, 72]
[336, 301, 6]
[308, 300, 31]
[320, 53, -84]
[323, 47, -78]
[325, 47, -78]
[327, 47, -78]
[316, 47, -78]
[314, 47, -78]
[312, 48, -78]
[329, 49, -39]
[309, 50, -36]
[324, 58, -69]
[316, 59, -68]
[349, 82, -15]
[292, 82, -7]
[358, 117, -29]
[284, 117, -13]
[372, 130, -101]
[284, 131, -82]
[369, 134, -118]
[282, 139, -97]
[367, 130, -127]
[286, 135, -107]
[364, 129, -107]
[288, 132, -88]
[339, 166, -2]
[307, 166, 3]
[337, 225, -5]
[308, 227, 5]
[337, 281, 54]
[310, 279, 69]
[334, 288, 57]
[313, 287, 73]
[336, 301, 9]
[309, 300, 31]
[320, 53, -83]
[323, 47, -77]
[325, 47, -77]
[327, 47, -77]
[316, 47, -76]
[314, 47, -76]
[312, 48, -76]
[329, 49, -35]
[309, 50, -34]
[324, 58, -67]
[316, 59, -66]
[349, 82, -11]
[293, 82, -5]
[358, 119, -30]
[284, 118, -24]
[370, 127, -110]
[283, 128, -108]
[369, 130, -128]
[279, 135, -125]
[367, 127, -136]
[284, 131, -134]
[369, 124, -116]
[286, 128, -114]
[339, 166, -2]
[307, 166, 2]
[337, 225, -5]
[308, 227, 5]
[337, 281, 53]
[310, 279, 69]
[334, 288, 56]
[313, 287, 72]
[336, 301, 8]
[309, 300, 28]
[320, 53, -84]
[323, 47, -78]
[325, 47, -78]
[327, 47, -78]
[316, 47, -78]
[314, 47, -78]
[312, 48, -78]
[329, 49, -37]
[309, 51, -36]
[324, 58, -69]
[316, 59, -68]
[349, 83, -12]
[293, 82, -8]
[358, 121, -31]
[283, 120, -28]
[371, 127, -110]
[282, 127, -112]
[373, 129, -127]
[278, 132, -129]
[373, 125, -136]
[281, 127, -138]
[377, 122, -116]
[284, 125, -118]
[338, 167, -2]
[307, 167, 2]
[337, 226, -5]
[308, 227, 6]
[337, 281, 57]
[310, 279, 71]
[334, 288, 60]
[313, 287, 74]
[336, 301, 13]
[309, 300, 29]
[320, 53, -85]
[323, 47, -79]
[325, 47, -79]
[327, 47, -79]
[316, 47, -79]
[314, 47, -79]
[312, 48, -79]
[329, 49, -38]
[309, 51, -37]
[324, 58, -69]
[316, 59, -69]
[349, 83, -13]
[293, 82, -8]
[358, 122, -32]
[283, 120, -29]
[372, 126, -112]
[281, 126, -114]
[375, 128, -130]
[277, 131, -131]
[380, 122, -139]
[280, 126, -139]
[378, 121, -118]
[283, 124, -120]
[338, 167, -1]
[307, 167, 2]
[337, 226, -4]
[308, 227, 5]
[337, 281, 58]
[310, 279, 70]
[334, 288, 61]
[313, 287, 74]
[336, 301, 15]
[309, 300, 29]
[320, 53, -85]
[323, 47, -79]
[325, 47, -79]
[327, 47, -79]
[316, 47, -79]
[314, 47, -79]
[312, 48, -79]
[329, 49, -38]
[309, 51, -38]
[324, 58, -70]
[316, 59, -70]
[349, 83, -13]
[293, 82, -8]
[358, 122, -31]
[282, 121, -31]
[376, 126, -110]
[281, 125, -117]
[380, 126, -127]
[277, 127, -134]
[386, 121, -136]
[279, 122, -142]
[381, 120, -116]
[283, 121, -123]
[338, 167, -1]
[307, 167, 1]
[337, 226, -5]
[308, 227, 5]
[337, 281, 58]
[310, 279, 70]
[334, 288, 61]
[313, 287, 73]
[336, 301, 15]
[309, 300, 29]
[320, 53, -86]
[323, 47, -80]
[325, 47, -80]
[327, 47, -80]
[316, 47, -79]
[314, 48, -79]
[312, 48, -79]
[329, 49, -38]
[309, 51, -37]
[324, 58, -70]
[316, 59, -70]
[349, 83, -13]
[293, 82, -7]
[358, 122, -35]
[281, 121, -30]
[372, 123, -119]
[281, 123, -120]
[376, 124, -137]
[277, 125, -138]
[375, 117, -144]
[279, 120, -145]
[379, 117, -124]
[283, 119, -126]
[338, 167, -1]
[307, 167, 1]
[337, 226, -5]
[308, 228, 4]
[337, 281, 58]
[310, 279, 68]
[334, 287, 62]
[313, 287, 72]
[336, 301, 15]
[309, 300, 27]
[320, 53, -95]
[323, 47, -89]
[325, 47, -89]
[327, 47, -89]
[316, 47, -89]
[314, 48, -89]
[312, 48, -89]
[329, 49, -46]
[309, 51, -46]
[324, 58, -79]
[316, 59, -79]
[349, 83, -19]
[293, 82, -15]
[360, 123, -45]
[281, 122, -46]
[374, 121, -129]
[281, 118, -138]
[375, 120, -147]
[279, 120, -156]
[377, 114, -153]
[281, 115, -161]
[377, 114, -134]
[284, 114, -143]
[338, 167, -1]
[307, 167, 1]
[337, 226, -5]
[308, 228, 7]
[337, 281, 57]
[310, 279, 71]
[334, 287, 61]
[313, 287, 74]
[336, 301, 14]
[309, 300, 30]
[320, 53, -98]
[323, 47, -92]
[325, 47, -92]
[327, 47, -92]
[316, 47, -92]
[314, 48, -92]
[312, 48, -92]
[329, 49, -49]
[309, 51, -50]
[324, 58, -82]
[316, 59, -82]
[349, 83, -20]
[293, 82, -20]
[361, 123, -49]
[280, 122, -54]
[376, 117, -135]
[282, 114, -147]
[374, 115, -152]
[281, 117, -165]
[378, 109, -157]
[283, 112, -169]
[376, 109, -139]
[285, 111, -151]
[338, 167, -1]
[307, 167, 1]
[337, 226, -5]
[308, 228, 9]
[337, 281, 57]
[310, 279, 75]
[334, 287, 60]
[313, 286, 79]
[336, 301, 14]
[309, 300, 36]
[320, 53, -106]
[323, 47, -100]
[325, 47, -100]
[327, 47, -100]
[316, 47, -100]
[314, 48, -100]
[312, 48, -100]
[329, 49, -57]
[309, 51, -57]
[324, 58, -89]
[316, 59, -90]
[349, 83, -27]
[293, 82, -27]
[361, 123, -59]
[280, 122, -61]
[379, 115, -144]
[282, 113, -154]
[383, 112, -161]
[281, 113, -172]
[383, 106, -166]
[283, 107, -175]
[380, 107, -148]
[285, 106, -158]
[338, 167, -1]
[307, 167, 2]
[337, 226, -4]
[308, 228, 11]
[337, 281, 61]
[310, 279, 79]
[334, 287, 65]
[313, 286, 83]
[336, 301, 19]
[309, 300, 40]
[320, 53, -100]
[323, 47, -94]
[325, 47, -94]
[327, 47, -94]
[316, 47, -94]
[314, 47, -94]
[312, 48, -94]
[329, 49, -52]
[309, 51, -52]
[324, 58, -84]
[316, 59, -84]
[349, 82, -24]
[293, 82, -22]
[361, 123, -56]
[282, 122, -55]
[379, 112, -140]
[284, 114, -147]
[380, 110, -157]
[282, 114, -164]
[382, 104, -161]
[284, 108, -168]
[377, 105, -144]
[286, 107, -151]
[338, 166, -1]
[307, 167, 2]
[337, 226, -4]
[308, 228, 11]
[337, 281, 60]
[310, 279, 80]
[334, 287, 64]
[313, 286, 85]
[336, 301, 18]
[309, 300, 41]
[320, 53, -90]
[323, 47, -83]
[325, 47, -83]
[327, 47, -83]
[316, 47, -84]
[314, 47, -84]
[312, 48, -84]
[329, 49, -39]
[309, 50, -41]
[324, 58, -73]
[316, 59, -74]
[349, 82, -14]
[293, 82, -16]
[361, 122, -47]
[285, 120, -50]
[365, 110, -128]
[286, 115, -140]
[377, 109, -144]
[284, 114, -157]
[376, 103, -148]
[285, 108, -161]
[371, 103, -131]
[287, 108, -144]
[338, 166, -1]
[307, 167, 1]
[337, 226, -4]
[308, 228, 10]
[337, 281, 61]
[310, 278, 82]
[334, 287, 65]
[313, 286, 86]
[336, 301, 18]
[309, 300, 43]
[320, 53, -94]
[323, 47, -87]
[325, 47, -87]
[327, 47, -87]
[316, 47, -87]
[314, 47, -87]
[312, 48, -87]
[329, 49, -43]
[309, 50, -44]
[324, 58, -77]
[316, 59, -77]
[349, 82, -18]
[293, 82, -20]
[361, 122, -55]
[285, 118, -57]
[361, 108, -136]
[286, 115, -146]
[370, 106, -153]
[292, 112, -163]
[369, 100, -155]
[285, 107, -166]
[358, 101, -139]
[287, 107, -149]
[338, 166, -1]
[307, 167, 1]
[337, 226, -3]
[308, 228, 12]
[337, 280, 64]
[310, 278, 84]
[334, 287, 68]
[313, 286, 89]
[336, 301, 22]
[309, 300, 45]
[320, 53, -101]
[323, 47, -94]
[325, 47, -94]
[327, 47, -94]
[316, 47, -95]
[314, 47, -95]
[311, 48, -95]
[329, 49, -50]
[308, 50, -52]
[324, 58, -84]
[316, 59, -85]
[349, 82, -22]
[293, 82, -25]
[362, 122, -57]
[285, 119, -62]
[381, 108, -142]
[284, 113, -155]
[388, 104, -159]
[284, 111, -173]
[391, 98, -164]
[282, 105, -176]
[381, 99, -146]
[284, 105, -159]
[338, 166, -1]
[307, 167, 1]
[337, 226, -1]
[308, 228, 11]
[337, 280, 66]
[310, 278, 81]
[334, 287, 70]
[313, 286, 86]
[336, 301, 24]
[309, 300, 43]
[320, 52, -111]
[323, 47, -105]
[325, 47, -105]
[327, 46, -105]
[316, 47, -105]
[314, 47, -105]
[311, 47, -105]
[329, 49, -62]
[308, 50, -62]
[324, 58, -95]
[316, 59, -95]
[349, 82, -31]
[293, 82, -31]
[362, 124, -70]
[285, 123, -68]
[380, 104, -159]
[281, 110, -163]
[384, 101, -177]
[281, 107, -181]
[386, 94, -180]
[280, 100, -184]
[380, 96, -163]
[281, 101, -167]
[338, 166, -1]
[307, 167, 1]
[337, 226, -1]
[308, 228, 12]
[337, 280, 66]
[310, 278, 82]
[334, 287, 71]
[313, 286, 86]
[336, 301, 25]
[309, 300, 43]
[320, 52, -108]
[323, 47, -102]
[325, 46, -102]
[326, 46, -102]
[316, 47, -102]
[314, 47, -102]
[311, 47, -102]
[329, 49, -58]
[308, 50, -58]
[324, 58, -92]
[316, 59, -92]
[349, 82, -30]
[293, 82, -27]
[362, 124, -71]
[284, 123, -63]
[374, 103, -160]
[277, 106, -159]
[375, 101, -177]
[273, 104, -177]
[384, 92, -180]
[277, 97, -180]
[378, 95, -163]
[278, 99, -163]
[338, 166, -1]
[307, 167, 1]
[337, 226, -2]
[308, 228, 11]
[337, 280, 66]
[310, 278, 81]
[334, 287, 70]
[313, 286, 85]
[336, 301, 24]
[309, 300, 42]
[320, 52, -108]
[323, 46, -102]
[325, 46, -102]
[326, 46, -102]
[316, 47, -102]
[314, 47, -102]
[311, 47, -102]
[329, 49, -59]
[308, 50, -59]
[324, 58, -92]
[316, 59, -92]
[349, 82, -32]
[293, 82, -29]
[362, 124, -73]
[283, 122, -69]
[374, 102, -160]
[278, 105, -165]
[379, 97, -177]
[274, 101, -183]
[383, 91, -180]
[277, 97, -185]
[378, 93, -163]
[279, 98, -169]
[338, 166, -1]
[307, 167, 1]
[337, 226, -2]
[308, 228, 12]
[337, 280, 66]
[310, 278, 82]
[334, 287, 70]
[313, 286, 86]
[336, 301, 24]
[309, 300, 44]
[320, 52, -106]
[323, 46, -100]
[325, 46, -100]
[326, 46, -100]
[316, 47, -100]
[314, 47, -100]
[311, 47, -100]
[329, 49, -58]
[308, 50, -57]
[324, 58, -90]
[316, 59, -90]
[349, 82, -29]
[293, 82, -27]
[362, 123, -67]
[283, 121, -63]
[380, 101, -152]
[278, 106, -154]
[384, 96, -169]
[275, 103, -171]
[386, 89, -173]
[278, 97, -175]
[382, 92, -156]
[279, 98, -158]
[338, 166, -1]
[307, 166, 1]
[337, 226, 0]
[308, 227, 12]
[337, 280, 66]
[310, 278, 81]
[334, 287, 70]
[313, 286, 86]
[336, 301, 24]
[309, 300, 43]
[320, 52, -106]
[323, 46, -99]
[325, 46, -99]
[326, 46, -99]
[316, 47, -99]
[313, 47, -99]
[311, 47, -99]
[329, 49, -56]
[308, 50, -56]
[324, 58, -89]
[316, 59, -89]
[349, 82, -29]
[293, 82, -26]
[362, 124, -70]
[283, 121, -62]
[369, 103, -155]
[281, 107, -153]
[381, 97, -172]
[279, 106, -170]
[381, 91, -175]
[280, 99, -174]
[379, 93, -158]
[280, 99, -157]
[337, 166, -2]
[307, 166, 2]
[337, 225, 0]
[308, 227, 13]
[337, 280, 65]
[310, 278, 81]
[334, 287, 69]
[313, 286, 86]
[336, 301, 23]
[309, 300, 42]
[320, 52, -105]
[323, 46, -99]
[325, 46, -99]
[326, 46, -99]
[316, 47, -99]
[313, 47, -99]
[311, 47, -99]
[329, 49, -55]
[308, 50, -56]
[324, 58, -89]
[316, 59, -89]
[349, 82, -29]
[293, 81, -26]
[362, 123, -69]
[283, 120, -61]
[367, 102, -154]
[282, 108, -151]
[380, 96, -171]
[280, 106, -168]
[381, 90, -173]
[281, 101, -172]
[378, 92, -157]
[281, 102, -155]
[337, 166, -2]
[307, 166, 2]
[337, 225, 0]
[308, 227, 13]
[337, 280, 65]
[310, 278, 81]
[334, 287, 69]
[313, 286, 85]
[336, 301, 23]
[309, 300, 41]
[320, 52, -107]
[323, 46, -100]
[325, 46, -100]
[327, 46, -100]
[316, 47, -100]
[313, 47, -100]
[311, 47, -100]
[329, 49, -57]
[308, 50, -58]
[324, 58, -90]
[316, 59, -91]
[349, 82, -30]
[293, 81, -27]
[362, 124, -73]
[283, 120, -69]
[366, 102, -157]
[280, 100, -164]
[377, 96, -173]
[278, 100, -182]
[377, 90, -175]
[279, 91, -184]
[368, 92, -160]
[280, 93, -168]
[337, 166, -2]
[307, 166, 2]
[337, 225, 0]
[308, 227, 13]
[337, 280, 63]
[310, 278, 79]
[334, 287, 67]
[313, 286, 84]
[336, 300, 20]
[309, 300, 40]
[320, 52, -107]
[323, 46, -101]
[325, 46, -101]
[327, 46, -101]
[316, 47, -101]
[313, 47, -101]
[311, 47, -101]
[329, 49, -57]
[308, 50, -58]
[324, 58, -91]
[316, 59, -91]
[349, 81, -31]
[293, 81, -28]
[362, 124, -72]
[283, 120, -66]
[364, 102, -156]
[280, 102, -157]
[364, 97, -173]
[280, 104, -174]
[367, 90, -175]
[280, 95, -178]
[362, 93, -159]
[281, 96, -161]
[337, 165, -2]
[307, 166, 2]
[337, 225, 0]
[308, 227, 13]
[337, 280, 63]
[310, 278, 79]
[334, 287, 67]
[313, 286, 83]
[336, 300, 21]
[309, 299, 39]
[320, 52, -108]
[323, 46, -102]
[325, 46, -102]
[327, 46, -102]
[316, 47, -102]
[313, 47, -102]
[311, 47, -102]
[329, 48, -57]
[308, 50, -60]
[324, 58, -92]
[316, 59, -92]
[349, 81, -31]
[293, 81, -30]
[362, 124, -71]
[283, 121, -67]
[365, 101, -155]
[281, 103, -156]
[370, 94, -172]
[282, 107, -173]
[371, 87, -174]
[281, 96, -176]
[365, 91, -158]
[282, 97, -160]
[337, 165, -2]
[307, 166, 2]
[337, 225, 1]
[308, 226, 13]
[337, 280, 64]
[310, 278, 78]
[334, 287, 68]
[313, 286, 82]
[336, 300, 22]
[309, 299, 37]
[320, 52, -108]
[323, 46, -101]
[325, 46, -101]
[327, 46, -101]
[316, 47, -101]
[313, 47, -101]
[311, 47, -101]
[329, 48, -57]
[308, 50, -59]
[324, 58, -91]
[316, 59, -92]
[348, 81, -30]
[293, 81, -29]
[362, 125, -71]
[284, 120, -69]
[365, 100, -154]
[281, 101, -161]
[373, 93, -171]
[281, 107, -177]
[373, 87, -173]
[281, 93, -180]
[365, 90, -157]
[282, 95, -164]
[337, 165, -2]
[307, 166, 2]
[337, 225, 1]
[308, 226, 13]
[337, 280, 64]
[310, 278, 76]
[334, 287, 68]
[313, 286, 80]
[336, 300, 22]
[309, 299, 36]
[320, 52, -108]
[323, 46, -101]
[325, 46, -101]
[327, 46, -101]
[316, 47, -102]
[313, 47, -102]
[311, 47, -102]
[329, 48, -57]
[308, 50, -59]
[324, 58, -91]
[316, 59, -92]
[348, 81, -30]
[293, 81, -30]
[362, 125, -72]
[284, 120, -74]
[366, 100, -155]
[280, 98, -169]
[375, 93, -172]
[280, 99, -187]
[375, 87, -174]
[279, 87, -188]
[372, 90, -158]
[282, 91, -173]
[337, 165, -1]
[307, 166, 1]
[337, 225, 1]
[308, 226, 12]
[337, 280, 64]
[310, 278, 75]
[334, 287, 68]
[313, 286, 79]
[336, 300, 22]
[309, 299, 36]
[320, 52, -108]
[323, 46, -102]
[325, 46, -102]
[327, 46, -102]
[316, 47, -102]
[313, 47, -102]
[311, 47, -102]
[329, 48, -58]
[308, 50, -60]
[324, 58, -92]
[316, 59, -93]
[348, 81, -31]
[293, 81, -31]
[362, 125, -75]
[284, 120, -77]
[366, 100, -157]
[280, 96, -173]
[367, 94, -173]
[280, 93, -190]
[368, 88, -174]
[279, 86, -192]
[366, 90, -159]
[281, 88, -176]
[337, 165, -1]
[307, 166, 1]
[337, 225, 1]
[308, 226, 12]
[337, 280, 63]
[310, 278, 75]
[334, 287, 66]
[313, 286, 79]
[336, 300, 21]
[309, 299, 37]
[320, 52, -109]
[323, 46, -102]
[325, 46, -102]
[327, 46, -102]
[316, 47, -103]
[313, 47, -103]
[311, 47, -103]
[329, 48, -58]
[308, 50, -60]
[324, 58, -92]
[316, 59, -93]
[349, 82, -32]
[293, 81, -32]
[362, 126, -76]
[284, 120, -79]
[365, 100, -157]
[280, 97, -174]
[365, 94, -173]
[280, 92, -191]
[366, 88, -174]
[279, 86, -192]
[364, 91, -159]
[281, 88, -177]
[337, 165, -1]
[307, 166, 1]
[337, 225, 1]
[308, 226, 13]
[337, 280, 62]
[310, 278, 76]
[334, 287, 66]
[313, 286, 80]
[336, 300, 21]
[309, 299, 38]
[320, 52, -110]
[323, 46, -103]
[325, 46, -103]
[327, 46, -103]
[316, 47, -103]
[313, 47, -103]
[311, 47, -103]
[329, 48, -59]
[308, 50, -61]
[324, 58, -93]
[316, 59, -94]
[349, 82, -33]
[293, 81, -32]
[362, 126, -76]
[284, 121, -78]
[365, 100, -158]
[280, 97, -174]
[365, 94, -174]
[279, 94, -191]
[366, 88, -175]
[278, 86, -192]
[364, 91, -160]
[280, 88, -177]
[337, 165, -1]
[307, 166, 1]
[337, 225, 0]
[308, 226, 13]
[337, 280, 62]
[310, 278, 77]
[334, 287, 66]
[313, 286, 81]
[336, 300, 20]
[309, 299, 39]
[320, 52, -110]
[323, 46, -103]
[325, 46, -103]
[327, 46, -103]
[316, 47, -103]
[313, 47, -103]
[311, 47, -103]
[329, 48, -59]
[308, 50, -61]
[324, 58, -93]
[316, 59, -94]
[349, 82, -33]
[293, 81, -32]
[362, 126, -76]
[284, 121, -77]
[365, 100, -158]
[280, 97, -173]
[364, 95, -175]
[279, 92, -190]
[365, 88, -176]
[278, 86, -192]
[363, 91, -161]
[280, 88, -176]
[337, 166, -1]
[307, 166, 1]
[337, 225, 0]
[308, 226, 13]
[337, 280, 62]
[310, 278, 78]
[334, 287, 66]
[313, 286, 82]
[336, 300, 21]
[309, 299, 40]
[320, 52, -110]
[323, 46, -103]
[325, 46, -103]
[327, 46, -103]
[316, 47, -104]
[313, 47, -104]
[311, 47, -104]
[329, 48, -60]
[308, 50, -61]
[324, 58, -93]
[316, 59, -94]
[349, 82, -33]
[293, 81, -32]
[362, 126, -76]
[284, 122, -77]
[364, 100, -158]
[280, 97, -173]
[364, 95, -174]
[279, 92, -190]
[365, 89, -175]
[278, 86, -191]
[362, 91, -160]
[280, 88, -176]
[337, 166, -1]
[307, 166, 1]
[337, 225, 0]
[308, 226, 13]
[337, 280, 62]
[310, 278, 78]
[334, 287, 65]
[313, 286, 82]
[336, 300, 20]
[309, 299, 40]
[320, 52, -110]
[323, 46, -103]
[325, 46, -103]
[326, 46, -103]
[316, 47, -104]
[313, 47, -104]
[311, 47, -104]
[329, 48, -60]
[308, 50, -61]
[324, 58, -93]
[316, 59, -94]
[349, 82, -33]
[293, 81, -32]
[362, 127, -76]
[284, 123, -76]
[364, 100, -158]
[280, 97, -171]
[364, 95, -174]
[279, 92, -189]
[365, 89, -175]
[278, 86, -190]
[362, 91, -160]
[280, 88, -175]
[337, 166, -1]
[307, 166, 1]
[337, 225, 0]
[308, 226, 13]
[337, 280, 62]
[310, 278, 78]
[334, 287, 65]
[313, 286, 82]
[336, 300, 20]
[309, 299, 40]
[320, 52, -110]
[323, 46, -103]
[325, 46, -103]
[326, 46, -103]
[316, 47, -103]
[313, 47, -103]
[311, 47, -103]
[329, 48, -60]
[308, 50, -61]
[324, 58, -93]
[316, 59, -94]
[349, 82, -33]
[293, 81, -32]
[362, 127, -76]
[284, 123, -76]
[364, 100, -158]
[280, 97, -172]
[364, 95, -174]
[279, 93, -189]
[365, 89, -175]
[278, 86, -190]
[362, 91, -160]
[280, 88, -175]
[337, 166, -1]
[307, 166, 1]
[337, 225, 0]
[308, 226, 13]
[337, 280, 62]
[310, 278, 78]
[334, 287, 65]
[313, 286, 82]
[336, 300, 20]
[309, 299, 39]
[320, 52, -110]
[323, 46, -103]
[325, 46, -103]
[326, 46, -103]
[316, 47, -104]
[313, 47, -104]
[311, 47, -104]
[329, 48, -60]
[308, 50, -61]
[324, 58, -93]
[316, 59, -94]
[349, 82, -33]
[293, 81, -32]
[362, 127, -76]
[284, 123, -77]
[364, 100, -158]
[280, 97, -172]
[363, 95, -175]
[279, 92, -189]
[364, 89, -175]
[278, 86, -191]
[362, 92, -161]
[280, 88, -175]
[337, 166, -1]
[307, 166, 1]
[337, 225, 0]
[308, 226, 13]
[337, 280, 61]
[310, 278, 78]
[334, 287, 65]
[313, 286, 82]
[336, 300, 20]
[309, 299, 40]
[320, 52, -110]
[323, 46, -104]
[325, 46, -104]
[326, 46, -104]
[316, 47, -104]
[313, 47, -104]
[311, 47, -104]
[329, 48, -61]
[308, 50, -61]
[324, 58, -94]
[316, 59, -94]
[349, 82, -34]
[293, 81, -32]
[362, 127, -77]
[284, 123, -77]
[364, 100, -159]
[280, 97, -172]
[362, 95, -175]
[279, 92, -190]
[363, 89, -176]
[278, 86, -191]
[362, 92, -161]
[280, 88, -176]
[337, 166, -2]
[307, 166, 2]
[337, 225, -2]
[308, 226, 13]
[337, 280, 60]
[310, 278, 79]
[334, 287, 64]
[313, 286, 83]
[336, 300, 19]
[309, 299, 41]
[320, 52, -110]
[323, 46, -104]
[325, 46, -104]
[326, 46, -104]
[316, 47, -104]
[313, 47, -104]
[311, 47, -104]
[329, 48, -61]
[308, 50, -61]
[324, 58, -94]
[316, 59, -94]
[349, 82, -33]
[293, 81, -32]
[362, 127, -77]
[284, 123, -77]
[364, 100, -159]
[280, 97, -172]
[363, 95, -176]
[279, 92, -190]
[364, 89, -176]
[278, 86, -191]
[362, 92, -161]
[281, 88, -176]
[337, 166, -2]
[307, 166, 2]
[337, 225, -2]
[308, 226, 13]
[337, 280, 59]
[310, 278, 79]
[334, 287, 63]
[313, 286, 83]
[336, 300, 18]
[309, 299, 41]
[320, 52, -110]
[323, 46, -104]
[325, 46, -104]
[326, 46, -104]
[316, 47, -104]
[313, 47, -104]
[311, 47, -104]
[329, 48, -60]
[308, 50, -61]
[324, 58, -94]
[316, 59, -94]
[349, 82, -33]
[293, 81, -32]
[362, 127, -77]
[284, 123, -77]
[364, 100, -159]
[281, 97, -173]
[363, 96, -175]
[279, 92, -190]
[364, 89, -176]
[278, 86, -191]
[362, 92, -161]
[281, 88, -176]
[337, 166, -2]
[307, 166, 2]
[337, 225, -3]
[308, 226, 13]
[337, 280, 58]
[310, 278, 79]
[334, 287, 62]
[313, 286, 83]
[336, 300, 16]
[309, 299, 41]
[319, 52, -109]
[323, 46, -103]
[325, 46, -103]
[326, 46, -103]
[316, 47, -103]
[313, 47, -103]
[311, 47, -103]
[329, 48, -60]
[308, 50, -61]
[324, 58, -93]
[316, 59, -93]
[348, 82, -32]
[293, 81, -31]
[362, 127, -75]
[284, 122, -76]
[364, 100, -157]
[280, 97, -172]
[363, 96, -174]
[279, 90, -190]
[365, 89, -175]
[278, 86, -191]
[362, 92, -160]
[281, 88, -175]
[337, 165, -2]
[307, 166, 2]
[337, 225, -3]
[308, 226, 13]
[337, 280, 58]
[310, 278, 78]
[334, 287, 61]
[313, 286, 82]
[336, 300, 16]
[309, 299, 39]
[319, 52, -108]
[323, 46, -102]
[325, 46, -102]
[326, 46, -102]
[315, 47, -102]
[313, 47, -102]
[311, 47, -102]
[329, 48, -58]
[308, 50, -60]
[324, 58, -92]
[316, 59, -93]
[348, 82, -31]
[293, 81, -31]
[362, 127, -73]
[284, 121, -76]
[365, 100, -155]
[280, 96, -172]
[374, 95, -171]
[279, 90, -190]
[375, 88, -173]
[278, 86, -191]
[363, 92, -158]
[281, 88, -176]
[337, 165, -1]
[307, 165, 1]
[337, 224, -2]
[308, 226, 12]
[337, 280, 58]
[310, 278, 75]
[334, 287, 61]
[313, 286, 79]
[336, 300, 16]
[309, 299, 36]
[319, 52, -108]
[323, 46, -102]
[325, 46, -102]
[326, 46, -102]
[315, 47, -102]
[313, 47, -102]
[311, 47, -102]
[329, 48, -58]
[308, 50, -59]
[324, 58, -92]
[316, 58, -92]
[348, 82, -31]
[293, 81, -30]
[362, 127, -72]
[284, 121, -76]
[365, 100, -154]
[280, 96, -172]
[376, 95, -171]
[279, 90, -190]
[377, 88, -172]
[278, 86, -191]
[364, 92, -157]
[281, 88, -175]
[337, 165, -1]
[307, 165, 1]
[337, 224, -2]
[308, 226, 12]
[337, 280, 58]
[310, 278, 75]
[334, 287, 61]
[313, 286, 78]
[336, 300, 16]
[309, 299, 35]
[319, 52, -108]
[323, 46, -101]
[325, 46, -101]
[326, 46, -101]
[315, 46, -101]
[313, 47, -101]
[311, 47, -101]
[329, 48, -58]
[308, 50, -59]
[324, 58, -91]
[316, 58, -92]
[348, 82, -31]
[293, 81, -29]
[362, 127, -72]
[284, 121, -75]
[365, 100, -154]
[280, 96, -172]
[376, 95, -170]
[279, 90, -190]
[377, 88, -172]
[278, 86, -191]
[364, 91, -157]
[280, 88, -175]
[337, 165, -1]
[307, 165, 1]
[337, 224, -1]
[308, 226, 12]
[337, 280, 58]
[310, 278, 75]
[334, 287, 61]
[313, 286, 79]
[336, 300, 16]
[309, 299, 36]
[319, 52, -107]
[323, 46, -100]
[325, 46, -100]
[326, 46, -100]
[315, 46, -100]
[313, 47, -100]
[311, 47, -100]
[329, 48, -57]
[308, 49, -58]
[324, 58, -90]
[315, 58, -91]
[348, 82, -30]
[293, 81, -28]
[362, 126, -71]
[284, 121, -73]
[374, 101, -152]
[280, 96, -170]
[378, 95, -168]
[277, 91, -188]
[379, 88, -170]
[278, 86, -189]
[374, 91, -155]
[279, 88, -174]
[337, 165, -1]
[307, 165, 1]
[337, 224, -1]
[308, 226, 12]
[337, 280, 58]
[310, 278, 75]
[334, 287, 61]
[313, 286, 79]
[336, 301, 16]
[309, 299, 36]
[319, 52, -106]
[323, 46, -100]
[325, 46, -100]
[326, 46, -100]
[315, 46, -100]
[313, 47, -100]
[311, 47, -100]
[329, 48, -56]
[308, 49, -58]
[324, 58, -90]
[315, 58, -90]
[348, 82, -30]
[293, 81, -28]
[362, 126, -71]
[284, 121, -73]
[371, 101, -153]
[279, 96, -170]
[377, 95, -169]
[277, 93, -187]
[378, 88, -171]
[278, 86, -189]
[371, 92, -155]
[279, 88, -173]
[337, 165, -1]
[307, 165, 1]
[337, 224, -1]
[308, 226, 12]
[337, 280, 58]
[310, 278, 75]
[334, 287, 61]
[313, 286, 79]
[336, 301, 16]
[308, 299, 36]
[319, 51, -106]
[323, 46, -100]
[325, 46, -100]
[326, 46, -100]
[315, 46, -100]
[313, 47, -100]
[311, 47, -100]
[329, 48, -56]
[308, 49, -57]
[324, 58, -90]
[315, 58, -90]
[348, 81, -30]
[293, 81, -28]
[361, 126, -70]
[284, 121, -72]
[370, 101, -153]
[279, 97, -169]
[378, 95, -169]
[277, 96, -186]
[379, 88, -171]
[278, 87, -188]
[375, 92, -156]
[279, 89, -172]
[337, 165, -1]
[307, 165, 1]
[337, 224, -1]
[308, 226, 12]
[337, 280, 59]
[310, 278, 75]
[334, 287, 62]
[313, 286, 79]
[336, 301, 16]
[308, 299, 35]
[319, 51, -106]
[322, 46, -99]
[325, 46, -99]
[326, 46, -99]
[315, 46, -99]
[313, 46, -99]
[311, 47, -99]
[329, 48, -55]
[308, 49, -57]
[324, 57, -89]
[315, 58, -90]
[348, 81, -29]
[293, 81, -27]
[361, 126, -69]
[284, 121, -68]
[375, 101, -152]
[280, 98, -161]
[379, 95, -168]
[279, 106, -178]
[380, 88, -171]
[280, 91, -181]
[376, 92, -155]
[281, 92, -165]
[337, 165, -1]
[307, 165, 1]
[337, 224, 0]
[308, 226, 10]
[337, 280, 61]
[310, 278, 73]
[334, 287, 65]
[313, 286, 77]
[336, 301, 19]
[308, 299, 33]
[319, 51, -106]
[322, 46, -99]
[324, 46, -99]
[326, 46, -99]
[315, 46, -99]
[313, 46, -99]
[311, 47, -99]
[329, 48, -55]
[308, 49, -57]
[324, 57, -89]
[315, 58, -90]
[348, 81, -28]
[293, 81, -27]
[361, 126, -68]
[284, 121, -66]
[376, 101, -151]
[281, 102, -157]
[380, 95, -168]
[280, 110, -174]
[381, 88, -171]
[281, 96, -177]
[378, 91, -154]
[282, 96, -161]
[337, 165, -1]
[307, 165, 1]
[337, 224, 0]
[308, 226, 10]
[337, 280, 63]
[310, 278, 74]
[334, 287, 66]
[313, 286, 77]
[336, 301, 20]
[308, 299, 33]
[319, 51, -106]
[322, 46, -99]
[324, 46, -99]
[326, 46, -99]
[315, 46, -99]
[313, 46, -99]
[311, 47, -99]
[329, 48, -54]
[308, 49, -56]
[324, 57, -89]
[315, 58, -90]
[348, 81, -28]
[293, 81, -26]
[361, 126, -67]
[284, 121, -64]
[377, 101, -151]
[281, 103, -156]
[380, 95, -168]
[280, 111, -172]
[381, 89, -171]
[282, 97, -176]
[378, 91, -154]
[283, 97, -160]
[337, 164, -1]
[307, 165, 1]
[337, 224, 0]
[308, 226, 10]
[337, 280, 64]
[310, 278, 74]
[334, 287, 68]
[313, 286, 78]
[336, 301, 21]
[308, 299, 34]
[319, 51, -106]
[322, 46, -99]
[324, 46, -99]
[326, 46, -99]
[315, 46, -99]
[313, 46, -99]
[311, 47, -99]
[329, 48, -55]
[308, 49, -56]
[324, 57, -89]
[315, 58, -90]
[348, 81, -28]
[293, 81, -26]
[361, 126, -68]
[284, 121, -66]
[370, 102, -151]
[281, 103, -159]
[372, 98, -168]
[280, 108, -176]
[373, 90, -171]
[281, 95, -179]
[369, 93, -154]
[282, 96, -163]
[337, 164, -1]
[307, 165, 1]
[337, 224, 0]
[308, 226, 10]
[337, 280, 63]
[310, 278, 73]
[334, 287, 67]
[313, 286, 77]
[336, 301, 21]
[308, 299, 33]
[319, 51, -105]
[322, 46, -99]
[324, 46, -99]
[326, 46, -99]
[315, 46, -99]
[313, 46, -99]
[311, 47, -99]
[329, 48, -55]
[308, 49, -56]
[324, 57, -89]
[315, 58, -89]
[348, 81, -28]
[292, 81, -26]
[361, 126, -68]
[283, 121, -66]
[367, 103, -151]
[281, 101, -162]
[366, 100, -168]
[280, 106, -180]
[369, 92, -171]
[281, 93, -182]
[366, 94, -154]
[282, 94, -166]
[337, 164, -1]
[307, 165, 1]
[337, 224, 0]
[308, 226, 9]
[337, 280, 63]
[310, 278, 73]
[334, 287, 67]
[313, 286, 76]
[336, 301, 21]
[308, 299, 32]
[319, 51, -104]
[322, 46, -97]
[324, 46, -97]
[326, 46, -97]
[315, 46, -97]
[313, 46, -97]
[311, 47, -97]
[329, 48, -53]
[308, 49, -54]
[324, 57, -87]
[315, 58, -88]
[348, 81, -27]
[292, 81, -25]
[361, 126, -67]
[283, 121, -67]
[366, 103, -150]
[280, 100, -163]
[365, 100, -167]
[279, 102, -181]
[365, 92, -169]
[280, 92, -183]
[364, 94, -153]
[281, 93, -167]
[337, 164, -1]
[307, 165, 1]
[337, 224, 0]
[308, 226, 9]
[337, 280, 63]
[311, 278, 71]
[334, 287, 66]
[313, 286, 75]
[336, 301, 20]
[308, 299, 31]
[319, 51, -103]
[322, 46, -96]
[324, 46, -96]
[326, 46, -96]
[315, 46, -96]
[313, 46, -96]
[311, 47, -96]
[329, 48, -52]
[308, 49, -53]
[324, 57, -86]
[315, 58, -87]
[348, 81, -27]
[292, 81, -24]
[362, 126, -67]
[283, 121, -67]
[365, 103, -149]
[280, 99, -163]
[364, 100, -166]
[279, 102, -181]
[364, 93, -168]
[279, 91, -183]
[364, 94, -152]
[280, 92, -167]
[337, 164, -1]
[307, 165, 1]
[337, 224, 0]
[308, 226, 9]
[337, 280, 63]
[311, 278, 71]
[334, 287, 66]
[313, 286, 75]
[336, 301, 20]
[308, 299, 31]
[319, 51, -103]
[322, 46, -96]
[324, 46, -96]
[326, 46, -96]
[315, 46, -97]
[313, 46, -97]
[311, 47, -97]
[329, 48, -52]
[308, 49, -54]
[324, 57, -86]
[315, 58, -87]
[348, 81, -27]
[292, 81, -23]
[362, 126, -67]
[283, 121, -67]
[364, 103, -149]
[279, 99, -164]
[362, 100, -166]
[279, 101, -182]
[364, 92, -168]
[279, 90, -184]
[362, 94, -152]
[280, 91, -168]
[337, 164, -1]
[307, 165, 1]
[337, 224, 0]
[308, 226, 9]
[337, 280, 62]
[311, 278, 71]
[334, 287, 66]
[313, 286, 75]
[336, 301, 19]
[308, 299, 31]
[319, 51, -103]
[322, 46, -96]
[324, 46, -96]
[326, 46, -96]
[315, 46, -96]
[313, 46, -96]
[311, 47, -96]
[329, 48, -52]
[308, 49, -53]
[324, 57, -86]
[315, 58, -87]
[348, 81, -26]
[292, 81, -23]
[362, 126, -67]
[283, 121, -66]
[364, 103, -149]
[279, 99, -163]
[363, 100, -166]
[278, 101, -181]
[364, 92, -168]
[279, 90, -183]
[362, 94, -152]
[279, 91, -167]
[337, 164, -1]
[307, 165, 1]
[337, 224, 0]
[308, 226, 9]
[337, 280, 62]
[311, 278, 71]
[334, 287, 65]
[313, 286, 74]
[336, 301, 19]
[308, 299, 30]
[319, 51, -102]
[322, 46, -95]
[324, 46, -95]
[326, 46, -95]
[315, 46, -95]
[313, 46, -95]
[311, 47, -95]
[329, 48, -51]
[308, 49, -52]
[324, 57, -85]
[315, 58, -86]
[348, 81, -25]
[292, 81, -22]
[362, 126, -66]
[283, 121, -65]
[364, 103, -149]
[279, 98, -163]
[363, 100, -166]
[278, 99, -181]
[364, 92, -168]
[279, 90, -183]
[363, 94, -152]
[279, 91, -167]
[337, 164, -1]
[307, 165, 1]
[337, 224, 0]
[308, 226, 9]
[337, 280, 61]
[311, 278, 70]
[334, 287, 64]
[313, 286, 74]
[336, 301, 18]
[308, 299, 30]
[319, 51, -101]
[322, 46, -95]
[324, 46, -95]
[326, 45, -95]
[315, 46, -95]
[313, 46, -95]
[311, 46, -95]
[329, 48, -50]
[308, 49, -52]
[324, 57, -85]
[315, 58, -85]
[348, 81, -25]
[292, 81, -21]
[362, 126, -66]
[283, 121, -66]
[363, 103, -149]
[279, 97, -164]
[362, 100, -166]
[277, 96, -181]
[364, 92, -168]
[278, 87, -183]
[361, 94, -152]
[279, 89, -167]
[337, 164, -2]
[307, 164, 2]
[337, 224, 0]
[308, 226, 9]
[337, 280, 60]
[311, 278, 70]
[334, 287, 63]
[313, 286, 74]
[336, 301, 16]
[308, 299, 30]
[319, 51, -102]
[322, 46, -95]
[324, 45, -95]
[326, 45, -95]
[315, 46, -95]
[313, 46, -95]
[311, 46, -95]
[329, 48, -51]
[308, 49, -52]
[324, 57, -85]
[315, 58, -85]
[348, 81, -25]
[292, 81, -21]
[361, 126, -66]
[283, 121, -66]
[363, 103, -149]
[279, 97, -165]
[362, 100, -166]
[277, 91, -182]
[363, 92, -168]
[278, 86, -184]
[361, 94, -152]
[279, 88, -168]
[337, 164, -2]
[307, 164, 2]
[337, 224, 0]
[308, 226, 10]
[337, 280, 58]
[311, 278, 71]
[334, 287, 61]
[313, 286, 74]
[336, 301, 15]
[308, 299, 30]
[319, 51, -103]
[322, 45, -97]
[324, 45, -97]
[326, 45, -97]
[315, 46, -97]
[313, 46, -97]
[311, 46, -97]
[329, 48, -53]
[308, 49, -53]
[324, 57, -87]
[315, 58, -87]
[348, 81, -27]
[292, 81, -22]
[361, 126, -69]
[283, 122, -68]
[363, 103, -153]
[279, 96, -167]
[370, 99, -170]
[277, 90, -185]
[364, 92, -171]
[278, 86, -186]
[361, 94, -156]
[279, 87, -171]
[337, 164, -2]
[307, 164, 2]
[337, 224, 0]
[308, 226, 11]
[337, 280, 59]
[311, 278, 72]
[334, 287, 62]
[314, 286, 76]
[336, 301, 16]
[308, 299, 32]
[319, 51, -105]
[322, 45, -98]
[324, 45, -98]
[326, 45, -98]
[315, 46, -98]
[313, 46, -98]
[311, 46, -98]
[329, 48, -55]
[308, 49, -55]
[324, 57, -88]
[315, 58, -88]
[348, 81, -28]
[293, 81, -24]
[361, 126, -69]
[283, 122, -69]
[375, 103, -153]
[279, 96, -168]
[379, 98, -170]
[276, 89, -186]
[379, 92, -172]
[278, 86, -188]
[376, 94, -156]
[279, 87, -172]
[337, 164, -2]
[307, 165, 2]
[337, 224, 0]
[308, 226, 11]
[337, 280, 59]
[311, 278, 73]
[334, 287, 62]
[314, 286, 77]
[336, 301, 16]
[308, 299, 34]
[319, 51, -106]
[322, 45, -99]
[324, 45, -99]
[326, 45, -99]
[315, 46, -99]
[313, 46, -99]
[311, 46, -99]
[329, 48, -55]
[308, 49, -56]
[324, 57, -89]
[316, 58, -89]
[348, 81, -29]
[293, 81, -25]
[361, 125, -69]
[283, 122, -69]
[383, 103, -153]
[279, 97, -168]
[388, 98, -169]
[275, 91, -185]
[390, 92, -172]
[276, 86, -187]
[385, 94, -156]
[278, 87, -172]
[337, 164, -2]
[307, 165, 2]
[337, 224, 0]
[308, 226, 11]
[337, 280, 61]
[311, 278, 74]
[334, 287, 65]
[314, 286, 77]
[336, 301, 18]
[308, 299, 34]
[319, 51, -106]
[322, 45, -100]
[324, 45, -100]
[326, 45, -100]
[315, 46, -100]
[313, 46, -100]
[311, 46, -100]
[329, 47, -56]
[308, 49, -56]
[324, 57, -90]
[316, 58, -90]
[348, 81, -30]
[293, 81, -25]
[362, 124, -69]
[283, 122, -68]
[386, 103, -153]
[277, 97, -166]
[392, 97, -169]
[273, 93, -182]
[393, 91, -172]
[275, 86, -185]
[391, 93, -156]
[277, 89, -170]
[337, 164, -2]
[307, 164, 2]
[337, 224, 0]
[308, 226, 12]
[337, 280, 62]
[311, 278, 74]
[334, 287, 65]
[314, 286, 78]
[336, 301, 19]
[308, 299, 34]
[319, 50, -105]
[322, 45, -99]
[324, 45, -99]
[326, 45, -99]
[315, 45, -99]
[313, 46, -99]
[311, 46, -99]
[329, 47, -55]
[308, 49, -55]
[324, 57, -89]
[316, 57, -89]
[348, 81, -29]
[293, 81, -24]
[362, 124, -67]
[283, 121, -65]
[386, 103, -150]
[276, 100, -161]
[390, 97, -166]
[273, 96, -178]
[391, 91, -170]
[274, 92, -182]
[385, 93, -154]
[276, 89, -166]
[337, 164, -2]
[307, 164, 2]
[337, 224, 0]
[308, 226, 12]
[337, 280, 62]
[311, 278, 74]
[334, 287, 66]
[314, 286, 78]
[336, 301, 19]
[308, 299, 34]
[319, 50, -105]
[322, 45, -98]
[324, 45, -98]
[326, 45, -98]
[315, 45, -98]
[313, 46, -98]
[311, 46, -98]
[329, 47, -55]
[308, 49, -55]
[324, 57, -88]
[316, 57, -88]
[348, 81, -28]
[293, 81, -23]
[362, 124, -65]
[283, 120, -64]
[387, 103, -147]
[276, 102, -160]
[391, 97, -163]
[273, 98, -176]
[397, 91, -168]
[274, 94, -180]
[390, 93, -151]
[276, 90, -164]
[337, 164, -2]
[307, 165, 2]
[337, 225, 0]
[308, 226, 12]
[337, 280, 63]
[311, 278, 75]
[334, 287, 66]
[314, 286, 78]
[336, 301, 19]
[308, 299, 34]
[319, 50, -102]
[322, 45, -96]
[324, 45, -96]
[326, 45, -96]
[315, 45, -95]
[313, 46, -95]
[311, 46, -95]
[329, 47, -52]
[308, 49, -52]
[324, 57, -86]
[316, 57, -86]
[348, 81, -27]
[293, 81, -22]
[362, 123, -63]
[282, 119, -63]
[388, 103, -145]
[277, 102, -160]
[392, 97, -161]
[273, 98, -177]
[397, 92, -166]
[274, 93, -180]
[392, 93, -149]
[277, 92, -164]
[337, 164, -2]
[307, 165, 2]
[337, 225, 0]
[308, 226, 12]
[337, 280, 63]
[311, 278, 75]
[334, 287, 66]
[314, 286, 78]
[336, 301, 19]
[308, 299, 34]
[319, 50, -102]
[322, 45, -96]
[324, 45, -96]
[326, 45, -96]
[315, 45, -96]
[313, 46, -96]
[311, 46, -96]
[329, 47, -53]
[308, 49, -52]
[324, 57, -86]
[315, 57, -86]
[349, 81, -27]
[293, 81, -22]
[362, 123, -64]
[282, 119, -62]
[387, 104, -146]
[278, 105, -158]
[392, 98, -162]
[275, 102, -175]
[395, 92, -166]
[276, 94, -179]
[392, 94, -149]
[278, 94, -163]
[337, 164, -3]
[307, 165, 3]
[337, 225, 0]
[308, 226, 13]
[337, 281, 63]
[311, 278, 77]
[334, 287, 67]
[314, 286, 80]
[336, 301, 20]
[308, 299, 36]
[319, 50, -102]
[322, 45, -96]
[324, 44, -96]
[326, 44, -96]
[315, 45, -95]
[313, 46, -95]
[310, 46, -95]
[329, 47, -53]
[308, 49, -52]
[324, 56, -86]
[315, 57, -86]
[349, 81, -27]
[293, 81, -22]
[361, 123, -64]
[282, 119, -62]
[387, 105, -147]
[278, 104, -159]
[393, 98, -163]
[275, 102, -176]
[395, 93, -167]
[276, 94, -180]
[393, 94, -150]
[278, 96, -163]
[337, 164, -3]
[307, 165, 3]
[337, 225, 0]
[308, 226, 13]
[337, 281, 63]
[311, 278, 77]
[334, 287, 67]
[314, 286, 80]
[336, 301, 19]
[308, 299, 36]
[319, 50, -102]
[322, 45, -96]
[324, 44, -96]
[326, 44, -96]
[315, 45, -96]
[313, 46, -96]
[310, 46, -96]
[329, 47, -53]
[308, 49, -52]
[324, 56, -86]
[315, 57, -86]
[349, 81, -27]
[293, 81, -21]
[360, 124, -65]
[282, 119, -61]
[370, 105, -152]
[278, 104, -159]
[385, 100, -169]
[276, 102, -176]
[386, 94, -173]
[277, 94, -180]
[383, 96, -156]
[279, 97, -163]
[337, 164, -3]
[307, 165, 3]
[337, 225, -4]
[308, 226, 13]
[337, 281, 58]
[311, 278, 78]
[334, 287, 61]
[314, 286, 82]
[336, 302, 14]
[308, 299, 38]
[319, 50, -102]
[322, 45, -96]
[324, 44, -96]
[326, 44, -96]
[315, 45, -96]
[313, 46, -96]
[310, 46, -96]
[329, 47, -53]
[308, 49, -52]
[324, 56, -86]
[315, 57, -86]
[349, 81, -27]
[293, 81, -21]
[359, 124, -65]
[282, 121, -59]
[366, 105, -153]
[279, 105, -157]
[379, 100, -171]
[277, 102, -174]
[380, 94, -173]
[278, 95, -177]
[376, 96, -157]
[280, 97, -161]
[337, 164, -3]
[307, 165, 3]
[337, 225, -6]
[308, 226, 13]
[337, 281, 55]
[311, 278, 79]
[334, 287, 58]
[314, 286, 83]
[336, 302, 12]
[308, 299, 40]
[319, 50, -99]
[322, 44, -92]
[324, 44, -92]
[326, 44, -92]
[315, 45, -92]
[313, 46, -92]
[310, 46, -92]
[329, 47, -50]
[308, 49, -49]
[324, 56, -83]
[315, 57, -83]
[349, 81, -23]
[293, 81, -20]
[359, 124, -58]
[282, 122, -57]
[375, 106, -144]
[280, 107, -153]
[382, 101, -160]
[278, 104, -170]
[382, 95, -165]
[279, 98, -174]
[378, 97, -148]
[280, 99, -157]
[337, 164, -3]
[307, 165, 3]
[337, 225, -5]
[308, 226, 13]
[337, 281, 54]
[311, 278, 79]
[334, 287, 57]
[314, 286, 83]
[336, 302, 11]
[308, 299, 40]
[319, 50, -99]
[322, 44, -93]
[324, 44, -93]
[326, 44, -93]
[315, 45, -93]
[313, 46, -93]
[310, 46, -93]
[329, 47, -50]
[308, 49, -50]
[324, 56, -83]
[315, 57, -83]
[349, 81, -23]
[293, 81, -20]
[359, 123, -60]
[282, 122, -58]
[372, 106, -145]
[280, 108, -153]
[382, 101, -162]
[278, 105, -171]
[383, 95, -166]
[279, 99, -174]
[379, 97, -149]
[281, 100, -157]
[337, 165, -3]
[307, 165, 3]
[337, 225, -5]
[308, 226, 13]
[337, 281, 55]
[311, 278, 79]
[334, 287, 59]
[314, 286, 83]
[336, 302, 12]
[308, 299, 40]
[319, 50, -88]
[322, 44, -81]
[324, 44, -81]
[326, 44, -81]
[315, 45, -81]
[313, 45, -81]
[310, 46, -81]
[329, 47, -38]
[308, 49, -39]
[324, 56, -72]
[315, 57, -72]
[349, 81, -14]
[293, 81, -13]
[359, 121, -49]
[282, 119, -49]
[365, 106, -131]
[282, 111, -140]
[371, 105, -148]
[280, 111, -157]
[380, 97, -152]
[281, 104, -161]
[376, 98, -135]
[283, 104, -144]
[337, 165, -3]
[307, 165, 3]
[337, 225, -4]
[308, 226, 11]
[337, 281, 56]
[311, 278, 79]
[334, 287, 59]
[314, 286, 83]
[336, 302, 13]
[308, 299, 40]
[319, 50, -81]
[322, 44, -74]
[324, 44, -74]
[326, 44, -74]
[315, 45, -74]
[313, 45, -74]
[310, 46, -74]
[329, 47, -31]
[308, 49, -31]
[324, 56, -65]
[315, 57, -65]
[349, 81, -12]
[293, 81, -3]
[359, 119, -43]
[282, 117, -30]
[360, 111, -124]
[282, 115, -114]
[365, 114, -141]
[280, 116, -131]
[362, 108, -147]
[282, 110, -137]
[360, 106, -129]
[283, 109, -120]
[337, 165, -4]
[307, 166, 4]
[337, 225, -5]
[308, 226, 8]
[337, 281, 56]
[311, 278, 74]
[334, 287, 60]
[314, 286, 77]
[336, 302, 13]
[308, 299, 35]
[319, 50, -83]
[322, 44, -76]
[324, 44, -76]
[326, 44, -76]
[315, 45, -76]
[313, 45, -76]
[310, 46, -76]
[329, 47, -33]
[308, 49, -34]
[324, 56, -67]
[315, 57, -67]
[349, 81, -11]
[293, 81, -8]
[359, 119, -43]
[283, 117, -42]
[361, 111, -124]
[284, 114, -132]
[364, 113, -140]
[282, 114, -149]
[369, 105, -144]
[284, 108, -154]
[367, 104, -128]
[286, 107, -137]
[337, 165, -3]
[307, 166, 3]
[337, 225, -5]
[308, 227, 8]
[337, 281, 58]
[311, 278, 79]
[334, 287, 61]
[314, 286, 83]
[336, 302, 14]
[308, 300, 40]
[319, 50, -84]
[322, 44, -77]
[324, 44, -77]
[326, 44, -77]
[315, 45, -77]
[313, 45, -77]
[310, 46, -77]
[329, 47, -34]
[308, 49, -35]
[324, 56, -68]
[315, 57, -68]
[349, 81, -12]
[293, 81, -7]
[359, 119, -42]
[284, 117, -39]
[361, 111, -123]
[284, 114, -128]
[367, 113, -140]
[283, 114, -145]
[371, 105, -145]
[284, 107, -150]
[369, 105, -128]
[286, 107, -133]
[337, 166, -3]
[307, 166, 3]
[337, 226, -5]
[308, 227, 9]
[337, 281, 60]
[311, 278, 82]
[335, 287, 64]
[314, 286, 86]
[336, 302, 16]
[308, 300, 43]
[319, 49, -81]
[322, 44, -74]
[324, 44, -74]
[326, 44, -74]
[315, 45, -74]
[313, 45, -74]
[311, 46, -74]
[329, 47, -31]
[308, 49, -32]
[324, 56, -65]
[315, 57, -65]
[349, 81, -8]
[293, 81, -5]
[359, 120, -34]
[285, 117, -38]
[378, 114, -112]
[284, 113, -130]
[374, 115, -128]
[283, 114, -147]
[375, 109, -135]
[284, 107, -152]
[379, 108, -117]
[286, 107, -135]
[337, 166, -3]
[307, 166, 3]
[337, 226, -5]
[308, 227, 9]
[337, 281, 60]
[311, 278, 81]
[335, 287, 64]
[314, 286, 86]
[336, 302, 16]
[308, 300, 42]
[319, 49, -84]
[322, 44, -77]
[324, 44, -77]
[326, 44, -77]
[315, 45, -77]
[313, 45, -77]
[311, 46, -77]
[329, 47, -34]
[308, 49, -35]
[324, 56, -68]
[315, 57, -68]
[349, 82, -10]
[293, 81, -6]
[359, 120, -38]
[284, 117, -37]
[381, 116, -119]
[283, 113, -131]
[384, 115, -136]
[282, 113, -148]
[384, 109, -142]
[284, 107, -154]
[382, 109, -124]
[285, 107, -136]
[337, 166, -3]
[307, 166, 3]
[337, 226, -5]
[308, 227, 9]
[337, 281, 60]
[311, 278, 81]
[335, 287, 64]
[314, 286, 86]
[336, 302, 16]
[308, 300, 41]
[319, 49, -81]
[322, 44, -74]
[324, 44, -74]
[326, 44, -74]
[315, 45, -74]
[313, 45, -74]
[311, 46, -74]
[329, 47, -31]
[308, 49, -32]
[324, 56, -65]
[315, 57, -65]
[349, 82, -8]
[293, 81, -3]
[359, 121, -34]
[283, 117, -33]
[381, 117, -113]
[283, 115, -125]
[382, 116, -129]
[282, 115, -142]
[385, 110, -135]
[283, 109, -148]
[382, 110, -117]
[285, 109, -130]
[337, 166, -3]
[307, 166, 3]
[337, 226, -6]
[308, 227, 9]
[337, 280, 59]
[311, 278, 80]
[335, 287, 63]
[314, 286, 85]
[336, 302, 15]
[308, 300, 40]
[319, 49, -83]
[322, 44, -76]
[324, 44, -76]
[326, 44, -76]
[315, 45, -76]
[313, 45, -76]
[311, 46, -76]
[329, 47, -32]
[308, 49, -34]
[324, 56, -67]
[315, 57, -67]
[349, 82, -10]
[293, 81, -4]
[360, 121, -38]
[283, 117, -37]
[384, 117, -117]
[283, 116, -130]
[389, 117, -133]
[282, 116, -147]
[392, 111, -140]
[283, 111, -152]
[384, 111, -122]
[285, 111, -135]
[337, 165, -2]
[307, 166, 2]
[337, 226, -6]
[308, 227, 8]
[337, 280, 60]
[311, 278, 77]
[335, 287, 64]
[314, 286, 81]
[336, 302, 16]
[308, 300, 36]
[319, 49, -84]
[322, 44, -77]
[324, 44, -77]
[326, 44, -77]
[315, 45, -78]
[313, 45, -78]
[311, 46, -78]
[329, 47, -34]
[308, 49, -35]
[324, 56, -68]
[316, 57, -68]
[349, 82, -11]
[293, 81, -5]
[360, 122, -35]
[281, 118, -39]
[382, 119, -114]
[283, 115, -132]
[388, 119, -130]
[282, 116, -149]
[390, 113, -137]
[283, 110, -154]
[383, 113, -119]
[285, 110, -137]
[337, 165, -2]
[307, 166, 2]
[337, 226, -6]
[308, 227, 7]
[337, 280, 59]
[311, 278, 75]
[335, 287, 63]
[314, 286, 79]
[336, 302, 15]
[308, 300, 34]
[319, 49, -85]
[322, 44, -78]
[324, 44, -78]
[326, 44, -78]
[315, 45, -78]
[313, 45, -78]
[311, 46, -78]
[329, 47, -35]
[308, 49, -36]
[324, 56, -69]
[316, 57, -69]
[349, 82, -11]
[293, 81, -6]
[361, 122, -33]
[281, 118, -36]
[383, 121, -112]
[283, 117, -127]
[388, 121, -128]
[281, 119, -145]
[389, 115, -136]
[283, 114, -151]
[384, 115, -117]
[285, 114, -133]
[337, 165, -2]
[307, 166, 2]
[337, 226, -7]
[308, 227, 7]
[337, 280, 57]
[311, 278, 73]
[335, 287, 61]
[314, 286, 77]
[336, 302, 13]
[308, 300, 33]
[319, 49, -84]
[322, 44, -77]
[324, 44, -77]
[326, 44, -77]
[315, 45, -77]
[313, 45, -77]
[311, 46, -77]
[329, 47, -35]
[308, 49, -34]
[324, 56, -68]
[316, 57, -68]
[349, 82, -11]
[293, 81, -5]
[361, 122, -33]
[281, 119, -30]
[382, 121, -114]
[283, 120, -122]
[379, 122, -131]
[279, 121, -139]
[378, 116, -138]
[282, 116, -147]
[383, 115, -119]
[284, 116, -128]
[337, 165, -2]
[307, 166, 2]
[337, 226, -7]
[308, 227, 7]
[337, 280, 57]
[311, 278, 74]
[335, 287, 61]
[314, 286, 78]
[336, 302, 14]
[308, 300, 34]
[319, 49, -80]
[322, 44, -74]
[325, 44, -74]
[326, 44, -74]
[315, 45, -73]
[313, 45, -73]
[311, 46, -73]
[329, 47, -33]
[308, 49, -31]
[324, 56, -65]
[316, 57, -64]
[349, 82, -11]
[293, 82, -2]
[360, 122, -34]
[281, 119, -25]
[368, 122, -116]
[283, 122, -115]
[371, 123, -133]
[279, 124, -132]
[368, 118, -139]
[281, 119, -140]
[365, 117, -121]
[284, 118, -120]
[337, 165, -3]
[307, 166, 3]
[337, 226, -9]
[308, 227, 6]
[337, 280, 55]
[311, 278, 73]
[335, 287, 58]
[314, 286, 77]
[336, 302, 12]
[308, 300, 34]
[319, 49, -82]
[322, 44, -75]
[325, 44, -75]
[326, 44, -75]
[316, 45, -75]
[313, 45, -75]
[311, 46, -75]
[329, 47, -33]
[308, 49, -33]
[324, 56, -66]
[316, 57, -66]
[349, 82, -12]
[293, 82, -3]
[359, 122, -34]
[281, 120, -25]
[367, 123, -117]
[282, 124, -114]
[372, 125, -134]
[278, 125, -131]
[371, 119, -139]
[281, 120, -139]
[370, 118, -122]
[284, 120, -119]
[337, 165, -3]
[307, 166, 3]
[337, 226, -9]
[308, 227, 6]
[337, 280, 55]
[311, 278, 73]
[335, 287, 59]
[314, 286, 77]
[336, 302, 12]
[308, 300, 33]
[319, 49, -87]
[322, 44, -80]
[325, 44, -80]
[326, 44, -80]
[316, 45, -80]
[313, 45, -80]
[311, 46, -80]
[329, 47, -39]
[308, 49, -36]
[324, 56, -71]
[316, 57, -70]
[349, 83, -16]
[293, 82, -4]
[358, 123, -35]
[281, 121, -25]
[368, 124, -117]
[278, 125, -112]
[372, 126, -134]
[273, 126, -128]
[372, 121, -142]
[274, 121, -137]
[371, 118, -122]
[280, 120, -118]
[337, 165, -3]
[307, 166, 3]
[337, 226, -9]
[308, 227, 6]
[337, 281, 57]
[311, 278, 73]
[335, 287, 61]
[314, 286, 77]
[336, 302, 13]
[308, 300, 34]
[320, 49, -94]
[323, 44, -87]
[325, 44, -87]
[326, 44, -87]
[316, 45, -87]
[313, 45, -87]
[311, 46, -87]
[329, 47, -46]
[308, 49, -44]
[325, 56, -78]
[316, 57, -77]
[349, 83, -23]
[294, 82, -12]
[358, 123, -37]
[281, 122, -28]
[376, 126, -117]
[278, 125, -114]
[384, 128, -133]
[272, 127, -131]
[383, 124, -142]
[273, 123, -139]
[379, 121, -122]
[279, 122, -120]
[337, 166, -3]
[307, 166, 3]
[337, 226, -7]
[308, 228, 6]
[337, 281, 62]
[311, 278, 75]
[335, 287, 66]
[314, 286, 79]
[336, 302, 18]
[308, 300, 35]
[320, 49, -92]
[323, 44, -86]
[325, 44, -86]
[326, 44, -86]
[316, 45, -85]
[313, 45, -85]
[311, 46, -85]
[329, 47, -44]
[309, 49, -43]
[325, 56, -77]
[316, 57, -76]
[349, 83, -21]
[293, 82, -11]
[358, 124, -34]
[281, 122, -29]
[377, 127, -113]
[278, 126, -113]
[383, 129, -129]
[273, 129, -129]
[384, 124, -139]
[277, 125, -138]
[380, 122, -118]
[281, 123, -119]
[337, 166, -2]
[307, 166, 2]
[337, 226, -7]
[308, 228, 5]
[337, 281, 61]
[311, 278, 72]
[335, 287, 65]
[314, 286, 76]
[336, 302, 18]
[308, 300, 32]
[320, 49, -81]
[323, 44, -75]
[325, 44, -75]
[326, 44, -75]
[316, 45, -75]
[313, 45, -75]
[311, 46, -75]
[329, 47, -34]
[309, 49, -33]
[325, 56, -66]
[316, 57, -66]
[349, 83, -12]
[293, 82, -6]
[357, 124, -27]
[281, 122, -25]
[372, 128, -104]
[280, 125, -109]
[376, 131, -121]
[277, 130, -126]
[375, 127, -131]
[281, 126, -134]
[379, 123, -110]
[283, 124, -115]
[337, 166, -2]
[307, 166, 2]
[337, 226, -7]
[308, 228, 4]
[337, 281, 58]
[311, 278, 70]
[335, 287, 61]
[314, 286, 74]
[336, 302, 15]
[308, 300, 31]
[320, 49, -80]
[323, 44, -73]
[325, 44, -73]
[326, 44, -73]
[316, 45, -73]
[314, 45, -73]
[311, 46, -73]
[330, 47, -33]
[309, 49, -31]
[325, 56, -64]
[316, 57, -64]
[350, 83, -11]
[294, 82, -4]
[357, 124, -29]
[281, 122, -22]
[368, 129, -108]
[280, 127, -105]
[370, 132, -125]
[278, 132, -122]
[369, 128, -134]
[282, 128, -130]
[368, 126, -114]
[283, 126, -111]
[337, 166, -2]
[307, 166, 2]
[337, 226, -7]
[308, 228, 3]
[337, 281, 56]
[311, 278, 68]
[335, 287, 60]
[314, 286, 72]
[336, 302, 14]
[308, 300, 28]
[320, 49, -74]
[323, 44, -68]
[325, 44, -68]
[327, 44, -68]
[316, 45, -67]
[314, 45, -67]
[311, 46, -67]
[330, 47, -28]
[309, 49, -26]
[325, 56, -59]
[316, 57, -58]
[350, 83, -8]
[294, 82, 0]
[357, 121, -30]
[281, 120, -19]
[363, 129, -110]
[281, 127, -103]
[366, 133, -126]
[279, 133, -120]
[363, 129, -135]
[283, 130, -128]
[361, 127, -115]
[284, 128, -108]
[337, 166, -2]
[307, 166, 2]
[337, 226, -9]
[308, 228, 1]
[337, 280, 52]
[311, 278, 64]
[335, 287, 55]
[314, 286, 67]
[336, 302, 9]
[308, 300, 25]
[320, 49, -75]
[323, 44, -69]
[325, 44, -69]
[327, 44, -69]
[316, 45, -69]
[314, 45, -69]
[311, 46, -69]
[330, 47, -29]
[309, 49, -28]
[325, 56, -60]
[316, 57, -60]
[350, 83, -8]
[294, 82, -2]
[357, 119, -29]
[282, 118, -22]
[362, 129, -108]
[281, 128, -106]
[365, 134, -125]
[280, 134, -123]
[362, 131, -134]
[284, 131, -132]
[360, 128, -113]
[285, 129, -112]
[337, 166, -2]
[307, 166, 2]
[337, 226, -8]
[308, 228, 2]
[337, 280, 53]
[311, 278, 66]
[335, 287, 56]
[314, 286, 69]
[336, 302, 10]
[308, 300, 26]
[320, 49, -77]
[323, 44, -71]
[325, 44, -71]
[327, 44, -71]
[316, 45, -71]
[314, 45, -71]
[311, 46, -71]
[330, 47, -31]
[309, 49, -29]
[325, 56, -62]
[316, 57, -62]
[350, 83, -10]
[294, 82, -2]
[357, 118, -30]
[282, 118, -21]
[361, 131, -107]
[282, 132, -97]
[364, 137, -124]
[280, 138, -113]
[362, 134, -134]
[284, 134, -123]
[359, 131, -113]
[285, 132, -103]
[338, 166, -2]
[307, 166, 2]
[337, 226, -7]
[308, 228, 2]
[337, 280, 56]
[311, 278, 66]
[335, 287, 59]
[314, 286, 70]
[336, 302, 13]
[308, 300, 28]
[320, 49, -78]
[323, 44, -72]
[325, 44, -72]
[327, 44, -72]
[316, 45, -72]
[314, 45, -72]
[311, 46, -72]
[330, 47, -32]
[309, 49, -32]
[325, 56, -63]
[317, 57, -62]
[350, 83, -11]
[293, 82, -5]
[357, 117, -16]
[283, 118, -1]
[361, 133, -75]
[282, 134, -48]
[364, 139, -89]
[280, 140, -61]
[362, 136, -100]
[284, 137, -72]
[359, 133, -81]
[286, 135, -54]
[338, 166, -2]
[307, 166, 2]
[337, 226, -6]
[308, 228, 2]
[337, 280, 59]
[311, 278, 70]
[335, 287, 62]
[314, 286, 74]
[336, 302, 17]
[308, 300, 33]
[320, 49, -77]
[323, 44, -71]
[325, 44, -71]
[327, 44, -71]
[316, 45, -71]
[314, 45, -71]
[311, 46, -71]
[330, 47, -33]
[309, 49, -32]
[325, 56, -62]
[317, 57, -62]
[350, 83, -10]
[293, 82, -6]
[357, 115, -6]
[283, 116, -2]
[361, 134, -58]
[282, 134, -51]
[363, 141, -70]
[281, 142, -63]
[361, 138, -80]
[285, 139, -73]
[359, 135, -63]
[286, 137, -56]
[338, 166, -2]
[307, 166, 2]
[337, 226, -6]
[308, 228, 3]
[337, 280, 56]
[311, 278, 70]
[335, 287, 59]
[314, 286, 74]
[336, 302, 15]
[308, 300, 33]
[320, 49, -78]
[323, 44, -72]
[325, 44, -72]
[327, 44, -72]
[316, 45, -73]
[314, 45, -73]
[312, 45, -73]
[330, 47, -35]
[309, 49, -37]
[325, 56, -63]
[317, 57, -64]
[350, 83, -10]
[293, 82, -9]
[357, 116, 0]
[283, 116, 14]
[365, 136, -44]
[283, 137, -4]
[364, 143, -56]
[281, 144, -12]
[363, 140, -67]
[285, 142, -25]
[360, 138, -50]
[287, 140, -10]
[338, 166, -2]
[307, 166, 2]
[337, 226, -6]
[308, 228, 3]
[337, 280, 56]
[311, 278, 72]
[335, 287, 60]
[314, 286, 76]
[336, 302, 15]
[308, 300, 34]
[320, 49, -82]
[323, 44, -77]
[325, 44, -77]
[327, 44, -77]
[316, 45, -78]
[314, 45, -78]
[312, 45, -78]
[330, 47, -40]
[309, 49, -43]
[325, 56, -68]
[317, 57, -69]
[350, 82, -11]
[293, 82, -12]
[357, 115, 21]
[284, 116, 28]
[362, 138, 4]
[283, 139, 31]
[364, 144, -1]
[281, 146, 28]
[363, 142, -12]
[285, 144, 16]
[360, 140, 0]
[287, 142, 27]
[338, 166, -2]
[307, 166, 2]
[337, 226, -6]
[308, 228, 1]
[337, 280, 56]
[311, 278, 72]
[335, 287, 60]
[314, 286, 76]
[336, 302, 16]
[308, 300, 34]
[320, 49, -83]
[323, 44, -77]
[325, 44, -77]
[327, 44, -77]
[316, 45, -78]
[314, 45, -78]
[312, 45, -78]
[330, 47, -41]
[309, 49, -43]
[325, 56, -68]
[317, 57, -69]
[350, 82, -11]
[293, 82, -12]
[357, 114, 25]
[284, 115, 29]
[360, 138, 10]
[283, 139, 31]
[363, 145, 5]
[282, 147, 27]
[361, 143, -6]
[286, 145, 16]
[358, 140, 5]
[287, 142, 26]
[338, 166, -2]
[307, 166, 2]
[337, 226, -6]
[308, 228, 0]
[337, 280, 56]
[311, 278, 70]
[335, 287, 60]
[314, 286, 75]
[336, 302, 16]
[308, 300, 34]
[320, 49, -87]
[323, 44, -82]
[325, 44, -82]
[327, 44, -82]
[316, 45, -83]
[314, 45, -83]
[312, 45, -83]
[330, 47, -46]
[309, 49, -50]
[325, 56, -74]
[317, 57, -75]
[350, 82, -14]
[293, 82, -18]
[357, 116, 25]
[284, 116, 27]
[361, 144, 19]
[284, 141, 41]
[361, 151, 16]
[283, 149, 40]
[359, 148, 5]
[286, 147, 29]
[359, 148, 14]
[288, 145, 37]
[339, 166, -2]
[307, 166, 2]
[337, 226, -7]
[308, 228, 0]
[337, 280, 57]
[311, 278, 70]
[335, 287, 60]
[314, 286, 74]
[336, 302, 17]
[308, 300, 34]
[320, 49, -86]
[323, 44, -81]
[325, 44, -81]
[327, 44, -81]
[316, 45, -82]
[314, 45, -82]
[312, 45, -82]
[330, 47, -45]
[309, 49, -48]
[325, 56, -72]
[317, 57, -73]
[351, 82, -14]
[293, 82, -17]
[357, 116, 28]
[284, 116, 29]
[359, 145, 22]
[285, 142, 40]
[360, 153, 20]
[283, 150, 39]
[359, 150, 8]
[286, 148, 28]
[357, 149, 18]
[288, 146, 36]
[339, 166, -2]
[307, 166, 2]
[337, 226, -8]
[308, 228, -1]
[337, 280, 56]
[311, 278, 69]
[335, 287, 60]
[313, 286, 74]
[336, 302, 17]
[308, 300, 34]
[320, 49, -86]
[323, 44, -81]
[325, 44, -81]
[327, 44, -81]
[316, 45, -81]
[314, 45, -81]
[312, 45, -81]
[330, 47, -43]
[309, 49, -46]
[325, 56, -72]
[317, 57, -72]
[351, 82, -13]
[293, 82, -15]
[357, 116, 29]
[285, 116, 33]
[358, 146, 25]
[285, 145, 48]
[358, 155, 23]
[284, 152, 47]
[357, 153, 12]
[287, 151, 37]
[355, 150, 21]
[289, 149, 44]
[339, 166, -2]
[307, 166, 2]
[337, 226, -8]
[308, 228, -2]
[337, 280, 56]
[311, 278, 69]
[335, 287, 60]
[313, 286, 73]
[336, 302, 18]
[308, 300, 34]
[320, 49, -86]
[323, 44, -80]
[325, 44, -80]
[327, 44, -80]
[316, 45, -81]
[314, 45, -81]
[312, 45, -81]
[330, 47, -43]
[309, 49, -46]
[325, 56, -71]
[317, 57, -72]
[351, 82, -13]
[293, 82, -15]
[357, 118, 25]
[285, 116, 30]
[357, 148, 21]
[285, 146, 43]
[357, 158, 18]
[284, 154, 43]
[355, 157, 7]
[287, 153, 32]
[353, 154, 17]
[289, 151, 39]
[339, 166, -2]
[307, 166, 2]
[337, 226, -9]
[308, 228, -1]
[337, 280, 57]
[311, 278, 69]
[335, 287, 61]
[313, 286, 73]
[336, 302, 18]
[308, 300, 34]
[320, 49, -85]
[323, 44, -80]
[325, 44, -80]
[327, 44, -80]
[316, 45, -81]
[314, 45, -81]
[312, 45, -81]
[330, 47, -43]
[309, 49, -46]
[325, 56, -71]
[317, 57, -72]
[351, 82, -14]
[293, 82, -15]
[357, 118, 23]
[285, 117, 30]
[357, 150, 18]
[285, 147, 42]
[356, 159, 15]
[284, 156, 41]
[355, 158, 4]
[287, 154, 29]
[353, 155, 13]
[289, 152, 38]
[339, 166, -2]
[307, 166, 2]
[337, 226, -9]
[308, 228, -2]
[337, 280, 57]
[311, 278, 68]
[335, 287, 61]
[313, 286, 72]
[336, 302, 18]
[308, 300, 33]
[320, 49, -86]
[323, 44, -80]
[325, 44, -80]
[327, 44, -80]
[316, 45, -81]
[314, 45, -81]
[312, 45, -81]
[330, 47, -44]
[309, 49, -47]
[325, 56, -72]
[317, 57, -73]
[351, 82, -15]
[293, 82, -16]
[357, 119, 22]
[285, 117, 27]
[357, 149, 16]
[285, 148, 33]
[357, 158, 13]
[284, 157, 31]
[356, 157, 2]
[287, 155, 19]
[354, 154, 11]
[289, 153, 29]
[339, 166, -2]
[307, 166, 2]
[337, 226, -9]
[308, 228, -1]
[337, 280, 57]
[311, 278, 68]
[335, 287, 61]
[313, 286, 72]
[336, 302, 18]
[308, 300, 32]
[320, 49, -85]
[323, 44, -79]
[325, 44, -79]
[327, 44, -79]
[316, 45, -80]
[314, 45, -80]
[312, 45, -80]
[330, 47, -44]
[309, 49, -47]
[325, 56, -71]
[317, 57, -72]
[351, 82, -15]
[293, 82, -15]
[357, 119, 24]
[285, 117, 29]
[357, 150, 20]
[285, 149, 37]
[357, 160, 18]
[284, 159, 35]
[356, 159, 7]
[286, 157, 24]
[354, 156, 16]
[289, 154, 33]
[339, 166, -2]
[307, 166, 2]
[337, 226, -10]
[308, 228, -2]
[337, 280, 55]
[311, 278, 66]
[335, 287, 59]
[313, 286, 70]
[336, 302, 17]
[308, 300, 30]
[321, 49, -85]
[323, 44, -79]
[325, 44, -79]
[327, 44, -79]
[317, 45, -80]
[314, 45, -80]
[312, 45, -80]
[330, 47, -44]
[309, 49, -46]
[325, 56, -71]
[317, 57, -72]
[351, 82, -15]
[293, 82, -14]
[357, 119, 24]
[285, 118, 29]
[356, 151, 20]
[285, 150, 36]
[357, 160, 18]
[284, 159, 34]
[356, 159, 7]
[287, 158, 23]
[354, 156, 16]
[289, 155, 32]
[339, 166, -2]
[307, 166, 2]
[337, 226, -11]
[308, 228, -2]
[337, 280, 54]
[311, 278, 66]
[335, 286, 58]
[313, 286, 70]
[336, 302, 16]
[308, 300, 30]
[321, 49, -85]
[324, 44, -79]
[326, 44, -79]
[327, 44, -79]
[317, 45, -80]
[314, 45, -80]
[312, 45, -80]
[330, 47, -43]
[309, 49, -46]
[325, 56, -71]
[317, 57, -72]
[351, 82, -15]
[293, 82, -14]
[357, 119, 23]
[285, 118, 27]
[356, 150, 19]
[285, 150, 30]
[357, 160, 16]
[284, 159, 27]
[356, 159, 5]
[287, 158, 16]
[354, 156, 14]
[289, 155, 26]
[339, 166, -3]
[307, 166, 3]
[337, 226, -11]
[308, 228, -2]
[337, 280, 52]
[311, 278, 64]
[335, 286, 55]
[313, 286, 68]
[336, 302, 13]
[308, 300, 29]
[321, 49, -85]
[324, 44, -80]
[326, 44, -80]
[327, 44, -80]
[317, 45, -80]
[314, 45, -80]
[312, 45, -80]
[330, 47, -43]
[309, 49, -45]
[325, 56, -71]
[317, 57, -72]
[351, 83, -15]
[293, 82, -14]
[357, 120, 23]
[285, 118, 29]
[357, 152, 20]
[285, 150, 34]
[357, 162, 17]
[285, 160, 33]
[356, 161, 6]
[288, 159, 22]
[354, 157, 15]
[289, 156, 30]
[339, 166, -3]
[307, 166, 3]
[337, 226, -11]
[308, 228, -2]
[337, 280, 52]
[311, 278, 65]
[335, 286, 56]
[313, 286, 69]
[336, 302, 14]
[308, 300, 29]
[321, 49, -88]
[324, 44, -82]
[326, 44, -82]
[327, 44, -82]
[317, 45, -83]
[314, 45, -83]
[312, 45, -83]
[330, 47, -45]
[309, 49, -48]
[325, 56, -74]
[317, 57, -75]
[351, 83, -16]
[293, 82, -16]
[357, 120, 22]
[285, 118, 28]
[357, 153, 18]
[285, 152, 32]
[358, 163, 15]
[285, 162, 30]
[356, 162, 3]
[288, 161, 19]
[354, 158, 13]
[289, 158, 28]
[339, 166, -3]
[307, 166, 3]
[337, 226, -11]
[308, 228, -2]
[337, 280, 53]
[311, 278, 65]
[335, 286, 56]
[313, 286, 69]
[336, 302, 14]
[308, 300, 30]
[321, 49, -89]
[324, 44, -83]
[326, 44, -83]
[327, 44, -83]
[317, 45, -84]
[314, 45, -84]
[312, 45, -84]
[330, 47, -45]
[309, 49, -48]
[325, 56, -74]
[317, 57, -75]
[351, 83, -16]
[293, 82, -15]
[357, 121, 23]
[285, 120, 30]
[356, 153, 20]
[287, 154, 41]
[357, 165, 18]
[287, 164, 40]
[355, 164, 6]
[289, 163, 29]
[354, 160, 16]
[291, 160, 38]
[339, 166, -3]
[307, 166, 3]
[337, 226, -12]
[308, 228, -4]
[337, 280, 55]
[311, 278, 65]
[335, 286, 59]
[313, 286, 70]
[336, 302, 17]
[308, 300, 29]
[321, 49, -93]
[324, 44, -87]
[326, 44, -87]
[327, 44, -87]
[317, 45, -88]
[314, 45, -88]
[312, 45, -88]
[330, 47, -49]
[309, 49, -52]
[325, 56, -78]
[317, 57, -79]
[351, 83, -19]
[293, 82, -17]
[357, 121, 21]
[286, 120, 30]
[356, 154, 17]
[287, 154, 36]
[357, 165, 14]
[288, 165, 34]
[355, 165, 3]
[290, 164, 23]
[354, 161, 13]
[291, 161, 32]
[339, 166, -3]
[307, 166, 3]
[337, 226, -12]
[308, 227, -3]
[337, 280, 54]
[311, 278, 65]
[335, 286, 58]
[313, 286, 69]
[336, 302, 16]
[308, 300, 28]
[321, 49, -95]
[324, 44, -89]
[326, 44, -89]
[327, 44, -89]
[317, 45, -90]
[314, 45, -90]
[312, 45, -90]
[330, 47, -51]
[309, 49, -54]
[325, 56, -80]
[317, 57, -81]
[351, 83, -21]
[293, 82, -19]
[357, 122, 18]
[286, 121, 27]
[356, 155, 17]
[288, 155, 34]
[356, 166, 13]
[288, 166, 31]
[355, 165, 2]
[290, 165, 21]
[354, 161, 12]
[292, 162, 30]
[339, 166, -3]
[307, 166, 3]
[337, 225, -12]
[308, 227, -3]
[337, 280, 54]
[311, 278, 65]
[335, 286, 58]
[313, 286, 68]
[336, 302, 16]
[308, 300, 28]
[321, 49, -96]
[324, 44, -91]
[326, 44, -91]
[327, 44, -91]
[317, 45, -91]
[314, 45, -91]
[312, 45, -91]
[330, 47, -52]
[309, 49, -56]
[325, 56, -81]
[317, 57, -82]
[351, 83, -22]
[293, 82, -22]
[357, 122, 17]
[286, 121, 23]
[356, 155, 14]
[288, 156, 32]
[356, 166, 10]
[289, 167, 31]
[355, 165, 0]
[291, 166, 19]
[354, 161, 9]
[292, 162, 28]
[339, 166, -3]
[307, 166, 3]
[337, 225, -10]
[308, 227, -2]
[337, 280, 56]
[311, 278, 65]
[335, 286, 60]
[313, 286, 69]
[336, 302, 17]
[308, 300, 28]
[321, 49, -97]
[324, 44, -92]
[326, 44, -92]
[327, 44, -92]
[317, 45, -93]
[314, 45, -93]
[312, 45, -93]
[330, 47, -54]
[309, 49, -57]
[325, 56, -83]
[317, 57, -84]
[351, 83, -24]
[293, 82, -24]
[357, 122, 13]
[287, 122, 17]
[356, 155, 6]
[289, 156, 20]
[357, 166, 2]
[289, 167, 18]
[356, 165, -9]
[291, 166, 6]
[354, 161, 1]
[292, 163, 16]
[339, 166, -2]
[307, 166, 2]
[337, 225, -8]
[308, 227, 1]
[337, 280, 57]
[311, 278, 68]
[335, 286, 61]
[313, 286, 72]
[336, 302, 18]
[308, 300, 30]
[321, 49, -97]
[324, 44, -91]
[326, 44, -91]
[327, 44, -91]
[317, 45, -92]
[314, 45, -92]
[312, 45, -92]
[330, 47, -53]
[309, 49, -56]
[325, 56, -82]
[317, 57, -83]
[351, 83, -23]
[293, 82, -23]
[357, 123, 14]
[288, 122, 19]
[356, 156, 7]
[290, 156, 23]
[358, 166, 3]
[291, 167, 21]
[357, 165, -7]
[293, 166, 9]
[355, 162, 3]
[294, 163, 18]
[339, 166, -2]
[307, 167, 2]
[337, 225, -8]
[308, 227, 0]
[337, 280, 59]
[311, 278, 71]
[335, 286, 63]
[313, 286, 75]
[336, 302, 20]
[308, 301, 33]
[321, 49, -97]
[324, 44, -91]
[326, 44, -91]
[327, 44, -91]
[317, 44, -92]
[314, 45, -92]
[312, 45, -92]
[331, 47, -53]
[309, 49, -56]
[325, 56, -82]
[317, 57, -83]
[351, 83, -23]
[293, 82, -23]
[357, 123, 15]
[288, 122, 20]
[357, 156, 8]
[290, 157, 27]
[358, 166, 4]
[292, 167, 26]
[357, 165, -7]
[293, 166, 15]
[355, 162, 3]
[295, 163, 23]
[339, 167, -2]
[307, 167, 2]
[337, 225, -8]
[308, 227, 0]
[337, 280, 59]
[311, 278, 71]
[335, 286, 63]
[313, 286, 75]
[336, 302, 20]
[308, 301, 33]
[321, 49, -98]
[324, 44, -92]
[326, 44, -92]
[328, 44, -92]
[317, 44, -93]
[314, 45, -93]
[312, 45, -93]
[331, 47, -54]
[309, 49, -57]
[325, 56, -83]
[317, 57, -84]
[351, 83, -23]
[293, 82, -23]
[357, 123, 15]
[289, 122, 21]
[357, 156, 8]
[292, 157, 33]
[358, 166, 5]
[293, 167, 32]
[358, 166, -6]
[295, 167, 21]
[356, 163, 4]
[296, 163, 29]
[339, 167, -2]
[307, 167, 2]
[337, 225, -8]
[308, 227, 0]
[337, 280, 61]
[311, 278, 73]
[335, 286, 65]
[313, 286, 78]
[336, 302, 22]
[308, 301, 36]
[321, 49, -98]
[324, 44, -92]
[326, 44, -92]
[328, 44, -92]
[317, 44, -93]
[314, 45, -93]
[312, 45, -93]
[331, 47, -55]
[309, 49, -57]
[325, 56, -83]
[317, 57, -84]
[351, 83, -24]
[293, 82, -23]
[357, 123, 13]
[289, 123, 20]
[358, 157, 6]
[291, 157, 30]
[359, 167, 3]
[293, 168, 29]
[358, 167, -8]
[295, 167, 17]
[356, 163, 2]
[295, 164, 26]
[339, 167, -2]
[307, 167, 2]
[337, 225, -8]
[308, 227, 2]
[337, 280, 61]
[311, 278, 74]
[335, 286, 65]
[313, 286, 79]
[336, 301, 22]
[308, 300, 37]
[321, 49, -99]
[324, 44, -93]
[326, 44, -93]
[328, 44, -93]
[317, 44, -94]
[314, 45, -94]
[312, 45, -94]
[331, 47, -56]
[309, 49, -58]
[325, 56, -84]
[317, 57, -85]
[351, 83, -26]
[293, 82, -24]
[357, 124, 9]
[289, 123, 16]
[358, 158, 1]
[291, 158, 20]
[359, 168, -2]
[292, 168, 17]
[358, 168, -14]
[294, 168, 5]
[357, 165, -3]
[295, 165, 15]
[339, 167, -2]
[307, 167, 2]
[337, 225, -8]
[308, 227, 3]
[337, 279, 61]
[311, 278, 75]
[335, 286, 66]
[313, 285, 80]
[336, 301, 22]
[308, 300, 38]
[321, 49, -99]
[324, 44, -94]
[326, 44, -94]
[328, 44, -94]
[317, 44, -94]
[314, 45, -94]
[312, 45, -94]
[331, 47, -56]
[309, 49, -59]
[325, 56, -85]
[317, 57, -85]
[351, 83, -26]
[293, 82, -25]
[357, 124, 10]
[289, 123, 15]
[358, 158, 1]
[291, 158, 19]
[360, 168, -2]
[292, 168, 17]
[358, 168, -13]
[294, 168, 5]
[357, 165, -3]
[295, 165, 15]
[339, 167, -2]
[307, 167, 2]
[337, 225, -7]
[308, 227, 3]
[337, 279, 63]
[311, 278, 75]
[335, 286, 67]
[313, 285, 79]
[336, 301, 24]
[308, 300, 37]
[321, 49, -100]
[324, 44, -94]
[326, 44, -94]
[328, 44, -94]
[317, 44, -95]
[314, 45, -95]
[312, 45, -95]
[331, 47, -57]
[309, 49, -59]
[325, 56, -85]
[317, 57, -86]
[351, 83, -27]
[293, 82, -26]
[357, 124, 8]
[289, 123, 14]
[358, 158, 0]
[291, 159, 16]
[360, 168, -3]
[292, 169, 13]
[358, 168, -15]
[293, 168, 1]
[357, 165, -4]
[294, 165, 11]
[339, 167, -2]
[307, 167, 2]
[337, 225, -6]
[308, 227, 4]
[337, 279, 63]
[311, 278, 74]
[335, 286, 67]
[313, 285, 79]
[336, 301, 24]
[308, 300, 37]
[321, 49, -100]
[324, 44, -94]
[326, 44, -94]
[328, 44, -94]
[317, 44, -95]
[314, 45, -95]
[312, 45, -95]
[331, 47, -57]
[309, 49, -59]
[325, 56, -85]
[317, 57, -86]
[351, 83, -28]
[293, 82, -25]
[357, 124, 8]
[289, 123, 16]
[359, 158, 1]
[291, 159, 18]
[360, 169, -1]
[291, 169, 15]
[359, 169, -13]
[292, 168, 3]
[357, 166, -2]
[294, 165, 13]
[339, 167, -2]
[307, 167, 2]
[337, 225, -6]
[308, 227, 4]
[337, 279, 63]
[311, 278, 74]
[335, 286, 67]
[313, 285, 78]
[336, 301, 24]
[308, 300, 37]
[321, 49, -99]
[324, 44, -94]
[326, 44, -94]
[328, 44, -94]
[317, 44, -94]
[314, 45, -94]
[312, 45, -94]
[331, 47, -57]
[309, 49, -58]
[325, 56, -85]
[317, 57, -85]
[351, 83, -27]
[293, 82, -25]
[357, 124, 9]
[289, 123, 16]
[359, 158, 1]
[291, 159, 19]
[360, 169, -1]
[291, 169, 17]
[359, 169, -13]
[292, 168, 5]
[357, 166, -2]
[294, 165, 15]
[339, 167, -2]
[307, 167, 2]
[337, 225, -7]
[308, 227, 4]
[337, 279, 62]
[311, 278, 75]
[335, 286, 67]
[313, 285, 79]
[336, 301, 24]
[308, 300, 38]
[321, 49, -99]
[324, 44, -94]
[326, 44, -94]
[328, 44, -94]
[317, 44, -94]
[314, 45, -94]
[312, 45, -94]
[331, 47, -56]
[309, 49, -58]
[325, 56, -85]
[317, 57, -85]
[351, 83, -27]
[293, 82, -25]
[357, 124, 10]
[289, 123, 18]
[359, 159, 2]
[291, 159, 25]
[360, 169, 0]
[291, 169, 23]
[359, 169, -12]
[292, 169, 12]
[357, 166, -2]
[294, 166, 21]
[339, 167, -2]
[307, 168, 2]
[337, 225, -7]
[308, 228, 4]
[337, 279, 62]
[311, 278, 76]
[335, 286, 67]
[313, 285, 80]
[336, 301, 24]
[308, 300, 38]
[321, 49, -99]
[324, 44, -94]
[326, 44, -94]
[328, 44, -94]
[317, 44, -94]
[314, 45, -94]
[312, 45, -94]
[331, 47, -56]
[309, 49, -58]
[325, 56, -85]
[317, 57, -85]
[351, 83, -27]
[293, 82, -25]
[357, 124, 11]
[289, 123, 20]
[359, 159, 6]
[291, 159, 31]
[360, 169, 4]
[292, 169, 30]
[359, 170, -7]
[293, 169, 19]
[357, 167, 2]
[295, 166, 27]
[339, 167, -2]
[307, 168, 2]
[337, 225, -8]
[308, 228, 4]
[337, 279, 63]
[311, 278, 77]
[335, 286, 68]
[313, 285, 81]
[336, 301, 25]
[308, 300, 40]
[321, 49, -100]
[324, 44, -95]
[326, 44, -95]
[328, 44, -95]
[317, 44, -95]
[314, 45, -95]
[312, 45, -95]
[331, 47, -57]
[309, 49, -59]
[325, 56, -85]
[317, 57, -86]
[351, 83, -27]
[293, 82, -25]
[357, 124, 11]
[289, 123, 21]
[359, 159, 8]
[291, 159, 33]
[360, 170, 6]
[293, 169, 32]
[358, 170, -4]
[294, 169, 21]
[357, 167, 4]
[295, 166, 29]
[339, 168, -2]
[307, 168, 2]
[337, 226, -9]
[308, 228, 4]
[337, 279, 63]
[311, 277, 79]
[335, 286, 68]
[313, 285, 83]
[336, 301, 25]
[308, 300, 43]
[321, 49, -100]
[324, 44, -95]
[326, 44, -95]
[328, 44, -95]
[317, 44, -95]
[314, 45, -95]
[312, 45, -95]
[331, 47, -57]
[309, 49, -59]
[325, 56, -86]
[317, 57, -86]
[351, 83, -28]
[293, 82, -24]
[357, 124, 10]
[289, 123, 21]
[359, 159, 8]
[291, 160, 31]
[360, 170, 5]
[292, 170, 30]
[358, 171, -5]
[294, 169, 19]
[357, 168, 4]
[295, 166, 27]
[339, 168, -2]
[307, 168, 2]
[337, 226, -9]
[307, 228, 4]
[337, 279, 64]
[311, 277, 80]
[335, 286, 68]
[313, 285, 85]
[336, 301, 26]
[308, 300, 44]
[321, 49, -100]
[324, 43, -95]
[326, 44, -95]
[327, 44, -95]
[317, 44, -95]
[314, 45, -95]
[312, 45, -95]
[331, 47, -57]
[309, 49, -59]
[325, 56, -86]
[317, 57, -86]
[351, 83, -28]
[293, 82, -24]
[357, 124, 10]
[289, 123, 21]
[359, 160, 8]
[291, 160, 30]
[360, 171, 5]
[292, 170, 29]
[358, 171, -5]
[293, 170, 18]
[357, 168, 3]
[295, 167, 26]
[339, 168, -2]
[307, 168, 2]
[337, 226, -9]
[307, 228, 4]
[337, 279, 64]
[311, 277, 79]
[335, 286, 68]
[313, 285, 84]
[336, 301, 26]
[308, 300, 43]
[321, 49, -100]
[324, 43, -95]
[326, 43, -95]
[327, 44, -95]
[317, 44, -95]
[314, 44, -95]
[312, 45, -95]
[331, 47, -57]
[309, 49, -59]
[325, 56, -86]
[317, 57, -86]
[351, 83, -28]
[293, 82, -24]
[357, 124, 10]
[289, 123, 21]
[359, 160, 7]
[291, 160, 30]
[360, 171, 4]
[292, 170, 28]
[358, 172, -6]
[293, 170, 17]
[356, 168, 2]
[295, 167, 26]
[339, 168, -3]
[307, 168, 3]
[337, 226, -9]
[307, 228, 4]
[337, 279, 64]
[311, 277, 78]
[335, 286, 68]
[313, 285, 83]
[336, 301, 25]
[308, 300, 42]
[321, 49, -100]
[324, 43, -95]
[326, 43, -95]
[327, 44, -95]
[317, 44, -95]
[314, 44, -95]
[312, 45, -95]
[331, 47, -58]
[309, 49, -59]
[325, 56, -86]
[317, 56, -87]
[351, 83, -29]
[293, 82, -24]
[357, 124, 8]
[289, 123, 21]
[359, 160, 4]
[291, 160, 28]
[360, 171, 1]
[291, 171, 27]
[358, 172, -10]
[293, 170, 15]
[356, 169, 0]
[294, 167, 24]
[339, 168, -3]
[307, 168, 3]
[337, 226, -9]
[307, 228, 4]
[337, 279, 63]
[311, 277, 78]
[335, 286, 68]
[313, 285, 83]
[336, 301, 25]
[308, 300, 42]
