[481, 188, -111]
[483, 177, -118]
[486, 177, -118]
[489, 176, -118]
[477, 178, -116]
[474, 178, -116]
[472, 178, -116]
[494, 178, -106]
[472, 180, -96]
[490, 196, -102]
[482, 196, -97]
[539, 231, -72]
[463, 218, -76]
[542, 286, -36]
[444, 229, -81]
[529, 269, -42]
[463, 204, -102]
[519, 272, -45]
[467, 201, -112]
[528, 258, -52]
[467, 192, -111]
[530, 258, -45]
[465, 194, -105]
[502, 399, -7]
[460, 397, 7]
[498, 453, 91]
[456, 449, 93]
[537, 517, 190]
[471, 486, 188]
[543, 527, 200]
[472, 527, 199]
[535, 552, 173]
[451, 514, 180]
[467, 105, 41]
[471, 98, 34]
[471, 99, 34]
[471, 100, 34]
[472, 98, 41]
[473, 98, 41]
[474, 98, 41]
[473, 106, 11]
[477, 105, 42]
[467, 115, 34]
[468, 114, 43]
[477, 157, -25]
[478, 156, 53]
[490, 241, -22]
[491, 225, 48]
[487, 279, 11]
[495, 232, 48]
[490, 292, 10]
[498, 228, 57]
[489, 285, 17]
[492, 247, 50]
[490, 280, 14]
[490, 239, 44]
[483, 316, -28]
[467, 306, 28]
[465, 349, -9]
[463, 319, 91]
[485, 450, -79]
[473, 372, 74]
[493, 466, -87]
[476, 381, 74]
[459, 491, -132]
[451, 402, 67]
[452, 99, 59]
[456, 91, 50]
[456, 91, 50]
[456, 92, 50]
[460, 90, 65]
[462, 90, 65]
[464, 90, 65]
[460, 96, 25]
[471, 94, 90]
[453, 108, 50]
[456, 107, 69]
[466, 140, -29]
[482, 147, 120]
[466, 196, -68]
[499, 216, 99]
[448, 276, -26]
[497, 252, 56]
[445, 286, -69]
[499, 275, 55]
[444, 285, -60]
[494, 285, 46]
[446, 282, -33]
[493, 277, 51]
[486, 295, -50]
[473, 291, 50]
[458, 340, -233]
[436, 315, 224]
[482, 465, -332]
[472, 341, 335]
[495, 486, -342]
[479, 343, 345]
[444, 497, -421]
[447, 375, 349]
[444, 93, 45]
[454, 84, 0]
[455, 85, 0]
[457, 86, 0]
[452, 82, 8]
[453, 82, 8]
[454, 82, 8]
[466, 95, -6]
[463, 90, 38]
[447, 104, 1]
[444, 102, 31]
[470, 145, -112]
[474, 142, 65]
[470, 212, -142]
[480, 211, 63]
[445, 277, -129]
[467, 257, 25]
[440, 294, -149]
[465, 284, 23]
[436, 292, -143]
[462, 290, 7]
[438, 289, -127]
[464, 284, 16]
[488, 295, -57]
[473, 286, 57]
[459, 355, -161]
[447, 327, 199]
[482, 475, -204]
[485, 362, 322]
[498, 500, -210]
[493, 368, 334]
[440, 504, -277]
[471, 409, 337]
[442, 93, -9]
[449, 84, -33]
[451, 85, -33]
[452, 85, -33]
[449, 83, -20]
[450, 84, -20]
[452, 84, -20]
[460, 94, -40]
[462, 91, 17]
[445, 104, -14]
[444, 103, 0]
[465, 143, -125]
[477, 141, 63]
[468, 209, -152]
[479, 216, 78]
[449, 275, -141]
[465, 262, 40]
[442, 291, -160]
[464, 286, 39]
[440, 289, -153]
[460, 290, 20]
[443, 283, -138]
[462, 286, 31]
[480, 287, -62]
[474, 278, 62]
[459, 361, -107]
[460, 343, 187]
[483, 481, -100]
[487, 369, 303]
[498, 502, -101]
[497, 380, 315]
[440, 499, -182]
[475, 417, 315]
[439, 91, -22]
[446, 82, -41]
[447, 83, -41]
[448, 83, -41]
[447, 82, -28]
[448, 82, -28]
[450, 83, -28]
[458, 91, -68]
[461, 89, 11]
[442, 101, -29]
[442, 101, -5]
[466, 140, -130]
[476, 141, 61]
[470, 203, -157]
[479, 211, 77]
[450, 275, -144]
[467, 265, 36]
[444, 288, -163]
[466, 286, 34]
[442, 286, -157]
[463, 287, 15]
[444, 282, -141]
[460, 284, 27]
[485, 279, -64]
[475, 273, 64]
[462, 367, -90]
[457, 342, 124]
[483, 481, -87]
[490, 412, 217]
[497, 500, -88]
[503, 422, 226]
[441, 501, -154]
[471, 439, 224]
[437, 90, -49]
[444, 82, -63]
[446, 82, -63]
[447, 83, -63]
[444, 82, -44]
[446, 82, -44]
[447, 82, -44]
[457, 91, -92]
[459, 89, -2]
[440, 100, -58]
[440, 100, -32]
[466, 143, -138]
[476, 141, 56]
[470, 213, -156]
[475, 209, 75]
[450, 274, -133]
[469, 261, 42]
[446, 287, -150]
[468, 276, 41]
[445, 284, -144]
[460, 284, 22]
[447, 280, -130]
[460, 277, 33]
[475, 282, -60]
[475, 277, 60]
[460, 370, -23]
[459, 357, 118]
[484, 476, 27]
[489, 446, 194]
[497, 497, 31]
[507, 457, 201]
[443, 498, -15]
[463, 471, 182]
[435, 90, -76]
[443, 82, -88]
[445, 83, -88]
[446, 83, -88]
[443, 82, -67]
[445, 82, -67]
[446, 82, -67]
[456, 90, -116]
[457, 89, -23]
[439, 101, -84]
[438, 101, -57]
[468, 142, -160]
[473, 143, 43]
[475, 214, -183]
[473, 210, 65]
[451, 275, -166]
[464, 268, 24]
[447, 293, -187]
[460, 283, 21]
[445, 292, -181]
[458, 286, 3]
[447, 286, -163]
[459, 281, 14]
[476, 282, -63]
[474, 278, 63]
[460, 371, -47]
[458, 354, 127]
[484, 477, -23]
[492, 418, 230]
[498, 499, -23]
[507, 425, 238]
[440, 499, -81]
[472, 439, 240]
[435, 92, -64]
[442, 84, -77]
[444, 84, -77]
[445, 85, -77]
[442, 84, -57]
[443, 84, -57]
[445, 84, -57]
[455, 91, -105]
[455, 90, -14]
[438, 102, -73]
[437, 102, -47]
[466, 142, -150]
[475, 144, 50]
[475, 213, -177]
[474, 211, 77]
[451, 275, -165]
[463, 268, 39]
[447, 294, -185]
[463, 283, 38]
[446, 293, -179]
[458, 285, 18]
[448, 286, -162]
[460, 281, 29]
[474, 283, -63]
[472, 280, 63]
[461, 370, -62]
[459, 359, 132]
[484, 481, -52]
[492, 424, 212]
[498, 503, -54]
[504, 448, 218]
[440, 501, -112]
[457, 468, 203]
[433, 92, -65]
[441, 84, -78]
[442, 84, -78]
[444, 85, -78]
[440, 84, -57]
[441, 84, -57]
[443, 84, -57]
[455, 91, -107]
[453, 90, -14]
[436, 102, -75]
[435, 102, -47]
[469, 143, -153]
[471, 145, 50]
[474, 214, -182]
[474, 213, 73]
[450, 276, -175]
[460, 271, 34]
[445, 293, -196]
[457, 285, 32]
[444, 292, -191]
[456, 286, 13]
[446, 287, -173]
[458, 283, 24]
[477, 285, -63]
[472, 281, 63]
[462, 371, -66]
[459, 361, 123]
[484, 480, -52]
[491, 425, 191]
[497, 501, -53]
[502, 470, 196]
[440, 502, -110]
[451, 476, 176]
[435, 89, -62]
[442, 81, -74]
[444, 82, -74]
[445, 82, -74]
[442, 81, -54]
[443, 81, -54]
[445, 81, -54]
[455, 90, -104]
[456, 88, -13]
[437, 99, -71]
[437, 100, -44]
[465, 143, -151]
[473, 145, 56]
[472, 216, -175]
[482, 211, 91]
[451, 276, -158]
[472, 264, 75]
[447, 293, -176]
[484, 276, 79]
[445, 292, -171]
[480, 277, 63]
[447, 287, -155]
[464, 274, 68]
[477, 283, -67]
[472, 279, 67]
[463, 369, -66]
[461, 359, 127]
[483, 478, -46]
[489, 439, 218]
[497, 503, -46]
[499, 472, 226]
[440, 501, -98]
[449, 477, 206]
[436, 87, -51]
[444, 79, -63]
[445, 80, -63]
[446, 80, -63]
[444, 79, -42]
[445, 80, -42]
[446, 80, -42]
[456, 89, -97]
[457, 88, -1]
[438, 98, -62]
[438, 98, -34]
[466, 145, -145]
[477, 145, 64]
[471, 215, -171]
[484, 210, 102]
[450, 275, -156]
[478, 260, 93]
[446, 292, -173]
[482, 271, 97]
[445, 290, -170]
[478, 272, 82]
[447, 286, -154]
[472, 268, 86]
[478, 285, -68]
[476, 281, 68]
[464, 370, -76]
[459, 357, 128]
[484, 478, -53]
[489, 447, 220]
[498, 503, -52]
[499, 471, 228]
[440, 502, -99]
[447, 470, 213]
[437, 87, -52]
[445, 80, -64]
[446, 80, -64]
[447, 81, -64]
[445, 80, -42]
[446, 80, -42]
[447, 80, -42]
[457, 89, -97]
[458, 88, -2]
[440, 98, -63]
[440, 99, -35]
[468, 144, -147]
[479, 145, 62]
[472, 216, -167]
[484, 211, 91]
[449, 275, -142]
[477, 260, 68]
[444, 291, -159]
[481, 270, 70]
[442, 289, -157]
[476, 271, 54]
[444, 286, -140]
[472, 267, 60]
[479, 284, -67]
[479, 281, 67]
[465, 370, -68]
[459, 357, 128]
[484, 478, -37]
[488, 451, 213]
[498, 503, -36]
[498, 464, 220]
[440, 502, -86]
[448, 472, 207]
[438, 88, -41]
[445, 81, -52]
[447, 81, -52]
[448, 81, -52]
[445, 81, -32]
[447, 81, -32]
[448, 81, -32]
[457, 90, -84]
[459, 88, 5]
[441, 99, -51]
[441, 100, -25]
[467, 144, -136]
[482, 145, 68]
[468, 214, -150]
[486, 212, 94]
[450, 272, -117]
[479, 259, 70]
[445, 288, -131]
[480, 269, 72]
[443, 287, -129]
[476, 269, 58]
[446, 283, -115]
[474, 265, 63]
[480, 283, -66]
[483, 279, 66]
[464, 370, -65]
[459, 357, 128]
[484, 478, -39]
[488, 451, 214]
[498, 502, -39]
[498, 458, 221]
[440, 502, -87]
[449, 469, 210]
[439, 89, -55]
[446, 82, -66]
[447, 82, -66]
[448, 82, -66]
[446, 81, -46]
[447, 81, -46]
[449, 81, -46]
[458, 90, -96]
[459, 89, -5]
[442, 100, -65]
[441, 100, -39]
[469, 144, -148]
[482, 145, 67]
[471, 216, -168]
[484, 213, 88]
[448, 276, -147]
[463, 266, 54]
[442, 294, -167]
[470, 280, 52]
[438, 292, -164]
[467, 280, 34]
[441, 287, -145]
[460, 274, 45]
[482, 285, -65]
[483, 281, 65]
[464, 373, -41]
[461, 360, 131]
[483, 480, 0]
[487, 452, 218]
[498, 503, 2]
[497, 461, 226]
[440, 503, -49]
[449, 471, 210]
[440, 90, -33]
[447, 82, -44]
[447, 82, -44]
[448, 82, -44]
[447, 82, -25]
[449, 82, -25]
[451, 82, -25]
[458, 91, -76]
[461, 89, 11]
[443, 101, -43]
[444, 101, -18]
[469, 144, -127]
[486, 146, 72]
[470, 210, -148]
[485, 210, 97]
[449, 264, -121]
[467, 256, 67]
[443, 278, -136]
[470, 268, 67]
[440, 277, -134]
[467, 267, 53]
[443, 270, -119]
[463, 263, 60]
[486, 282, -65]
[483, 278, 65]
[465, 371, -74]
[451, 352, 131]
[483, 480, -70]
[487, 423, 222]
[497, 503, -71]
[498, 433, 230]
[440, 503, -122]
[456, 447, 225]
[444, 90, -30]
[450, 82, -42]
[450, 83, -42]
[451, 83, -42]
[451, 82, -23]
[453, 82, -23]
[455, 82, -23]
[460, 91, -74]
[465, 89, 12]
[446, 101, -41]
[448, 101, -16]
[469, 144, -126]
[491, 146, 73]
[470, 209, -150]
[488, 209, 97]
[448, 261, -128]
[472, 256, 66]
[442, 274, -144]
[471, 269, 66]
[439, 273, -141]
[468, 268, 52]
[442, 268, -125]
[466, 264, 59]
[487, 281, -65]
[483, 279, 65]
[465, 372, -73]
[455, 355, 132]
[483, 482, -64]
[486, 433, 219]
[497, 503, -65]
[501, 441, 226]
[441, 504, -117]
[456, 452, 217]
[447, 90, -30]
[453, 83, -40]
[454, 83, -41]
[454, 83, -41]
[454, 82, -21]
[455, 82, -21]
[457, 82, -21]
[464, 91, -69]
[467, 90, 19]
[449, 101, -39]
[450, 101, -13]
[477, 143, -119]
[490, 146, 76]
[477, 208, -149]
[492, 210, 94]
[442, 259, -141]
[481, 262, 62]
[432, 271, -158]
[480, 275, 59]
[427, 266, -153]
[475, 275, 47]
[432, 263, -138]
[475, 271, 55]
[491, 278, -63]
[483, 277, 63]
[465, 370, -97]
[456, 350, 124]
[484, 480, -109]
[489, 406, 219]
[497, 501, -112]
[503, 412, 227]
[441, 503, -168]
[467, 425, 220]
[449, 90, -19]
[455, 83, -29]
[456, 83, -30]
[456, 83, -30]
[456, 82, -10]
[457, 83, -10]
[459, 83, -10]
[465, 91, -60]
[469, 90, 27]
[451, 101, -29]
[452, 101, -3]
[477, 143, -115]
[492, 146, 84]
[478, 208, -150]
[499, 210, 98]
[440, 258, -146]
[486, 268, 61]
[430, 273, -163]
[485, 281, 59]
[425, 265, -160]
[480, 282, 45]
[431, 261, -144]
[480, 278, 53]
[491, 277, -63]
[484, 276, 63]
[465, 369, -104]
[461, 353, 79]
[484, 481, -105]
[489, 440, 130]
[497, 501, -108]
[498, 462, 133]
[441, 503, -165]
[462, 447, 106]
[451, 90, -26]
[457, 83, -36]
[458, 83, -36]
[458, 83, -36]
[458, 83, -16]
[459, 83, -16]
[461, 83, -16]
[467, 91, -65]
[471, 90, 25]
[453, 102, -36]
[454, 101, -9]
[480, 143, -118]
[491, 147, 83]
[483, 211, -151]
[497, 217, 100]
[430, 257, -150]
[486, 271, 59]
[417, 269, -170]
[485, 283, 58]
[412, 260, -164]
[480, 283, 44]
[417, 257, -147]
[480, 279, 51]
[494, 277, -63]
[485, 276, 63]
[465, 367, -109]
[463, 354, 88]
[484, 480, -114]
[488, 448, 144]
[497, 500, -117]
[498, 460, 148]
[441, 503, -175]
[458, 461, 122]
[453, 91, -16]
[459, 84, -26]
[460, 84, -26]
[460, 84, -26]
[459, 83, -5]
[461, 84, -5]
[462, 84, -5]
[470, 91, -55]
[472, 91, 36]
[455, 102, -26]
[455, 102, 0]
[487, 144, -107]
[487, 148, 91]
[482, 212, -136]
[486, 219, 108]
[424, 250, -131]
[451, 264, 59]
[411, 259, -150]
[454, 282, 58]
[406, 252, -144]
[448, 280, 43]
[411, 249, -128]
[450, 278, 51]
[498, 277, -62]
[485, 276, 62]
[465, 367, -123]
[463, 354, 124]
[484, 480, -138]
[487, 411, 219]
[497, 500, -141]
[498, 418, 228]
[441, 502, -192]
[465, 426, 226]
[456, 92, -21]
[462, 84, -31]
[463, 85, -31]
[464, 85, -31]
[462, 84, -11]
[463, 84, -11]
[464, 84, -11]
[473, 92, -59]
[474, 91, 32]
[458, 103, -30]
[458, 102, -4]
[492, 144, -109]
[485, 149, 91]
[482, 213, -137]
[477, 221, 106]
[420, 240, -127]
[438, 254, 50]
[405, 247, -145]
[440, 276, 47]
[401, 237, -139]
[434, 272, 31]
[407, 236, -123]
[437, 270, 41]
[500, 277, -62]
[484, 277, 62]
[466, 367, -128]
[462, 348, 159]
[484, 480, -158]
[492, 395, 270]
[497, 500, -162]
[502, 400, 281]
[442, 503, -217]
[477, 410, 284]
[458, 92, -19]
[464, 84, -28]
[465, 85, -28]
[466, 85, -28]
[464, 84, -8]
[465, 84, -8]
[466, 84, -8]
[477, 92, -53]
[477, 91, 36]
[460, 103, -27]
[460, 102, -1]
[495, 144, -100]
[485, 151, 90]
[479, 215, -134]
[480, 227, 104]
[417, 233, -130]
[468, 272, 50]
[401, 238, -148]
[469, 285, 47]
[398, 229, -143]
[465, 282, 33]
[403, 228, -127]
[465, 279, 42]
[501, 278, -60]
[484, 277, 60]
[466, 366, -164]
[462, 350, 157]
[485, 480, -206]
[494, 373, 280]
[497, 500, -211]
[509, 397, 292]
[442, 503, -273]
[487, 410, 292]
[460, 93, -21]
[466, 85, -31]
[467, 86, -31]
[468, 86, -31]
[465, 85, -11]
[466, 85, -11]
[467, 85, -11]
[478, 92, -57]
[478, 91, 30]
[462, 104, -29]
[462, 103, -4]
[495, 145, -103]
[489, 151, 86]
[479, 216, -131]
[480, 225, 105]
[416, 231, -118]
[478, 272, 55]
[400, 237, -133]
[478, 284, 52]
[397, 227, -128]
[474, 281, 40]
[403, 226, -115]
[474, 278, 49]
[500, 278, -59]
[486, 277, 60]
[466, 366, -129]
[463, 352, 155]
[485, 481, -156]
[505, 387, 282]
[497, 501, -161]
[517, 391, 295]
[442, 503, -215]
[496, 408, 302]
[461, 93, -23]
[467, 86, -33]
[468, 86, -33]
[469, 86, -33]
[467, 85, -13]
[467, 85, -13]
[468, 86, -13]
[480, 92, -59]
[479, 92, 30]
[463, 104, -31]
[463, 104, -5]
[499, 145, -104]
[489, 151, 87]
[477, 216, -132]
[475, 225, 106]
[412, 224, -121]
[461, 270, 54]
[396, 227, -137]
[458, 278, 50]
[394, 217, -131]
[454, 273, 37]
[400, 217, -117]
[455, 271, 47]
[500, 278, -59]
[485, 277, 60]
[466, 366, -130]
[463, 353, 168]
[485, 481, -166]
[501, 397, 277]
[498, 501, -171]
[513, 403, 287]
[442, 503, -230]
[487, 415, 283]
[462, 93, -29]
[468, 85, -39]
[470, 86, -39]
[471, 86, -39]
[468, 85, -19]
[469, 85, -19]
[470, 85, -19]
[482, 92, -59]
[481, 92, 27]
[465, 104, -36]
[464, 104, -11]
[503, 146, -106]
[485, 153, 83]
[476, 216, -144]
[471, 223, 104]
[410, 215, -156]
[460, 265, 57]
[395, 213, -175]
[458, 272, 54]
[393, 201, -168]
[454, 268, 41]
[400, 203, -152]
[454, 265, 50]
[500, 279, -60]
[483, 279, 60]
[466, 366, -134]
[463, 358, 160]
[485, 481, -161]
[489, 438, 257]
[498, 501, -165]
[506, 433, 266]
[442, 503, -230]
[474, 442, 257]
[465, 94, -18]
[471, 86, -28]
[472, 86, -28]
[473, 86, -28]
[471, 85, -10]
[472, 85, -10]
[473, 85, -10]
[483, 93, -51]
[484, 92, 30]
[467, 104, -25]
[467, 104, -1]
[501, 146, -95]
[496, 153, 83]
[472, 211, -148]
[489, 225, 104]
[409, 196, -170]
[481, 274, 76]
[395, 191, -186]
[483, 284, 77]
[394, 180, -178]
[478, 283, 66]
[400, 184, -166]
[477, 279, 70]
[498, 280, -59]
[484, 280, 59]
[465, 367, -111]
[464, 358, 158]
[485, 482, -161]
[492, 423, 271]
[498, 501, -161]
[506, 423, 283]
[442, 503, -207]
[477, 435, 282]
[469, 94, -22]
[474, 86, -32]
[475, 86, -32]
[476, 87, -32]
[475, 85, -15]
[476, 86, -15]
[477, 86, -15]
[485, 93, -55]
[486, 92, 24]
[471, 104, -26]
[470, 104, -5]
[502, 146, -98]
[494, 153, 75]
[469, 206, -148]
[502, 231, 87]
[408, 184, -167]
[516, 290, 57]
[396, 176, -182]
[526, 305, 61]
[396, 168, -174]
[520, 304, 61]
[402, 173, -163]
[515, 300, 56]
[499, 281, -59]
[483, 281, 59]
[465, 367, -134]
[464, 358, 165]
[485, 482, -156]
[503, 400, 308]
[498, 500, -159]
[515, 402, 322]
[441, 503, -215]
[491, 416, 320]
[468, 93, -23]
[474, 85, -32]
[475, 86, -32]
[477, 86, -32]
[474, 85, -15]
[475, 85, -15]
[475, 85, -15]
[486, 93, -56]
[486, 92, 24]
[470, 104, -28]
[469, 104, -6]
[502, 146, -98]
[494, 153, 75]
[467, 202, -148]
[501, 230, 86]
[408, 180, -163]
[508, 286, 53]
[396, 170, -177]
[516, 300, 55]
[397, 165, -169]
[511, 299, 60]
[402, 169, -159]
[507, 295, 51]
[499, 281, -59]
[483, 281, 59]
[465, 368, -120]
[465, 358, 163]
[485, 482, -140]
[505, 397, 294]
[498, 500, -143]
[516, 400, 306]
[441, 503, -197]
[492, 415, 306]
[468, 94, -13]
[475, 85, -22]
[476, 86, -23]
[477, 86, -23]
[474, 85, -5]
[475, 85, -5]
[476, 85, -5]
[486, 93, -47]
[486, 92, 30]
[470, 104, -20]
[469, 104, 1]
[502, 145, -93]
[493, 153, 77]
[464, 200, -142]
[498, 229, 90]
[407, 179, -159]
[500, 284, 63]
[397, 169, -169]
[506, 298, 63]
[397, 163, -161]
[502, 294, 58]
[402, 168, -155]
[499, 288, 59]
[497, 281, -59]
[482, 281, 59]
[465, 369, -120]
[465, 360, 151]
[485, 482, -133]
[489, 426, 261]
[498, 500, -135]
[516, 424, 271]
[441, 503, -191]
[486, 436, 259]
[467, 94, -13]
[474, 85, -23]
[475, 86, -23]
[476, 86, -23]
[474, 85, -8]
[475, 85, -8]
[476, 85, -8]
[486, 93, -49]
[486, 92, 24]
[469, 104, -20]
[468, 104, -2]
[502, 145, -96]
[487, 153, 73]
[461, 198, -153]
[478, 224, 95]
[408, 168, -178]
[462, 245, 71]
[398, 156, -197]
[462, 250, 71]
[398, 150, -191]
[458, 244, 61]
[403, 155, -176]
[458, 242, 66]
[495, 282, -58]
[479, 282, 58]
[465, 370, -120]
[465, 361, 163]
[485, 482, -134]
[492, 421, 288]
[499, 501, -136]
[515, 424, 300]
[441, 503, -192]
[486, 431, 293]
[467, 94, -15]
[474, 85, -24]
[475, 86, -24]
[476, 86, -24]
[473, 85, -10]
[474, 85, -10]
[475, 85, -10]
[485, 93, -52]
[486, 92, 21]
[469, 105, -22]
[468, 104, -3]
[502, 145, -97]
[482, 152, 74]
[461, 194, -161]
[453, 198, 105]
[409, 158, -182]
[413, 162, 83]
[400, 147, -198]
[410, 161, 84]
[399, 142, -192]
[408, 154, 78]
[407, 146, -179]
[411, 157, 78]
[493, 282, -58]
[476, 283, 58]
[465, 371, -105]
[465, 361, 162]
[485, 482, -126]
[501, 413, 279]
[499, 501, -129]
[516, 417, 291]
[441, 503, -179]
[488, 425, 289]
[467, 97, -16]
[473, 87, -25]
[474, 87, -25]
[475, 87, -25]
[473, 87, -10]
[474, 87, -10]
[475, 87, -10]
[485, 93, -50]
[485, 93, 21]
[469, 107, -23]
[468, 107, -2]
[502, 144, -93]
[482, 154, 75]
[460, 190, -150]
[452, 202, 99]
[420, 149, -150]
[418, 158, 72]
[414, 136, -161]
[419, 165, 75]
[418, 130, -156]
[418, 157, 66]
[425, 136, -147]
[420, 160, 74]
[491, 282, -57]
[474, 284, 57]
[465, 372, -98]
[465, 363, 161]
[485, 482, -126]
[503, 411, 261]
[500, 502, -130]
[516, 417, 271]
[441, 503, -180]
[489, 424, 269]
[461, 101, -20]
[472, 89, -28]
[473, 89, -28]
[475, 89, -28]
[471, 89, -14]
[472, 89, -14]
[472, 89, -14]
[484, 94, -52]
[481, 94, 19]
[466, 110, -23]
[465, 111, -6]
[500, 144, -90]
[479, 154, 74]
[459, 190, -157]
[451, 191, 143]
[425, 144, -197]
[419, 147, 173]
[414, 134, -213]
[416, 139, 181]
[419, 124, -209]
[413, 132, 174]
[424, 130, -195]
[415, 136, 170]
[489, 282, -58]
[473, 284, 58]
[465, 372, -97]
[465, 363, 142]
[485, 482, -115]
[507, 410, 242]
[500, 502, -117]
[519, 415, 252]
[441, 502, -168]
[495, 426, 246]
[461, 104, -24]
[472, 92, -33]
[473, 92, -33]
[475, 92, -33]
[471, 92, -19]
[472, 92, -19]
[472, 92, -19]
[483, 95, -53]
[481, 96, 13]
[466, 112, -27]
[464, 113, -10]
[499, 144, -91]
[480, 156, 69]
[455, 191, -159]
[457, 196, 128]
[426, 144, -194]
[431, 188, 111]
[415, 133, -211]
[429, 187, 114]
[421, 124, -206]
[427, 180, 106]
[425, 130, -192]
[428, 181, 107]
[489, 283, -57]
[473, 284, 57]
[465, 372, -94]
[465, 363, 145]
[485, 482, -109]
[509, 407, 244]
[500, 502, -111]
[520, 411, 253]
[441, 502, -161]
[498, 424, 250]
[456, 103, -42]
[461, 92, -51]
[463, 92, -51]
[465, 92, -51]
[460, 92, -35]
[462, 92, -35]
[463, 92, -35]
[477, 95, -67]
[475, 96, 2]
[460, 112, -45]
[458, 113, -25]
[496, 144, -98]
[475, 154, 64]
[458, 192, -168]
[452, 193, 146]
[434, 144, -204]
[429, 164, 193]
[425, 136, -220]
[426, 155, 205]
[430, 126, -216]
[424, 148, 199]
[433, 132, -202]
[425, 152, 192]
[487, 283, -58]
[473, 284, 58]
[464, 372, -96]
[465, 363, 145]
[485, 481, -109]
[508, 404, 257]
[500, 501, -111]
[519, 408, 268]
[441, 502, -159]
[499, 424, 263]
[448, 104, -36]
[454, 94, -46]
[456, 94, -46]
[458, 94, -46]
[453, 94, -30]
[454, 94, -30]
[455, 95, -30]
[469, 96, -65]
[466, 99, 7]
[452, 117, -41]
[450, 114, -20]
[492, 143, -95]
[472, 154, 65]
[459, 193, -154]
[454, 200, 132]
[437, 145, -167]
[434, 173, 132]
[431, 137, -180]
[433, 166, 137]
[441, 126, -176]
[430, 165, 129]
[442, 131, -165]
[431, 169, 128]
[484, 283, -57]
[472, 284, 57]
[464, 372, -73]
[465, 364, 144]
[485, 482, -81]
[488, 425, 230]
[500, 501, -83]
[511, 435, 238]
[441, 502, -133]
[483, 444, 223]
[436, 121, -38]
[438, 111, -48]
[440, 110, -48]
[450, 100, -48]
[436, 111, -32]
[445, 102, -32]
[446, 102, -32]
[461, 102, -65]
[458, 104, 8]
[444, 126, -42]
[443, 120, -21]
[489, 143, -93]
[466, 154, 67]
[464, 189, -170]
[452, 198, 162]
[439, 143, -215]
[432, 181, 221]
[434, 134, -230]
[430, 176, 235]
[438, 126, -225]
[427, 172, 226]
[440, 132, -213]
[428, 174, 218]
[482, 282, -57]
[467, 283, 57]
[464, 372, -86]
[465, 364, 134]
[485, 482, -82]
[483, 432, 217]
[500, 501, -91]
[505, 440, 224]
[441, 502, -149]
[472, 452, 208]
[434, 121, -41]
[434, 111, -52]
[443, 106, -52]
[447, 103, -52]
[434, 111, -35]
[436, 108, -35]
[443, 105, -35]
[459, 105, -68]
[456, 107, 4]
[442, 124, -44]
[440, 126, -23]
[486, 144, -94]
[465, 154, 65]
[470, 188, -189]
[451, 194, 165]
[443, 147, -260]
[434, 163, 235]
[439, 140, -279]
[429, 168, 251]
[441, 133, -274]
[428, 155, 243]
[443, 137, -259]
[429, 159, 234]
[481, 282, -57]
[468, 283, 57]
[463, 372, -82]
[464, 364, 139]
[485, 482, -95]
[482, 430, 230]
[500, 501, -98]
[504, 437, 239]
[441, 502, -150]
[471, 447, 224]
[433, 122, -39]
[435, 111, -51]
[437, 109, -51]
[447, 103, -51]
[433, 111, -34]
[435, 109, -34]
[438, 107, -34]
[456, 106, -73]
[458, 107, 3]
[441, 128, -44]
[439, 127, -22]
[484, 144, -104]
[466, 153, 65]
[469, 186, -192]
[453, 185, 178]
[441, 148, -245]
[434, 157, 264]
[439, 143, -263]
[429, 154, 280]
[441, 135, -260]
[430, 149, 272]
[442, 139, -245]
[431, 151, 262]
[480, 283, -58]
[468, 283, 58]
[463, 373, -53]
[464, 365, 139]
[485, 482, -49]
[482, 448, 216]
[500, 501, -48]
[503, 454, 223]
[441, 502, -90]
[456, 467, 210]
[434, 120, -48]
[435, 109, -59]
[441, 106, -59]
[445, 104, -59]
[435, 109, -43]
[436, 108, -43]
[437, 108, -43]
[457, 106, -76]
[453, 107, -3]
[440, 126, -51]
[439, 126, -30]
[481, 145, -103]
[464, 153, 60]
[469, 185, -181]
[453, 189, 163]
[453, 150, -222]
[437, 170, 231]
[452, 143, -238]
[436, 168, 247]
[453, 136, -234]
[436, 163, 239]
[453, 141, -221]
[435, 164, 230]
[480, 283, -58]
[467, 283, 58]
[462, 374, -71]
[464, 365, 135]
[485, 481, -81]
[482, 439, 216]
[500, 501, -82]
[504, 444, 224]
[441, 502, -130]
[463, 457, 212]
[436, 123, -49]
[438, 112, -59]
[441, 111, -59]
[443, 108, -60]
[436, 112, -44]
[436, 111, -44]
[437, 110, -44]
[455, 109, -75]
[451, 110, -5]
[442, 128, -51]
[439, 127, -31]
[480, 148, -99]
[463, 153, 54]
[464, 184, -149]
[453, 191, 156]
[454, 145, -159]
[439, 184, 201]
[454, 135, -170]
[438, 185, 213]
[456, 131, -169]
[438, 181, 203]
[456, 136, -158]
[437, 181, 198]
[479, 283, -57]
[465, 283, 57]
[462, 374, -75]
[464, 365, 130]
[485, 481, -88]
[482, 436, 210]
[500, 500, -90]
[505, 440, 217]
[441, 502, -139]
[463, 453, 203]
[437, 122, -45]
[440, 112, -56]
[443, 111, -56]
[445, 110, -56]
[439, 111, -40]
[439, 111, -40]
[439, 110, -40]
[455, 112, -72]
[451, 111, -1]
[443, 128, -50]
[440, 128, -28]
[478, 151, -96]
[459, 154, 58]
[461, 181, -152]
[457, 210, 127]
[450, 147, -171]
[446, 241, 143]
[453, 137, -185]
[444, 249, 151]
[456, 133, -182]
[443, 248, 136]
[456, 138, -170]
[443, 245, 137]
[478, 283, -57]
[465, 283, 57]
[462, 374, -73]
[464, 366, 119]
[484, 481, -82]
[482, 452, 179]
[500, 500, -84]
[505, 454, 183]
[441, 502, -134]
[467, 465, 164]
[437, 120, -49]
[440, 111, -60]
[442, 111, -60]
[444, 110, -60]
[438, 110, -44]
[438, 110, -44]
[438, 109, -44]
[455, 112, -75]
[451, 111, -2]
[443, 127, -52]
[439, 127, -31]
[476, 154, -97]
[458, 155, 58]
[457, 182, -150]
[456, 210, 131]
[448, 147, -156]
[445, 219, 154]
[453, 136, -168]
[443, 223, 164]
[456, 133, -167]
[442, 219, 157]
[456, 138, -155]
[442, 218, 153]
[478, 284, -57]
[466, 283, 57]
[462, 374, -74]
[464, 366, 116]
[484, 481, -85]
[482, 453, 174]
[499, 500, -87]
[505, 455, 179]
[441, 502, -136]
[468, 467, 161]
[437, 123, -48]
[440, 115, -58]
[442, 115, -58]
[443, 115, -58]
[437, 114, -42]
[437, 114, -42]
[436, 113, -42]
[454, 116, -69]
[447, 114, -1]
[443, 129, -50]
[439, 129, -29]
[477, 154, -89]
[455, 156, 60]
[458, 183, -153]
[453, 209, 134]
[451, 147, -168]
[442, 222, 160]
[452, 136, -182]
[440, 227, 169]
[455, 133, -179]
[439, 224, 156]
[455, 138, -165]
[439, 223, 155]
[478, 284, -57]
[466, 283, 57]
[462, 374, -81]
[464, 367, 106]
[484, 481, -98]
[483, 458, 155]
[498, 499, -101]
[505, 461, 158]
[441, 502, -151]
[469, 472, 137]
[437, 123, -47]
[439, 114, -57]
[441, 114, -57]
[442, 114, -57]
[437, 114, -41]
[436, 113, -41]
[435, 113, -41]
[453, 115, -66]
[448, 115, 1]
[443, 129, -49]
[439, 129, -29]
[478, 154, -90]
[452, 157, 60]
[458, 183, -163]
[452, 212, 135]
[445, 149, -207]
[440, 242, 162]
[448, 136, -224]
[437, 250, 171]
[451, 134, -221]
[435, 249, 157]
[451, 139, -207]
[437, 246, 157]
[478, 284, -57]
[464, 283, 57]
[462, 374, -89]
[464, 367, 96]
[484, 480, -108]
[483, 458, 138]
[498, 499, -111]
[505, 468, 140]
[441, 502, -162]
[454, 480, 115]
[435, 124, -29]
[438, 115, -39]
[439, 115, -39]
[441, 115, -39]
[435, 115, -23]
[434, 114, -23]
[434, 114, -23]
[453, 116, -53]
[448, 115, 20]
[442, 130, -32]
[437, 130, -10]
[479, 153, -82]
[452, 157, 74]
[463, 179, -170]
[452, 211, 158]
[445, 149, -229]
[439, 234, 199]
[449, 137, -247]
[436, 241, 211]
[452, 135, -243]
[435, 240, 197]
[451, 140, -228]
[436, 238, 194]
[478, 284, -57]
[464, 283, 57]
[462, 373, -92]
[463, 367, 99]
[484, 480, -113]
[483, 457, 139]
[498, 498, -116]
[505, 464, 142]
[442, 502, -167]
[452, 477, 118]
[433, 124, -26]
[435, 115, -36]
[436, 115, -36]
[440, 114, -36]
[432, 114, -20]
[432, 114, -20]
[431, 114, -20]
[451, 115, -50]
[447, 115, 22]
[440, 130, -28]
[435, 130, -7]
[479, 153, -81]
[450, 157, 78]
[465, 180, -164]
[451, 208, 152]
[441, 151, -213]
[439, 232, 192]
[438, 149, -228]
[436, 236, 209]
[439, 144, -227]
[435, 236, 196]
[441, 148, -213]
[436, 237, 189]
[478, 284, -57]
[463, 283, 57]
[463, 373, -97]
[462, 367, 108]
[484, 480, -122]
[483, 451, 163]
[498, 498, -125]
[506, 457, 167]
[442, 502, -178]
[464, 475, 147]
[431, 125, -26]
[436, 115, -35]
[437, 114, -35]
[441, 113, -35]
[430, 115, -19]
[430, 115, -19]
[430, 115, -19]
[452, 115, -51]
[448, 114, 23]
[438, 131, -29]
[434, 131, -8]
[479, 151, -84]
[450, 157, 77]
[456, 180, -175]
[456, 213, 140]
[422, 152, -234]
[447, 250, 149]
[409, 155, -255]
[446, 260, 156]
[411, 149, -247]
[444, 259, 141]
[414, 152, -232]
[445, 255, 143]
[479, 283, -57]
[463, 283, 57]
[463, 373, -99]
[462, 366, 135]
[484, 480, -124]
[483, 435, 210]
[498, 498, -128]
[509, 442, 216]
[442, 502, -183]
[474, 455, 199]
[430, 125, -27]
[436, 115, -36]
[438, 114, -36]
[441, 112, -36]
[430, 115, -20]
[430, 115, -20]
[430, 115, -20]
[452, 114, -51]
[449, 114, 22]
[437, 131, -30]
[434, 131, -8]
[479, 150, -85]
[450, 157, 76]
[452, 180, -174]
[458, 215, 133]
[418, 153, -229]
[449, 255, 135]
[400, 159, -250]
[449, 266, 140]
[402, 152, -242]
[446, 265, 126]
[406, 155, -227]
[447, 261, 129]
[479, 283, -57]
[463, 283, 57]
[463, 373, -96]
[462, 366, 137]
[484, 480, -117]
[483, 431, 213]
[498, 498, -121]
[510, 440, 220]
[442, 502, -175]
[476, 452, 202]
[431, 126, -23]
[437, 115, -32]
[439, 114, -32]
[441, 113, -32]
[433, 115, -16]
[433, 115, -16]
[434, 115, -16]
[453, 115, -46]
[449, 115, 25]
[438, 132, -25]
[434, 133, -5]
[480, 150, -81]
[455, 157, 79]
[451, 181, -172]
[458, 212, 153]
[413, 154, -235]
[448, 252, 184]
[395, 164, -257]
[447, 261, 193]
[395, 157, -249]
[444, 256, 180]
[399, 159, -233]
[445, 252, 179]
[481, 283, -57]
[464, 283, 57]
[463, 372, -110]
[462, 365, 141]
[484, 480, -149]
[494, 415, 230]
[497, 498, -154]
[510, 424, 238]
[442, 502, -207]
[479, 435, 227]
[426, 131, -26]
[427, 123, -36]
[429, 122, -36]
[431, 121, -36]
[424, 123, -18]
[425, 122, -18]
[427, 121, -18]
[451, 115, -56]
[447, 116, 23]
[435, 135, -31]
[431, 136, -8]
[480, 150, -88]
[455, 156, 77]
[458, 181, -201]
[448, 182, 178]
[419, 153, -289]
[425, 176, 251]
[405, 161, -313]
[421, 174, 268]
[404, 154, -303]
[419, 170, 258]
[408, 157, -287]
[420, 172, 248]
[482, 282, -57]
[465, 282, 57]
[463, 371, -108]
[462, 364, 139]
[484, 480, -144]
[495, 419, 221]
[497, 498, -148]
[510, 427, 228]
[442, 502, -201]
[478, 439, 213]
[429, 126, -19]
[433, 117, -30]
[435, 117, -30]
[436, 117, -30]
[433, 117, -12]
[434, 117, -12]
[436, 117, -12]
[453, 115, -53]
[451, 115, 27]
[436, 132, -25]
[435, 133, -2]
[485, 148, -87]
[462, 154, 82]
[457, 180, -186]
[447, 174, 184]
[425, 149, -252]
[422, 154, 252]
[418, 148, -272]
[418, 148, 268]
[422, 137, -266]
[417, 145, 259]
[424, 140, -250]
[417, 147, 250]
[484, 281, -59]
[467, 282, 59]
[463, 371, -104]
[463, 364, 131]
[484, 480, -133]
[489, 436, 193]
[497, 498, -137]
[507, 438, 198]
[442, 502, -188]
[460, 462, 179]
[444, 104, -25]
[452, 95, -36]
[454, 95, -36]
[454, 96, -36]
[453, 94, -17]
[454, 94, -17]
[455, 94, -17]
[466, 101, -61]
[466, 100, 16]
[448, 115, -34]
[447, 114, -11]
[487, 146, -100]
[468, 149, 76]
[455, 185, -172]
[450, 181, 177]
[425, 149, -191]
[424, 153, 217]
[418, 145, -208]
[419, 144, 230]
[423, 131, -205]
[417, 139, 217]
[425, 137, -190]
[419, 143, 213]
[486, 280, -59]
[472, 280, 59]
[463, 370, -88]
[464, 363, 139]
[484, 479, -106]
[486, 442, 215]
[497, 498, -108]
[505, 443, 221]
[442, 502, -153]
[462, 461, 208]
[443, 108, -26]
[450, 98, -36]
[451, 98, -36]
[453, 99, -36]
[450, 99, -18]
[451, 99, -18]
[452, 99, -18]
[467, 100, -63]
[466, 99, 14]
[448, 118, -35]
[446, 117, -12]
[489, 146, -99]
[466, 150, 70]
[455, 186, -172]
[450, 181, 167]
[426, 147, -206]
[423, 144, 226]
[418, 134, -223]
[417, 133, 238]
[423, 127, -219]
[416, 128, 231]
[426, 133, -204]
[417, 132, 224]
[486, 281, -59]
[472, 280, 59]
[463, 370, -88]
[465, 363, 142]
[484, 479, -112]
[494, 425, 230]
[498, 498, -113]
[506, 431, 239]
[442, 502, -161]
[474, 446, 229]
[452, 96, -26]
[460, 87, -37]
[462, 88, -37]
[463, 88, -37]
[460, 87, -19]
[461, 87, -19]
[462, 87, -19]
[475, 95, -62]
[473, 93, 13]
[454, 108, -35]
[453, 106, -13]
[490, 145, -103]
[469, 148, 70]
[455, 191, -144]
[451, 184, 90]
[425, 148, -124]
[422, 151, 56]
[418, 136, -136]
[416, 139, 55]
[423, 129, -132]
[415, 133, 53]
[426, 135, -121]
[417, 137, 53]
[486, 281, -59]
[474, 280, 59]
[463, 369, -89]
[466, 363, 164]
[484, 479, -121]
[489, 427, 263]
[498, 498, -124]
[506, 432, 272]
[442, 502, -171]
[476, 442, 265]
[455, 94, -27]
[463, 85, -37]
[464, 85, -37]
[466, 85, -37]
[463, 84, -20]
[464, 84, -20]
[465, 84, -20]
[477, 92, -63]
[477, 91, 13]
[456, 105, -35]
[455, 104, -13]
[491, 145, -104]
[476, 147, 70]
[455, 195, -139]
[456, 202, 93]
[420, 148, -114]
[424, 161, 62]
[413, 136, -124]
[419, 158, 63]
[419, 129, -119]
[417, 153, 58]
[423, 135, -110]
[419, 155, 59]
[487, 280, -59]
[477, 280, 59]
[463, 369, -87]
[466, 362, 170]
[484, 480, -111]
[486, 427, 272]
[498, 498, -113]
[507, 433, 282]
[442, 501, -161]
[477, 441, 274]
[459, 93, -33]
[466, 84, -44]
[468, 84, -44]
[469, 84, -44]
[466, 84, -26]
[468, 84, -26]
[469, 84, -26]
[480, 92, -71]
[480, 91, 6]
[459, 104, -41]
[459, 104, -19]
[492, 144, -114]
[484, 148, 66]
[455, 195, -147]
[469, 208, 104]
[418, 153, -127]
[435, 194, 95]
[411, 140, -139]
[422, 160, 98]
[417, 133, -135]
[425, 184, 90]
[422, 139, -124]
[428, 185, 91]
[487, 281, -59]
[479, 280, 59]
[463, 371, -76]
[467, 362, 170]
[484, 481, -91]
[497, 406, 281]
[499, 499, -92]
[509, 411, 293]
[442, 501, -135]
[483, 422, 297]
[463, 91, -34]
[471, 82, -45]
[472, 83, -45]
[473, 83, -45]
[470, 82, -28]
[471, 82, -28]
[473, 82, -28]
[484, 91, -70]
[483, 90, 7]
[463, 104, -42]
[462, 103, -20]
[496, 144, -110]
[480, 148, 66]
[456, 194, -149]
[469, 208, 94]
[413, 154, -158]
[429, 195, 65]
[403, 141, -173]
[419, 183, 66]
[405, 135, -167]
[418, 184, 58]
[411, 140, -155]
[421, 185, 61]
[490, 281, -59]
[479, 280, 59]
[463, 370, -95]
[468, 361, 169]
[484, 481, -119]
[508, 387, 292]
[499, 499, -122]
[517, 389, 305]
[442, 501, -171]
[499, 402, 307]
[464, 94, -34]
[471, 85, -45]
[472, 85, -45]
[473, 85, -45]
[471, 85, -27]
[472, 85, -27]
[473, 85, -27]
[483, 93, -68]
[483, 92, 8]
[464, 106, -41]
[464, 105, -19]
[497, 144, -108]
[481, 148, 66]
[457, 194, -151]
[465, 207, 104]
[412, 155, -148]
[427, 186, 91]
[401, 142, -160]
[418, 176, 94]
[403, 135, -153]
[416, 170, 87]
[409, 141, -143]
[419, 173, 87]
[490, 281, -58]
[480, 280, 58]
[464, 370, -95]
[468, 360, 167]
[484, 481, -119]
[509, 388, 283]
[499, 499, -122]
[519, 391, 295]
[442, 501, -170]
[499, 402, 297]
[466, 94, -15]
[474, 85, -25]
[475, 85, -25]
[476, 86, -25]
[474, 85, -8]
[475, 85, -8]
[476, 85, -8]
[486, 93, -50]
[486, 92, 25]
[467, 106, -23]
[467, 105, -1]
[497, 144, -93]
[498, 151, 76]
[458, 197, -143]
[485, 212, 107]
[411, 163, -152]
[480, 258, 93]
[400, 151, -166]
[482, 268, 96]
[403, 144, -158]
[478, 264, 88]
[408, 149, -148]
[476, 261, 89]
[491, 281, -58]
[483, 280, 58]
[464, 370, -94]
[468, 360, 162]
[484, 481, -113]
[513, 382, 278]
[499, 499, -115]
[523, 382, 290]
[442, 501, -161]
[506, 397, 298]
[470, 93, -17]
[477, 85, -29]
[478, 86, -29]
[479, 86, -29]
[476, 85, -11]
[477, 85, -11]
[478, 85, -11]
[488, 93, -53]
[488, 92, 21]
[470, 105, -26]
[470, 104, -3]
[496, 144, -98]
[500, 149, 75]
[460, 198, -144]
[486, 209, 127]
[408, 167, -137]
[462, 225, 143]
[398, 159, -151]
[458, 226, 148]
[399, 151, -145]
[456, 221, 137]
[404, 157, -134]
[456, 221, 138]
[490, 281, -58]
[486, 280, 58]
[464, 370, -90]
[468, 359, 160]
[484, 481, -111]
[512, 384, 281]
[499, 499, -113]
[522, 384, 294]
[442, 501, -154]
[505, 401, 307]
[472, 94, -17]
[478, 86, -29]
[479, 86, -29]
[480, 87, -29]
[479, 86, -11]
[480, 86, -11]
[481, 86, -11]
[488, 94, -55]
[490, 93, 20]
[472, 106, -26]
[472, 105, -3]
[495, 144, -102]
[509, 149, 75]
[460, 197, -144]
[499, 209, 130]
[405, 173, -137]
[473, 235, 151]
[393, 166, -152]
[468, 240, 157]
[393, 160, -146]
[466, 236, 145]
[398, 163, -134]
[467, 235, 147]
[488, 282, -58]
[490, 281, 58]
[465, 370, -60]
[469, 359, 155]
[484, 481, -61]
[510, 392, 271]
[499, 500, -61]
[519, 393, 283]
[442, 501, -97]
[501, 408, 291]
[473, 92, -25]
[479, 85, -35]
[480, 85, -35]
[481, 86, -35]
[480, 84, -16]
[480, 84, -16]
[481, 84, -16]
[488, 93, -59]
[491, 92, 20]
[473, 104, -32]
[473, 103, -7]
[492, 143, -103]
[513, 149, 74]
[461, 197, -171]
[519, 221, 104]
[404, 186, -219]
[531, 287, 101]
[390, 189, -236]
[535, 296, 107]
[391, 176, -227]
[535, 297, 98]
[397, 178, -215]
[528, 294, 97]
[487, 282, -61]
[491, 280, 61]
[465, 371, -56]
[469, 359, 150]
[484, 482, -41]
[509, 417, 246]
[499, 501, -41]
[516, 428, 256]
[441, 501, -85]
[483, 432, 249]
[474, 93, -17]
[479, 85, -29]
[480, 86, -29]
[480, 86, -29]
[480, 85, -10]
[482, 85, -10]
[483, 85, -10]
[487, 93, -59]
[492, 92, 23]
[474, 105, -27]
[475, 103, -2]
[490, 143, -105]
[517, 149, 74]
[462, 196, -168]
[522, 227, 101]
[404, 187, -202]
[512, 292, 96]
[389, 191, -219]
[514, 306, 101]
[391, 175, -212]
[508, 308, 91]
[396, 177, -199]
[505, 304, 91]
[486, 283, -62]
[494, 281, 62]
[465, 372, -42]
[469, 361, 145]
[485, 483, -17]
[486, 453, 223]
[498, 502, -15]
[506, 455, 230]
[441, 501, -59]
[464, 456, 217]
[474, 94, -19]
[479, 86, -30]
[479, 87, -30]
[480, 87, -30]
[481, 85, -12]
[482, 85, -12]
[483, 85, -12]
[486, 94, -62]
[492, 94, 19]
[474, 105, -28]
[476, 105, -3]
[489, 143, -108]
[519, 150, 66]
[464, 196, -173]
[537, 228, 94]
[403, 197, -220]
[541, 291, 90]
[389, 196, -237]
[548, 306, 95]
[390, 187, -230]
[541, 307, 86]
[396, 188, -217]
[540, 302, 86]
[486, 283, -63]
[494, 281, 63]
[465, 372, -40]
[469, 361, 143]
[485, 483, -7]
[483, 449, 229]
[498, 502, -5]
[505, 448, 237]
[441, 501, -48]
[460, 454, 225]
[473, 94, -24]
[479, 86, -36]
[479, 87, -36]
[480, 87, -36]
[480, 86, -17]
[481, 86, -17]
[483, 86, -17]
[486, 94, -68]
[492, 94, 16]
[474, 105, -33]
[475, 105, -8]
[489, 144, -113]
[517, 149, 66]
[466, 198, -171]
[530, 228, 94]
[403, 205, -208]
[525, 294, 85]
[389, 205, -225]
[528, 309, 89]
[390, 196, -219]
[522, 311, 79]
[396, 197, -205]
[519, 307, 80]
[487, 283, -63]
[492, 281, 63]
[466, 372, -41]
[469, 361, 148]
[485, 483, -11]
[482, 439, 231]
[498, 502, -9]
[505, 443, 243]
[441, 501, -55]
[458, 454, 240]
[472, 93, -32]
[479, 86, -42]
[480, 86, -42]
[480, 87, -42]
[479, 85, -23]
[481, 85, -23]
[482, 86, -23]
[488, 94, -69]
[491, 93, 15]
[473, 105, -39]
[474, 104, -14]
[489, 144, -116]
[513, 149, 69]
[467, 202, -168]
[524, 228, 91]
[403, 217, -198]
[522, 296, 66]
[390, 221, -214]
[525, 311, 66]
[390, 213, -208]
[519, 313, 57]
[396, 212, -195]
[516, 308, 61]
[489, 283, -65]
[492, 281, 65]
[466, 373, -49]
[466, 359, 153]
[485, 483, -24]
[484, 428, 258]
[498, 502, -23]
[505, 439, 269]
[441, 501, -71]
[461, 445, 263]
[471, 92, -27]
[478, 85, -37]
[479, 85, -37]
[480, 86, -37]
[479, 85, -18]
[480, 85, -18]
[481, 85, -18]
[488, 94, -62]
[490, 92, 22]
[473, 104, -35]
[474, 103, -10]
[489, 144, -113]
[512, 150, 80]
[467, 205, -161]
[518, 228, 97]
[404, 224, -184]
[513, 291, 68]
[391, 229, -201]
[516, 305, 68]
[390, 221, -197]
[510, 306, 58]
[396, 220, -181]
[508, 301, 62]
[491, 283, -65]
[490, 281, 65]
[466, 373, -59]
[466, 359, 153]
[485, 483, -38]
[489, 420, 256]
[498, 502, -39]
[506, 436, 266]
[441, 501, -97]
[464, 435, 261]
[471, 92, -28]
[478, 85, -37]
[479, 85, -37]
[480, 86, -37]
[478, 84, -18]
[479, 85, -18]
[481, 85, -18]
[488, 93, -62]
[490, 92, 22]
[472, 103, -35]
[473, 103, -10]
[489, 144, -112]
[510, 150, 80]
[467, 205, -159]
[518, 228, 98]
[404, 226, -180]
[514, 290, 71]
[391, 231, -198]
[517, 304, 71]
[390, 224, -193]
[511, 304, 61]
[396, 223, -178]
[509, 300, 65]
[492, 283, -65]
[489, 281, 65]
[466, 373, -59]
[465, 358, 154]
[485, 482, -43]
[492, 418, 256]
[498, 502, -44]
[506, 434, 265]
[441, 501, -96]
[466, 433, 259]
[471, 92, -29]
[478, 85, -38]
[479, 85, -38]
[480, 86, -38]
[478, 85, -19]
[479, 85, -19]
[480, 85, -19]
[488, 93, -64]
[490, 92, 19]
[472, 103, -36]
[473, 103, -12]
[489, 144, -114]
[506, 150, 78]
[467, 208, -146]
[514, 229, 93]
[405, 236, -147]
[513, 290, 52]
[391, 240, -163]
[514, 304, 50]
[391, 234, -160]
[509, 303, 39]
[396, 233, -144]
[507, 299, 46]
[493, 282, -65]
[482, 281, 65]
[466, 372, -68]
[463, 357, 156]
[485, 482, -62]
[495, 404, 277]
[498, 502, -64]
[507, 414, 289]
[441, 500, -118]
[469, 419, 288]
[470, 92, -41]
[477, 85, -50]
[478, 85, -50]
[479, 86, -50]
[477, 85, -32]
[478, 85, -32]
[480, 85, -32]
[487, 93, -73]
[489, 92, 10]
[471, 103, -48]
[472, 103, -24]
[488, 144, -121]
[502, 151, 72]
[467, 213, -150]
[508, 235, 90]
[405, 246, -148]
[505, 295, 51]
[391, 253, -165]
[506, 310, 49]
[389, 246, -161]
[501, 309, 38]
[394, 245, -145]
[501, 304, 45]
[492, 282, -64]
[478, 281, 64]
[466, 372, -67]
[462, 357, 154]
[485, 482, -59]
[495, 408, 267]
[498, 502, -61]
[507, 416, 278]
[441, 500, -113]
[468, 422, 285]
[468, 93, -33]
[475, 85, -43]
[476, 86, -43]
[477, 86, -43]
[476, 85, -26]
[477, 85, -26]
[478, 85, -26]
[485, 94, -71]
[487, 93, 11]
[470, 105, -43]
[471, 105, -21]
[484, 144, -121]
[502, 152, 70]
[467, 216, -150]
[511, 234, 87]
[407, 251, -148]
[504, 296, 56]
[393, 261, -163]
[506, 311, 55]
[391, 254, -161]
[501, 311, 45]
[395, 251, -146]
[500, 307, 50]
[485, 282, -64]
[480, 281, 64]
[466, 372, -39]
[462, 358, 130]
[485, 482, -4]
[484, 444, 213]
[498, 502, -3]
[500, 450, 220]
[441, 500, -51]
[456, 458, 204]
[466, 93, -20]
[473, 85, -31]
[474, 86, -31]
[475, 86, -31]
[474, 85, -13]
[475, 85, -13]
[477, 85, -13]
[482, 94, -63]
[486, 93, 15]
[468, 105, -30]
[469, 105, -8]
[481, 144, -119]
[502, 152, 73]
[467, 217, -146]
[505, 233, 91]
[410, 256, -136]
[486, 291, 57]
[396, 266, -153]
[483, 304, 55]
[393, 259, -150]
[478, 304, 43]
[397, 258, -134]
[480, 300, 50]
[485, 282, -64]
[481, 281, 64]
[466, 372, -38]
[462, 357, 137]
[485, 482, -10]
[482, 445, 222]
[498, 502, -10]
[493, 450, 229]
[441, 500, -61]
[453, 456, 213]
[465, 93, -22]
[472, 85, -32]
[473, 86, -32]
[474, 86, -32]
[472, 85, -14]
[474, 85, -14]
[475, 85, -14]
[481, 94, -62]
[484, 93, 17]
[466, 105, -31]
[466, 105, -8]
[481, 144, -118]
[499, 152, 76]
[467, 216, -143]
[496, 233, 92]
[412, 256, -134]
[474, 290, 58]
[397, 266, -151]
[470, 302, 56]
[394, 260, -149]
[466, 303, 42]
[399, 258, -131]
[468, 300, 51]
[485, 281, -63]
[479, 280, 63]
[466, 372, -44]
[461, 355, 146]
[485, 482, -24]
[483, 433, 228]
[498, 502, -24]
[494, 447, 238]
[441, 500, -75]
[453, 443, 229]
