[466, 121, -262]
[482, 103, -260]
[491, 103, -260]
[500, 103, -260]
[463, 104, -241]
[458, 105, -241]
[453, 105, -241]
[526, 118, -198]
[462, 117, -103]
[484, 143, -237]
[460, 142, -210]
[598, 246, -209]
[428, 247, 22]
[607, 413, -221]
[411, 399, 100]
[575, 562, -280]
[377, 505, -25]
[577, 610, -322]
[368, 543, -44]
[555, 607, -335]
[374, 536, -86]
[549, 584, -286]
[371, 523, -46]
[535, 542, -83]
[423, 529, 84]
[523, 770, -44]
[412, 756, 171]
[511, 964, 186]
[400, 950, 352]
[519, 996, 200]
[401, 981, 366]
[475, 1018, 48]
[379, 1005, 220]
[466, 120, -260]
[482, 102, -259]
[491, 102, -259]
[500, 102, -259]
[463, 104, -239]
[457, 104, -239]
[452, 105, -239]
[526, 117, -199]
[462, 117, -103]
[484, 142, -236]
[459, 142, -208]
[598, 245, -209]
[428, 246, 19]
[607, 411, -223]
[411, 399, 87]
[574, 559, -284]
[375, 504, -52]
[576, 607, -326]
[363, 539, -71]
[554, 603, -336]
[367, 532, -113]
[549, 580, -290]
[367, 521, -73]
[535, 542, -81]
[425, 529, 82]
[525, 770, -55]
[414, 755, 162]
[514, 964, 166]
[402, 949, 343]
[523, 996, 180]
[404, 980, 357]
[477, 1018, 38]
[381, 1004, 218]
[465, 120, -267]
[482, 102, -266]
[491, 102, -267]
[500, 102, -267]
[462, 104, -246]
[457, 104, -246]
[452, 105, -246]
[526, 117, -208]
[462, 116, -111]
[484, 142, -243]
[459, 142, -215]
[598, 245, -216]
[428, 246, 16]
[607, 409, -233]
[411, 396, 92]
[572, 555, -310]
[374, 503, -46]
[575, 606, -355]
[362, 536, -65]
[551, 602, -368]
[361, 532, -108]
[546, 578, -316]
[365, 520, -67]
[536, 542, -82]
[428, 528, 82]
[525, 769, -54]
[415, 751, 166]
[514, 961, 173]
[403, 944, 364]
[523, 991, 189]
[405, 976, 380]
[478, 1017, 52]
[381, 997, 245]
[465, 120, -265]
[482, 102, -265]
[491, 102, -265]
[500, 102, -265]
[462, 104, -244]
[457, 104, -244]
[452, 105, -244]
[526, 117, -208]
[462, 116, -108]
[484, 142, -241]
[459, 142, -212]
[598, 245, -216]
[429, 246, 18]
[607, 409, -234]
[410, 396, 97]
[569, 554, -309]
[363, 502, -25]
[574, 605, -353]
[339, 527, -41]
[550, 600, -367]
[331, 529, -92]
[545, 577, -315]
[339, 520, -50]
[536, 541, -82]
[429, 528, 83]
[524, 767, -53]
[412, 747, 166]
[511, 958, 167]
[400, 939, 362]
[520, 988, 181]
[403, 971, 376]
[474, 1013, 42]
[377, 993, 241]
[465, 121, -241]
[482, 102, -244]
[491, 102, -244]
[500, 102, -244]
[462, 104, -221]
[457, 105, -221]
[452, 105, -221]
[526, 117, -205]
[462, 117, -96]
[484, 142, -224]
[459, 142, -192]
[598, 245, -216]
[430, 246, 31]
[608, 408, -236]
[407, 395, 129]
[543, 544, -307]
[351, 497, 19]
[533, 595, -348]
[319, 517, 6]
[506, 581, -356]
[309, 521, -37]
[507, 561, -310]
[323, 514, -2]
[528, 540, -82]
[425, 525, 83]
[504, 766, -55]
[395, 739, 138]
[483, 957, 165]
[379, 935, 292]
[493, 986, 180]
[383, 966, 303]
[447, 1012, 44]
[357, 987, 175]
[465, 121, -227]
[482, 102, -230]
[490, 102, -230]
[500, 103, -230]
[462, 104, -206]
[457, 105, -206]
[453, 105, -206]
[526, 117, -189]
[462, 117, -76]
[483, 142, -209]
[459, 142, -177]
[597, 245, -205]
[430, 246, 56]
[612, 406, -232]
[406, 393, 164]
[538, 537, -306]
[347, 490, 55]
[527, 572, -346]
[321, 505, 43]
[505, 561, -354]
[316, 501, 1]
[502, 536, -308]
[328, 490, 34]
[529, 538, -82]
[425, 523, 83]
[508, 762, -41]
[399, 736, 157]
[489, 952, 167]
[381, 932, 311]
[499, 980, 182]
[386, 962, 325]
[452, 1005, 53]
[357, 983, 191]
[464, 121, -233]
[481, 103, -235]
[490, 102, -235]
[500, 103, -236]
[462, 104, -212]
[457, 105, -212]
[453, 105, -213]
[526, 118, -191]
[462, 117, -80]
[482, 142, -214]
[459, 142, -183]
[595, 243, -202]
[430, 244, 55]
[615, 401, -232]
[406, 388, 168]
[535, 525, -314]
[349, 483, 57]
[527, 556, -357]
[321, 502, 45]
[507, 543, -365]
[320, 493, 1]
[506, 526, -317]
[331, 491, 36]
[525, 537, -82]
[420, 522, 83]
[506, 762, -56]
[400, 737, 147]
[486, 952, 168]
[383, 932, 315]
[495, 980, 183]
[387, 963, 329]
[451, 1005, 53]
[358, 984, 196]
[464, 121, -227]
[481, 103, -229]
[490, 102, -229]
[499, 103, -229]
[462, 104, -206]
[457, 105, -206]
[453, 105, -207]
[525, 118, -182]
[463, 117, -78]
[481, 142, -207]
[459, 142, -177]
[594, 242, -193]
[430, 243, 54]
[617, 396, -232]
[406, 385, 153]
[533, 511, -321]
[359, 479, 39]
[516, 540, -364]
[345, 499, 24]
[499, 523, -370]
[342, 495, -21]
[503, 512, -323]
[356, 490, 16]
[529, 532, -79]
[423, 517, 79]
[513, 754, -97]
[407, 736, 97]
[493, 941, 127]
[397, 930, 245]
[501, 966, 142]
[402, 959, 255]
[462, 999, 20]
[370, 984, 128]
[464, 121, -237]
[481, 103, -240]
[489, 103, -240]
[499, 103, -240]
[462, 104, -217]
[457, 105, -217]
[453, 105, -217]
[525, 118, -196]
[463, 117, -89]
[481, 143, -217]
[458, 143, -187]
[594, 241, -201]
[431, 243, 51]
[618, 394, -245]
[406, 385, 147]
[533, 497, -336]
[355, 468, 36]
[515, 522, -376]
[337, 489, 24]
[501, 506, -383]
[325, 483, -19]
[503, 498, -338]
[336, 477, 14]
[535, 529, -79]
[431, 515, 79]
[527, 749, -91]
[423, 736, 117]
[511, 938, 96]
[414, 931, 253]
[520, 965, 108]
[420, 960, 261]
[480, 995, -19]
[384, 984, 137]
[464, 121, -238]
[481, 103, -240]
[489, 103, -240]
[499, 103, -240]
[462, 104, -218]
[457, 105, -218]
[453, 105, -218]
[525, 118, -197]
[464, 117, -89]
[481, 143, -218]
[458, 143, -187]
[592, 239, -202]
[434, 241, 50]
[618, 392, -248]
[407, 379, 145]
[528, 482, -336]
[345, 453, 40]
[506, 505, -375]
[321, 472, 31]
[492, 493, -379]
[306, 464, -11]
[497, 481, -337]
[314, 459, 19]
[534, 524, -79]
[432, 511, 79]
[526, 740, -105]
[422, 733, 116]
[510, 932, 41]
[414, 930, 216]
[518, 960, 49]
[421, 960, 221]
[480, 986, -68]
[384, 980, 107]
[464, 121, -205]
[481, 103, -210]
[490, 103, -210]
[499, 104, -210]
[463, 104, -185]
[459, 105, -186]
[454, 105, -186]
[525, 118, -181]
[466, 117, -67]
[481, 143, -190]
[459, 143, -158]
[592, 239, -194]
[436, 242, 66]
[617, 391, -249]
[407, 380, 164]
[530, 465, -350]
[312, 438, 63]
[512, 501, -387]
[279, 450, 55]
[498, 479, -389]
[268, 441, 14]
[501, 467, -350]
[281, 437, 42]
[536, 524, -78]
[439, 514, 79]
[529, 742, -129]
[429, 734, 53]
[519, 933, 53]
[422, 935, 155]
[530, 960, 65]
[428, 967, 160]
[485, 989, -48]
[390, 982, 43]
[464, 121, -213]
[481, 103, -218]
[490, 103, -218]
[499, 104, -218]
[463, 104, -194]
[459, 105, -194]
[454, 105, -194]
[525, 118, -184]
[466, 117, -72]
[481, 143, -198]
[459, 143, -165]
[592, 239, -196]
[437, 243, 61]
[618, 392, -267]
[404, 380, 171]
[525, 447, -389]
[301, 417, 81]
[497, 470, -428]
[271, 423, 75]
[492, 451, -428]
[260, 409, 36]
[493, 441, -389]
[274, 409, 62]
[538, 525, -76]
[442, 520, 76]
[533, 744, -65]
[438, 737, 83]
[529, 935, 122]
[434, 938, 223]
[541, 962, 135]
[441, 970, 232]
[495, 990, 21]
[403, 982, 105]
[464, 122, -216]
[481, 103, -218]
[490, 103, -219]
[499, 104, -219]
[463, 104, -197]
[459, 105, -197]
[454, 105, -197]
[525, 118, -185]
[466, 117, -73]
[481, 144, -200]
[459, 143, -167]
[592, 239, -186]
[437, 244, 58]
[617, 392, -276]
[401, 380, 175]
[527, 417, -457]
[290, 398, 97]
[500, 431, -504]
[264, 400, 90]
[495, 407, -503]
[259, 389, 49]
[496, 400, -459]
[267, 390, 77]
[541, 527, -73]
[441, 523, 73]
[534, 745, -23]
[443, 736, 160]
[532, 930, 162]
[440, 931, 321]
[544, 956, 175]
[446, 962, 332]
[496, 981, 56]
[412, 973, 216]
[464, 122, -246]
[481, 103, -245]
[490, 103, -245]
[499, 104, -245]
[463, 104, -226]
[459, 105, -226]
[454, 105, -227]
[525, 118, -186]
[465, 117, -90]
[481, 144, -220]
[459, 143, -193]
[592, 238, -178]
[437, 244, 46]
[614, 393, -267]
[404, 381, 118]
[520, 390, -411]
[321, 408, -16]
[485, 394, -453]
[309, 423, -33]
[486, 371, -448]
[304, 406, -64]
[494, 369, -410]
[314, 401, -33]
[541, 527, -72]
[439, 523, 72]
[535, 742, -22]
[443, 733, 194]
[535, 922, 159]
[441, 921, 382]
[547, 948, 172]
[447, 952, 397]
[499, 976, 47]
[412, 966, 278]
[464, 123, -278]
[481, 103, -274]
[489, 103, -274]
[498, 104, -274]
[463, 105, -257]
[458, 105, -257]
[453, 106, -257]
[524, 118, -192]
[464, 117, -109]
[481, 144, -245]
[459, 144, -221]
[592, 236, -174]
[436, 242, 37]
[614, 393, -275]
[404, 378, 92]
[522, 370, -460]
[323, 381, -77]
[489, 366, -507]
[309, 400, -97]
[489, 347, -499]
[304, 377, -134]
[495, 347, -458]
[314, 373, -96]
[541, 527, -70]
[438, 523, 71]
[536, 736, -27]
[440, 728, 212]
[534, 907, 150]
[442, 910, 413]
[546, 932, 164]
[449, 942, 429]
[498, 965, 38]
[408, 955, 312]
[462, 124, -268]
[479, 104, -267]
[487, 104, -267]
[496, 104, -267]
[461, 105, -248]
[456, 106, -248]
[452, 106, -248]
[523, 118, -197]
[463, 118, -108]
[479, 145, -240]
[458, 145, -214]
[592, 236, -175]
[436, 240, 31]
[614, 393, -303]
[405, 376, 135]
[523, 364, -526]
[303, 351, 65]
[493, 360, -573]
[272, 344, 60]
[490, 340, -567]
[271, 329, 24]
[496, 340, -526]
[282, 332, 48]
[541, 527, -68]
[437, 524, 69]
[536, 735, -29]
[439, 728, 196]
[533, 907, 147]
[440, 912, 385]
[544, 930, 159]
[447, 942, 400]
[498, 966, 36]
[408, 959, 283]
[461, 124, -265]
[478, 104, -267]
[486, 104, -267]
[495, 104, -267]
[460, 105, -247]
[455, 106, -247]
[451, 106, -247]
[522, 118, -205]
[462, 118, -113]
[478, 145, -240]
[457, 145, -213]
[591, 236, -179]
[434, 240, 16]
[615, 393, -297]
[403, 375, 67]
[522, 360, -480]
[298, 339, -85]
[490, 352, -521]
[267, 328, -101]
[491, 336, -513]
[265, 311, -129]
[497, 337, -479]
[279, 316, -101]
[542, 528, -65]
[436, 524, 66]
[537, 735, -25]
[441, 728, 201]
[535, 909, 143]
[440, 913, 386]
[547, 934, 153]
[447, 943, 401]
[500, 967, 32]
[408, 960, 287]
[461, 124, -276]
[478, 104, -272]
[486, 104, -272]
[495, 104, -272]
[459, 105, -254]
[454, 106, -254]
[449, 107, -254]
[522, 117, -203]
[460, 118, -109]
[478, 145, -245]
[456, 145, -220]
[591, 236, -161]
[428, 240, 14]
[619, 393, -300]
[396, 373, -16]
[555, 340, -541]
[294, 327, -282]
[563, 326, -590]
[261, 319, -316]
[571, 301, -582]
[261, 300, -340]
[567, 306, -541]
[275, 303, -299]
[543, 527, -61]
[434, 524, 61]
[538, 736, -27]
[440, 729, 196]
[538, 911, 145]
[440, 913, 399]
[548, 936, 154]
[446, 943, 416]
[504, 969, 29]
[409, 961, 291]
[459, 124, -271]
[476, 104, -271]
[484, 104, -271]
[493, 104, -271]
[457, 105, -249]
[453, 106, -249]
[448, 107, -249]
[521, 117, -203]
[459, 118, -109]
[476, 145, -244]
[454, 145, -218]
[589, 236, -166]
[427, 240, 20]
[617, 394, -327]
[393, 374, 51]
[528, 319, -530]
[295, 309, -118]
[494, 303, -572]
[265, 297, -136]
[498, 288, -557]
[267, 281, -165]
[504, 291, -526]
[279, 285, -133]
[543, 527, -62]
[433, 524, 63]
[538, 734, -31]
[442, 729, 192]
[539, 912, 133]
[442, 914, 379]
[550, 937, 143]
[447, 943, 394]
[505, 968, 17]
[414, 962, 275]
[458, 124, -276]
[475, 104, -272]
[483, 104, -272]
[493, 104, -272]
[456, 105, -252]
[450, 106, -252]
[445, 107, -252]
[519, 117, -200]
[457, 118, -107]
[474, 145, -247]
[452, 145, -221]
[584, 235, -171]
[422, 242, 29]
[617, 390, -330]
[384, 374, 33]
[525, 313, -540]
[286, 297, -205]
[478, 295, -586]
[260, 285, -234]
[479, 283, -571]
[265, 269, -248]
[497, 284, -536]
[277, 274, -218]
[543, 527, -63]
[433, 524, 64]
[545, 735, -32]
[443, 731, 191]
[547, 912, 157]
[444, 915, 407]
[558, 938, 169]
[449, 943, 424]
[515, 968, 22]
[420, 966, 287]
[458, 124, -284]
[475, 104, -275]
[484, 104, -275]
[493, 104, -275]
[455, 105, -258]
[450, 106, -258]
[445, 106, -258]
[519, 117, -186]
[455, 117, -105]
[474, 145, -249]
[452, 145, -227]
[578, 232, -171]
[420, 241, 34]
[616, 388, -338]
[380, 374, 13]
[522, 304, -554]
[299, 293, -230]
[481, 288, -602]
[284, 287, -258]
[481, 275, -583]
[279, 265, -267]
[493, 278, -549]
[296, 272, -240]
[543, 527, -64]
[430, 525, 65]
[547, 733, -37]
[443, 730, 202]
[548, 913, 153]
[444, 913, 438]
[558, 939, 164]
[449, 941, 457]
[518, 969, 16]
[423, 964, 321]
[458, 123, -303]
[475, 103, -289]
[484, 104, -289]
[493, 104, -289]
[455, 104, -275]
[450, 105, -275]
[445, 105, -275]
[519, 117, -186]
[453, 116, -114]
[474, 145, -264]
[452, 145, -245]
[573, 232, -171]
[412, 239, 32]
[611, 388, -340]
[369, 368, 22]
[522, 299, -572]
[283, 296, -201]
[485, 283, -624]
[271, 286, -226]
[484, 269, -606]
[270, 268, -241]
[495, 274, -568]
[281, 263, -212]
[543, 527, -64]
[430, 525, 64]
[552, 734, -38]
[446, 730, 200]
[552, 913, 173]
[446, 913, 455]
[561, 940, 186]
[450, 942, 476]
[525, 969, 36]
[426, 964, 335]
[457, 123, -292]
[473, 103, -285]
[482, 104, -285]
[492, 104, -285]
[454, 104, -274]
[449, 105, -273]
[444, 105, -274]
[516, 117, -185]
[453, 116, -97]
[473, 145, -259]
[451, 145, -241]
[574, 231, -168]
[413, 239, 38]
[612, 388, -344]
[373, 372, -25]
[542, 300, -586]
[294, 288, -325]
[513, 282, -638]
[283, 281, -360]
[522, 267, -620]
[276, 259, -369]
[529, 273, -582]
[291, 264, -336]
[543, 527, -64]
[429, 526, 65]
[551, 734, -68]
[445, 732, 197]
[550, 917, 140]
[445, 917, 439]
[559, 944, 153]
[447, 945, 459]
[521, 975, 1]
[424, 972, 321]
[455, 124, -286]
[471, 104, -279]
[480, 104, -279]
[489, 104, -279]
[453, 104, -264]
[448, 105, -264]
[443, 105, -264]
[514, 117, -186]
[451, 116, -96]
[471, 145, -254]
[449, 145, -232]
[573, 230, -169]
[412, 239, 38]
[612, 389, -357]
[371, 375, -29]
[551, 297, -604]
[297, 282, -313]
[524, 279, -655]
[289, 273, -345]
[532, 265, -634]
[279, 253, -351]
[539, 271, -599]
[295, 260, -322]
[542, 527, -64]
[427, 526, 65]
[550, 734, -68]
[445, 734, 195]
[550, 920, 140]
[444, 920, 434]
[559, 948, 152]
[447, 948, 453]
[521, 980, 1]
[425, 977, 313]
[454, 125, -282]
[470, 105, -276]
[478, 104, -276]
[488, 105, -276]
[451, 105, -258]
[446, 106, -258]
[442, 106, -258]
[513, 117, -187]
[449, 117, -93]
[470, 146, -251]
[448, 146, -226]
[572, 230, -161]
[412, 239, 37]
[612, 389, -342]
[369, 377, -33]
[572, 293, -576]
[298, 282, -318]
[566, 271, -622]
[280, 267, -349]
[573, 253, -604]
[280, 250, -357]
[569, 262, -572]
[295, 256, -328]
[542, 526, -64]
[426, 525, 65]
[550, 734, -80]
[442, 734, 195]
[550, 920, 100]
[443, 921, 429]
[559, 948, 110]
[446, 948, 449]
[520, 980, -33]
[424, 978, 305]
[454, 127, -294]
[469, 106, -288]
[477, 106, -288]
[487, 106, -288]
[451, 107, -268]
[446, 108, -268]
[441, 108, -268]
[512, 118, -202]
[449, 119, -108]
[470, 147, -262]
[448, 147, -236]
[572, 230, -172]
[412, 241, 28]
[612, 389, -350]
[371, 379, -29]
[562, 297, -580]
[300, 285, -309]
[528, 279, -627]
[279, 270, -340]
[536, 265, -607]
[280, 254, -349]
[556, 271, -575]
[294, 260, -319]
[542, 525, -64]
[426, 525, 65]
[549, 734, -75]
[442, 734, 194]
[549, 920, 107]
[443, 921, 420]
[558, 947, 117]
[446, 948, 438]
[519, 980, -28]
[423, 978, 300]
[453, 129, -289]
[468, 107, -284]
[476, 106, -284]
[486, 106, -284]
[450, 108, -264]
[445, 109, -264]
[441, 109, -264]
[511, 118, -207]
[449, 119, -108]
[470, 148, -258]
[448, 148, -232]
[573, 230, -184]
[413, 241, 28]
[611, 391, -348]
[372, 380, -23]
[547, 303, -566]
[303, 290, -306]
[503, 286, -612]
[279, 273, -337]
[512, 272, -596]
[282, 256, -345]
[529, 277, -561]
[294, 263, -316]
[541, 525, -66]
[426, 525, 66]
[549, 734, -70]
[442, 734, 203]
[549, 920, 114]
[443, 921, 436]
[558, 947, 124]
[446, 948, 456]
[518, 979, -16]
[423, 978, 319]
[452, 129, -277]
[467, 107, -276]
[476, 106, -276]
[485, 106, -276]
[450, 108, -253]
[445, 109, -253]
[441, 110, -253]
[510, 118, -205]
[449, 120, -103]
[469, 148, -252]
[447, 149, -222]
[573, 230, -187]
[414, 245, 31]
[612, 388, -355]
[373, 380, -14]
[534, 298, -574]
[299, 293, -271]
[496, 283, -621]
[271, 278, -299]
[509, 268, -604]
[277, 262, -311]
[519, 274, -569]
[289, 268, -282]
[542, 525, -67]
[426, 525, 67]
[549, 734, -61]
[441, 734, 202]
[548, 920, 134]
[443, 921, 432]
[558, 947, 145]
[446, 948, 451]
[518, 979, 0]
[423, 978, 314]
[451, 129, -263]
[466, 107, -263]
[474, 106, -263]
[484, 106, -263]
[449, 108, -239]
[445, 109, -239]
[440, 110, -239]
[509, 118, -204]
[449, 120, -93]
[467, 148, -241]
[446, 149, -209]
[573, 230, -185]
[415, 247, 31]
[615, 387, -355]
[375, 380, -7]
[541, 301, -591]
[296, 295, -259]
[542, 283, -639]
[268, 282, -287]
[551, 263, -623]
[274, 265, -300]
[551, 270, -588]
[285, 271, -271]
[542, 524, -67]
[428, 525, 67]
[548, 734, -61]
[442, 734, 209]
[548, 917, 125]
[445, 918, 436]
[557, 943, 135]
[449, 946, 455]
[517, 975, -4]
[422, 972, 327]
[449, 129, -264]
[465, 107, -264]
[473, 107, -264]
[483, 106, -264]
[448, 108, -241]
[444, 109, -241]
[440, 110, -241]
[509, 118, -208]
[449, 120, -99]
[464, 149, -241]
[444, 149, -210]
[574, 232, -178]
[418, 247, 23]
[616, 387, -347]
[380, 378, 63]
[606, 306, -595]
[287, 303, -78]
[601, 285, -642]
[255, 290, -88]
[611, 267, -634]
[257, 277, -109]
[604, 274, -596]
[269, 281, -90]
[542, 525, -65]
[429, 525, 66]
[547, 735, -62]
[442, 735, 198]
[548, 917, 120]
[446, 919, 407]
[557, 942, 132]
[452, 946, 424]
[517, 975, -3]
[422, 972, 304]
[449, 130, -255]
[465, 107, -257]
[473, 107, -257]
[483, 107, -257]
[448, 109, -235]
[444, 109, -235]
[440, 110, -235]
[509, 118, -206]
[449, 120, -99]
[463, 149, -233]
[443, 149, -203]
[574, 235, -172]
[421, 246, 22]
[615, 388, -308]
[384, 376, 95]
[623, 340, -560]
[276, 315, -5]
[622, 333, -604]
[241, 301, -10]
[629, 304, -614]
[245, 289, -34]
[622, 307, -569]
[256, 292, -18]
[541, 525, -64]
[430, 525, 64]
[547, 738, -63]
[442, 737, 157]
[547, 917, 122]
[447, 922, 325]
[557, 942, 133]
[454, 951, 338]
[517, 976, 14]
[422, 974, 222]
[449, 130, -280]
[465, 107, -281]
[473, 107, -282]
[483, 107, -282]
[448, 109, -260]
[444, 109, -260]
[440, 110, -260]
[509, 119, -224]
[450, 120, -121]
[464, 149, -256]
[443, 149, -226]
[580, 239, -195]
[424, 245, 11]
[615, 393, -340]
[386, 374, 91]
[550, 358, -597]
[272, 330, -38]
[526, 345, -649]
[237, 315, -52]
[565, 309, -644]
[239, 303, -84]
[530, 330, -599]
[250, 308, -55]
[540, 526, -64]
[431, 525, 64]
[547, 740, -56]
[442, 737, 168]
[547, 917, 144]
[448, 922, 361]
[557, 942, 158]
[455, 952, 377]
[516, 976, 35]
[422, 973, 254]
[449, 130, -266]
[465, 108, -272]
[473, 107, -272]
[483, 107, -272]
[448, 109, -248]
[444, 109, -248]
[440, 110, -248]
[509, 119, -220]
[451, 120, -116]
[464, 150, -246]
[443, 150, -214]
[584, 240, -197]
[426, 245, 15]
[616, 394, -339]
[389, 373, 117]
[524, 362, -569]
[270, 344, 9]
[485, 351, -619]
[235, 333, -2]
[500, 334, -612]
[232, 320, -36]
[500, 338, -569]
[248, 326, -8]
[539, 526, -64]
[431, 525, 64]
[543, 742, -51]
[442, 737, 170]
[547, 919, 147]
[448, 924, 354]
[557, 944, 161]
[455, 954, 368]
[515, 976, 38]
[421, 973, 247]
[449, 130, -270]
[465, 108, -273]
[473, 107, -273]
[483, 107, -273]
[448, 109, -251]
[444, 109, -251]
[440, 110, -251]
[509, 119, -219]
[451, 120, -114]
[465, 150, -247]
[444, 150, -217]
[584, 240, -194]
[428, 245, 20]
[611, 394, -321]
[392, 373, 129]
[507, 365, -536]
[274, 362, 14]
[468, 361, -587]
[240, 355, 1]
[481, 340, -577]
[239, 345, -37]
[487, 342, -535]
[252, 349, -4]
[536, 526, -64]
[431, 524, 65]
[539, 741, -51]
[442, 734, 150]
[544, 918, 144]
[448, 922, 322]
[555, 943, 158]
[455, 954, 335]
[512, 975, 33]
[419, 969, 212]
[450, 130, -261]
[465, 108, -263]
[474, 107, -263]
[483, 107, -263]
[449, 109, -242]
[445, 109, -242]
[441, 110, -242]
[509, 119, -212]
[452, 120, -112]
[466, 150, -237]
[444, 150, -209]
[584, 240, -193]
[429, 245, 24]
[608, 394, -300]
[396, 374, 163]
[510, 374, -493]
[277, 378, 106]
[478, 374, -539]
[249, 375, 101]
[483, 351, -530]
[242, 364, 62]
[490, 350, -492]
[253, 366, 87]
[534, 526, -64]
[431, 523, 65]
[536, 740, -33]
[442, 729, 159]
[538, 913, 146]
[447, 916, 323]
[549, 938, 160]
[455, 948, 335]
[505, 971, 45]
[415, 959, 223]
[452, 130, -257]
[468, 108, -258]
[476, 107, -258]
[486, 107, -258]
[450, 109, -238]
[446, 109, -238]
[442, 110, -238]
[510, 119, -201]
[452, 120, -106]
[468, 150, -231]
[445, 150, -204]
[584, 240, -181]
[429, 244, 28]
[601, 394, -261]
[400, 379, 122]
[510, 393, -406]
[321, 413, 6]
[469, 398, -445]
[302, 444, -7]
[472, 370, -437]
[292, 426, -40]
[489, 368, -404]
[294, 406, -11]
[534, 526, -65]
[431, 522, 65]
[536, 740, -39]
[439, 729, 161]
[535, 913, 140]
[445, 916, 339]
[545, 938, 153]
[454, 949, 352]
[501, 971, 38]
[407, 961, 236]
[452, 130, -245]
[468, 108, -248]
[476, 108, -248]
[486, 108, -248]
[451, 109, -227]
[446, 110, -227]
[442, 110, -227]
[510, 119, -201]
[452, 121, -102]
[468, 150, -225]
[445, 150, -195]
[584, 240, -187]
[429, 245, 28]
[599, 396, -277]
[392, 382, 143]
[516, 408, -454]
[286, 399, 58]
[480, 416, -497]
[257, 407, 50]
[484, 395, -495]
[245, 394, 10]
[492, 385, -455]
[261, 391, 38]
[534, 527, -65]
[431, 523, 65]
[535, 741, -32]
[439, 730, 162]
[534, 915, 152]
[444, 919, 327]
[545, 940, 165]
[452, 952, 339]
[500, 972, 51]
[406, 962, 225]
[453, 130, -215]
[469, 108, -220]
[477, 108, -220]
[487, 108, -220]
[451, 109, -197]
[446, 110, -197]
[442, 110, -198]
[510, 119, -186]
[452, 121, -79]
[469, 150, -199]
[446, 150, -168]
[584, 239, -187]
[428, 246, 50]
[600, 397, -255]
[388, 389, 159]
[518, 432, -385]
[274, 410, 64]
[486, 454, -423]
[239, 414, 57]
[491, 439, -425]
[228, 402, 16]
[490, 424, -386]
[247, 403, 44]
[531, 527, -66]
[431, 523, 67]
[528, 743, -47]
[436, 732, 135]
[525, 921, 124]
[436, 926, 271]
[537, 945, 136]
[444, 960, 280]
[489, 977, 25]
[397, 969, 164]
[452, 130, -215]
[468, 108, -223]
[477, 107, -223]
[486, 107, -223]
[451, 109, -197]
[446, 109, -197]
[442, 110, -197]
[510, 119, -192]
[452, 121, -79]
[469, 150, -203]
[445, 150, -168]
[585, 239, -212]
[429, 247, 52]
[601, 399, -261]
[390, 392, 152]
[512, 463, -335]
[277, 430, 46]
[482, 492, -370]
[240, 439, 38]
[476, 469, -367]
[232, 429, -2]
[482, 457, -334]
[250, 428, 25]
[532, 526, -77]
[432, 523, 78]
[525, 750, -82]
[432, 739, 134]
[521, 935, 100]
[430, 939, 268]
[533, 962, 112]
[438, 973, 277]
[486, 990, -5]
[390, 983, 158]
[452, 130, -211]
[468, 108, -219]
[477, 107, -219]
[486, 107, -219]
[451, 109, -192]
[446, 109, -192]
[442, 110, -192]
[510, 119, -193]
[453, 121, -72]
[469, 150, -200]
[445, 150, -164]
[585, 239, -220]
[428, 249, 66]
[601, 400, -262]
[388, 395, 161]
[500, 486, -317]
[276, 442, 48]
[473, 512, -353]
[243, 455, 40]
[455, 497, -351]
[236, 442, -1]
[460, 486, -315]
[246, 442, 26]
[531, 526, -81]
[431, 522, 81]
[522, 752, -94]
[425, 743, 124]
[515, 939, 97]
[423, 941, 249]
[526, 966, 109]
[431, 973, 257]
[479, 994, -10]
[386, 988, 137]
[450, 129, -212]
[467, 107, -216]
[475, 107, -216]
[484, 107, -216]
[450, 109, -191]
[445, 109, -191]
[441, 110, -191]
[510, 119, -183]
[453, 120, -66]
[468, 149, -197]
[444, 150, -163]
[586, 239, -211]
[427, 249, 59]
[602, 399, -260]
[388, 396, 154]
[513, 486, -368]
[310, 453, 4]
[494, 514, -413]
[291, 484, -14]
[462, 500, -414]
[290, 472, -58]
[464, 490, -369]
[303, 462, -19]
[533, 525, -79]
[431, 519, 79]
[523, 752, -96]
[422, 743, 125]
[516, 937, 107]
[424, 940, 279]
[526, 963, 119]
[432, 971, 289]
[482, 992, -1]
[389, 986, 165]
[450, 126, -217]
[467, 106, -218]
[476, 106, -218]
[485, 106, -218]
[449, 107, -196]
[445, 107, -196]
[440, 108, -196]
[510, 119, -172]
[451, 119, -69]
[468, 147, -198]
[444, 148, -168]
[586, 239, -190]
[425, 249, 55]
[602, 396, -235]
[389, 396, 111]
[521, 496, -334]
[334, 470, -54]
[510, 530, -378]
[325, 493, -76]
[477, 514, -385]
[327, 479, -115]
[478, 501, -336]
[325, 484, -74]
[535, 524, -79]
[431, 515, 79]
[523, 751, -87]
[420, 741, 124]
[517, 936, 134]
[423, 934, 286]
[527, 963, 148]
[432, 962, 297]
[484, 992, 23]
[391, 985, 172]
[450, 124, -212]
[467, 104, -213]
[476, 104, -213]
[485, 104, -213]
[449, 105, -191]
[444, 106, -191]
[439, 106, -191]
[510, 118, -170]
[449, 118, -65]
[468, 146, -194]
[444, 146, -164]
[585, 239, -186]
[420, 250, 55]
[601, 398, -211]
[389, 397, 126]
[523, 518, -279]
[333, 483, 0]
[514, 550, -318]
[321, 502, -15]
[481, 535, -327]
[311, 505, -56]
[481, 522, -282]
[330, 481, -19]
[534, 527, -78]
[424, 515, 79]
[517, 753, -82]
[412, 741, 129]
[509, 936, 140]
[415, 931, 311]
[518, 963, 155]
[424, 960, 324]
[480, 992, 34]
[384, 985, 206]
[449, 123, -212]
[467, 103, -215]
[475, 103, -216]
[485, 103, -216]
[448, 104, -192]
[443, 105, -192]
[438, 105, -192]
[510, 117, -175]
[448, 117, -66]
[467, 145, -196]
[442, 145, -164]
[585, 242, -201]
[418, 250, 56]
[597, 408, -224]
[389, 396, 136]
[520, 530, -270]
[328, 486, 15]
[513, 566, -308]
[310, 510, 0]
[480, 568, -314]
[302, 508, -40]
[481, 533, -272]
[315, 498, -5]
[517, 531, -82]
[413, 515, 82]
[495, 756, -36]
[392, 741, 162]
[485, 941, 178]
[389, 930, 328]
[497, 969, 192]
[395, 959, 341]
[450, 993, 71]
[361, 984, 224]
[448, 122, -225]
[465, 102, -225]
[474, 102, -225]
[484, 102, -225]
[446, 104, -202]
[441, 104, -202]
[436, 104, -202]
[510, 116, -178]
[446, 116, -68]
[465, 144, -205]
[441, 144, -173]
[583, 240, -197]
[415, 249, 56]
[597, 403, -217]
[389, 397, 157]
[536, 528, -302]
[326, 491, 35]
[538, 583, -344]
[304, 517, 19]
[511, 572, -357]
[296, 513, -28]
[507, 538, -307]
[308, 506, 12]
[519, 532, -82]
[409, 519, 82]
[502, 762, -70]
[397, 745, 106]
[494, 946, 168]
[394, 936, 271]
[504, 973, 184]
[401, 965, 283]
[460, 1002, 58]
[368, 994, 150]
[447, 121, -244]
[464, 102, -243]
[473, 102, -243]
[482, 102, -244]
[445, 103, -221]
[439, 104, -221]
[434, 104, -222]
[509, 116, -193]
[445, 116, -88]
[464, 143, -223]
[440, 143, -193]
[582, 239, -206]
[414, 249, 42]
[596, 400, -231]
[389, 397, 149]
[552, 537, -323]
[327, 496, 23]
[561, 598, -366]
[300, 523, 8]
[533, 591, -378]
[293, 519, -33]
[527, 554, -329]
[305, 512, 2]
[516, 535, -80]
[406, 522, 81]
[499, 763, -76]
[391, 742, 114]
[489, 947, 159]
[384, 935, 313]
[499, 975, 174]
[388, 965, 327]
[456, 1004, 47]
[361, 992, 190]
[446, 120, -264]
[463, 101, -263]
[472, 101, -263]
[481, 101, -263]
[443, 102, -241]
[438, 103, -241]
[433, 103, -241]
[508, 114, -206]
[443, 114, -101]
[463, 141, -241]
[439, 142, -210]
[581, 239, -213]
[411, 249, 29]
[595, 400, -235]
[389, 397, 131]
[561, 542, -316]
[333, 502, 4]
[570, 604, -361]
[304, 522, -15]
[544, 598, -375]
[301, 516, -65]
[538, 562, -323]
[316, 518, -20]
[517, 536, -82]
[406, 523, 82]
[501, 763, -57]
[393, 743, 159]
[492, 949, 193]
[384, 935, 370]
[502, 979, 210]
[387, 965, 386]
[459, 1005, 68]
[360, 991, 248]
[446, 119, -277]
[463, 101, -276]
[472, 100, -277]
[481, 100, -277]
[443, 102, -255]
[437, 102, -255]
[432, 102, -256]
[508, 113, -216]
[441, 113, -113]
[463, 140, -253]
[438, 141, -223]
[581, 239, -224]
[410, 248, 19]
[593, 402, -236]
[391, 398, 117]
[568, 550, -317]
[338, 507, -9]
[575, 604, -362]
[310, 532, -28]
[555, 599, -378]
[313, 530, -77]
[548, 572, -324]
[322, 523, -34]
[519, 536, -83]
[407, 525, 83]
[508, 763, -40]
[395, 745, 193]
[497, 952, 196]
[388, 937, 411]
[504, 982, 211]
[391, 968, 428]
[460, 1007, 62]
[364, 992, 285]
[446, 118, -298]
[463, 100, -296]
[472, 100, -296]
[482, 100, -296]
[443, 101, -276]
[437, 101, -276]
[431, 102, -276]
[508, 113, -230]
[440, 112, -133]
[463, 140, -272]
[438, 140, -244]
[581, 240, -231]
[409, 248, 8]
[592, 405, -238]
[393, 399, 105]
[572, 556, -315]
[346, 506, -18]
[576, 613, -358]
[326, 536, -36]
[560, 604, -375]
[326, 530, -84]
[552, 576, -322]
[335, 522, -42]
[520, 537, -83]
[408, 525, 83]
[508, 762, -40]
[397, 745, 203]
[498, 950, 189]
[388, 936, 426]
[506, 980, 203]
[391, 968, 444]
[462, 1006, 58]
[362, 991, 306]
[446, 116, -306]
[463, 98, -304]
[472, 98, -304]
[482, 99, -304]
[442, 99, -284]
[437, 99, -284]
[431, 99, -284]
[508, 112, -236]
[438, 110, -140]
[463, 138, -279]
[437, 138, -252]
[581, 240, -234]
[408, 247, -1]
[591, 410, -237]
[394, 400, 95]
[573, 562, -302]
[356, 511, -27]
[578, 610, -345]
[338, 546, -45]
[561, 610, -363]
[339, 535, -92]
[550, 597, -310]
[351, 527, -50]
[520, 537, -82]
[409, 526, 83]
[509, 762, -31]
[399, 746, 219]
[498, 951, 203]
[389, 937, 459]
[507, 982, 217]
[392, 969, 479]
[463, 1006, 64]
[364, 991, 336]
