[489, 170, -255]
[503, 153, -244]
[512, 153, -244]
[521, 154, -244]
[485, 153, -233]
[479, 154, -233]
[474, 154, -233]
[542, 168, -161]
[477, 166, -97]
[507, 191, -223]
[480, 190, -206]
[607, 293, -147]
[431, 298, -6]
[610, 453, -178]
[403, 442, 14]
[578, 581, -299]
[383, 544, -152]
[580, 632, -347]
[374, 579, -186]
[560, 625, -362]
[382, 570, -223]
[555, 607, -309]
[389, 558, -173]
[549, 562, -60]
[441, 551, 61]
[541, 779, -85]
[432, 773, 111]
[533, 966, 124]
[430, 957, 288]
[539, 995, 135]
[430, 986, 300]
[506, 1018, -19]
[426, 1013, 151]
[486, 170, -255]
[500, 153, -245]
[509, 153, -245]
[518, 154, -245]
[483, 153, -233]
[477, 154, -233]
[473, 154, -233]
[541, 168, -162]
[476, 167, -97]
[504, 192, -223]
[479, 191, -206]
[607, 293, -150]
[431, 298, -3]
[610, 453, -183]
[404, 442, 23]
[579, 582, -303]
[383, 542, -142]
[581, 631, -351]
[372, 576, -173]
[561, 625, -369]
[380, 570, -212]
[556, 606, -314]
[387, 556, -162]
[549, 562, -60]
[441, 551, 61]
[542, 778, -85]
[432, 773, 105]
[533, 966, 124]
[430, 957, 285]
[539, 994, 136]
[430, 986, 297]
[506, 1017, -18]
[425, 1012, 151]
[484, 170, -248]
[498, 153, -240]
[507, 153, -240]
[516, 154, -240]
[482, 154, -226]
[477, 154, -226]
[473, 155, -226]
[540, 169, -162]
[477, 167, -91]
[502, 192, -219]
[478, 191, -199]
[607, 292, -158]
[431, 298, 3]
[610, 453, -200]
[406, 442, 28]
[578, 580, -312]
[382, 542, -141]
[581, 630, -361]
[369, 576, -171]
[561, 623, -376]
[378, 571, -211]
[556, 604, -322]
[386, 557, -162]
[551, 561, -67]
[443, 551, 67]
[546, 780, -79]
[436, 776, 106]
[538, 970, 136]
[435, 964, 275]
[545, 998, 147]
[436, 993, 287]
[510, 1023, -5]
[427, 1018, 132]
[484, 170, -248]
[498, 154, -240]
[506, 154, -240]
[516, 154, -240]
[482, 154, -226]
[477, 155, -226]
[473, 156, -226]
[539, 169, -161]
[477, 168, -92]
[501, 192, -219]
[478, 192, -199]
[607, 292, -158]
[431, 299, 3]
[611, 452, -199]
[408, 442, 27]
[577, 580, -312]
[381, 541, -145]
[580, 630, -361]
[369, 575, -177]
[560, 622, -375]
[376, 571, -216]
[556, 603, -321]
[385, 556, -166]
[552, 561, -66]
[446, 551, 67]
[548, 780, -79]
[439, 776, 107]
[540, 969, 131]
[437, 964, 280]
[547, 997, 142]
[438, 993, 293]
[512, 1022, -8]
[430, 1018, 141]
[483, 171, -250]
[497, 154, -243]
[506, 154, -243]
[515, 155, -243]
[482, 155, -228]
[477, 156, -228]
[472, 157, -228]
[539, 170, -170]
[477, 169, -97]
[501, 193, -222]
[477, 193, -202]
[606, 291, -174]
[432, 300, 10]
[611, 449, -203]
[409, 442, 48]
[573, 579, -307]
[381, 538, -115]
[571, 628, -353]
[363, 568, -141]
[552, 618, -367]
[367, 558, -182]
[549, 600, -315]
[381, 552, -137]
[553, 557, -67]
[447, 551, 68]
[551, 778, -93]
[443, 774, 95]
[542, 966, 99]
[440, 959, 244]
[549, 993, 108]
[441, 988, 253]
[513, 1017, -38]
[431, 1010, 107]
[483, 172, -240]
[497, 155, -235]
[505, 155, -235]
[515, 155, -235]
[481, 156, -218]
[476, 157, -218]
[472, 157, -219]
[539, 170, -168]
[477, 170, -90]
[501, 193, -215]
[477, 193, -192]
[606, 290, -174]
[432, 300, 29]
[612, 447, -204]
[410, 442, 82]
[570, 575, -306]
[374, 535, -71]
[565, 622, -351]
[346, 561, -95]
[545, 610, -365]
[347, 550, -138]
[544, 592, -314]
[365, 546, -95]
[553, 557, -70]
[448, 552, 71]
[551, 778, -92]
[443, 773, 89]
[540, 965, 98]
[439, 957, 223]
[547, 993, 107]
[440, 986, 231]
[510, 1015, -37]
[429, 1007, 87]
[482, 172, -225]
[496, 155, -222]
[504, 155, -222]
[514, 155, -222]
[480, 156, -204]
[476, 157, -204]
[471, 158, -204]
[538, 170, -163]
[477, 171, -75]
[500, 194, -202]
[476, 194, -177]
[606, 290, -175]
[433, 301, 45]
[614, 444, -208]
[409, 442, 103]
[563, 572, -296]
[357, 531, -46]
[556, 614, -341]
[329, 554, -68]
[534, 601, -350]
[332, 544, -112]
[537, 581, -301]
[347, 535, -70]
[553, 558, -77]
[448, 552, 77]
[540, 778, -67]
[433, 772, 108]
[521, 966, 121]
[424, 957, 241]
[528, 994, 131]
[426, 986, 250]
[488, 1015, -9]
[406, 1007, 103]
[482, 173, -230]
[496, 155, -226]
[504, 155, -226]
[513, 156, -226]
[480, 157, -206]
[475, 158, -206]
[471, 159, -206]
[538, 171, -175]
[477, 171, -81]
[500, 194, -206]
[476, 194, -181]
[606, 290, -179]
[434, 301, 35]
[616, 443, -210]
[409, 441, 81]
[558, 565, -297]
[357, 523, -70]
[551, 607, -343]
[330, 544, -97]
[530, 593, -354]
[333, 533, -138]
[530, 570, -303]
[339, 530, -92]
[552, 558, -76]
[446, 551, 77]
[540, 775, -68]
[429, 769, 105]
[523, 965, 110]
[421, 957, 230]
[529, 993, 117]
[424, 985, 237]
[490, 1014, -27]
[406, 1007, 90]
[482, 173, -225]
[496, 155, -220]
[504, 156, -220]
[513, 156, -220]
[480, 157, -204]
[475, 158, -203]
[471, 159, -203]
[538, 171, -158]
[477, 172, -77]
[500, 194, -200]
[476, 195, -177]
[606, 290, -172]
[434, 301, 33]
[617, 443, -209]
[409, 440, 72]
[548, 556, -294]
[349, 517, -108]
[537, 595, -338]
[325, 534, -135]
[516, 580, -342]
[330, 522, -172]
[518, 558, -298]
[332, 523, -129]
[554, 558, -74]
[446, 551, 75]
[545, 776, -33]
[431, 771, 110]
[533, 967, 159]
[427, 960, 239]
[541, 995, 169]
[429, 988, 248]
[498, 1018, 28]
[412, 1014, 100]
[482, 174, -220]
[496, 156, -216]
[504, 156, -216]
[514, 157, -216]
[480, 157, -200]
[475, 158, -200]
[471, 159, -200]
[538, 172, -152]
[477, 172, -76]
[500, 195, -195]
[476, 195, -173]
[606, 290, -158]
[435, 300, 35]
[618, 441, -178]
[411, 434, 94]
[546, 543, -262]
[352, 506, -49]
[537, 585, -301]
[329, 521, -71]
[519, 560, -309]
[330, 513, -110]
[521, 545, -265]
[336, 511, -69]
[560, 557, -69]
[452, 549, 70]
[556, 769, -33]
[447, 766, 120]
[545, 952, 156]
[444, 948, 262]
[553, 979, 167]
[447, 975, 273]
[512, 1003, 37]
[430, 1001, 144]
[482, 174, -247]
[496, 156, -242]
[504, 156, -242]
[514, 157, -242]
[480, 158, -227]
[475, 158, -227]
[471, 159, -227]
[538, 172, -174]
[477, 172, -102]
[500, 196, -221]
[476, 196, -200]
[606, 290, -174]
[435, 302, 20]
[621, 440, -192]
[411, 434, 72]
[540, 534, -271]
[341, 495, -90]
[529, 577, -317]
[317, 506, -112]
[501, 546, -328]
[315, 496, -149]
[508, 534, -281]
[317, 494, -110]
[568, 556, -65]
[456, 549, 65]
[569, 767, -43]
[459, 766, 118]
[563, 944, 184]
[460, 946, 290]
[572, 969, 200]
[464, 971, 304]
[536, 1000, 71]
[448, 999, 174]
[481, 174, -242]
[495, 156, -241]
[503, 156, -241]
[513, 157, -241]
[480, 158, -225]
[475, 158, -225]
[471, 159, -225]
[537, 172, -190]
[477, 172, -100]
[499, 196, -219]
[476, 196, -196]
[606, 290, -198]
[440, 302, 25]
[620, 441, -217]
[411, 431, 100]
[532, 521, -278]
[331, 483, -30]
[508, 547, -317]
[309, 496, -46]
[492, 532, -322]
[303, 486, -87]
[498, 521, -282]
[312, 482, -51]
[566, 555, -68]
[457, 546, 68]
[565, 765, -48]
[456, 764, 121]
[558, 945, 170]
[456, 945, 279]
[566, 970, 184]
[458, 971, 292]
[534, 998, 42]
[438, 998, 155]
[481, 175, -221]
[495, 157, -224]
[503, 157, -224]
[512, 157, -224]
[480, 158, -205]
[475, 159, -205]
[471, 159, -205]
[537, 172, -185]
[477, 172, -91]
[499, 196, -204]
[476, 197, -178]
[605, 289, -190]
[442, 302, 32]
[618, 440, -216]
[412, 429, 93]
[523, 495, -269]
[334, 462, -49]
[495, 511, -302]
[309, 471, -69]
[485, 496, -303]
[303, 459, -105]
[492, 489, -269]
[313, 457, -70]
[566, 551, -66]
[458, 542, 66]
[565, 757, -38]
[463, 759, 113]
[559, 938, 150]
[461, 940, 232]
[569, 964, 159]
[464, 967, 240]
[530, 990, 28]
[443, 990, 117]
[481, 176, -225]
[495, 157, -227]
[503, 157, -227]
[512, 157, -227]
[480, 158, -205]
[475, 159, -205]
[471, 159, -205]
[537, 172, -185]
[478, 172, -92]
[499, 197, -204]
[476, 197, -180]
[605, 289, -186]
[443, 301, 31]
[620, 441, -224]
[412, 429, 58]
[527, 474, -314]
[332, 444, -132]
[496, 485, -348]
[307, 445, -157]
[491, 464, -342]
[301, 433, -188]
[498, 459, -312]
[312, 434, -151]
[565, 551, -65]
[458, 541, 66]
[565, 752, -35]
[466, 755, 155]
[564, 932, 140]
[467, 933, 314]
[574, 958, 148]
[471, 959, 327]
[533, 983, 26]
[450, 984, 206]
[482, 176, -246]
[496, 157, -247]
[504, 157, -247]
[513, 157, -247]
[480, 158, -226]
[475, 159, -226]
[471, 159, -227]
[537, 172, -192]
[478, 172, -96]
[499, 197, -223]
[476, 197, -196]
[606, 289, -187]
[443, 301, 31]
[622, 442, -265]
[412, 429, 60]
[529, 474, -406]
[324, 429, -127]
[503, 492, -447]
[304, 427, -151]
[496, 468, -442]
[290, 412, -180]
[499, 458, -405]
[302, 413, -145]
[567, 551, -67]
[458, 541, 68]
[567, 754, -39]
[463, 756, 179]
[567, 935, 155]
[465, 935, 379]
[577, 962, 166]
[469, 961, 395]
[537, 986, 27]
[452, 986, 258]
[482, 176, -258]
[496, 157, -259]
[505, 157, -259]
[514, 158, -259]
[480, 158, -239]
[476, 159, -239]
[471, 160, -240]
[537, 172, -201]
[478, 172, -108]
[500, 197, -235]
[477, 198, -208]
[607, 289, -187]
[443, 301, 17]
[626, 446, -279]
[406, 428, 66]
[537, 454, -452]
[296, 408, -83]
[508, 466, -494]
[286, 416, -101]
[506, 439, -489]
[275, 395, -131]
[502, 428, -452]
[271, 396, -101]
[568, 551, -66]
[458, 541, 67]
[570, 755, -22]
[463, 757, 174]
[572, 936, 183]
[467, 936, 371]
[582, 963, 196]
[470, 963, 387]
[544, 988, 52]
[458, 988, 247]
[482, 177, -254]
[496, 157, -253]
[505, 157, -253]
[514, 158, -253]
[480, 158, -235]
[476, 159, -235]
[471, 160, -235]
[537, 172, -196]
[478, 172, -96]
[500, 198, -230]
[477, 198, -205]
[607, 288, -187]
[443, 296, 36]
[626, 445, -290]
[409, 425, -11]
[532, 417, -433]
[298, 398, -313]
[492, 412, -474]
[288, 398, -349]
[501, 388, -461]
[286, 379, -367]
[503, 390, -429]
[282, 381, -330]
[567, 551, -68]
[455, 540, 69]
[569, 753, -27]
[462, 753, 207]
[569, 935, 168]
[465, 933, 420]
[578, 963, 181]
[467, 961, 438]
[541, 985, 33]
[455, 985, 298]
[482, 177, -244]
[496, 157, -245]
[504, 157, -245]
[514, 158, -245]
[480, 158, -225]
[476, 159, -225]
[471, 159, -225]
[536, 172, -195]
[479, 171, -92]
[500, 197, -223]
[477, 198, -196]
[607, 287, -186]
[443, 294, 36]
[630, 441, -311]
[409, 421, 92]
[533, 421, -521]
[302, 382, -48]
[498, 416, -568]
[273, 377, -63]
[502, 396, -559]
[267, 360, -89]
[507, 392, -520]
[279, 364, -64]
[567, 550, -68]
[455, 540, 69]
[572, 746, -31]
[468, 748, 182]
[573, 928, 152]
[472, 929, 374]
[582, 955, 163]
[473, 955, 389]
[547, 979, 16]
[463, 979, 251]
[482, 176, -244]
[496, 157, -245]
[504, 157, -245]
[513, 157, -245]
[480, 158, -225]
[475, 158, -225]
[471, 158, -225]
[536, 171, -192]
[479, 170, -92]
[499, 197, -223]
[476, 197, -196]
[606, 286, -185]
[443, 290, 35]
[629, 438, -331]
[409, 418, 80]
[539, 394, -555]
[309, 373, -83]
[506, 385, -604]
[280, 364, -103]
[515, 364, -593]
[277, 348, -130]
[522, 367, -553]
[288, 352, -100]
[564, 549, -68]
[454, 541, 69]
[571, 741, -33]
[468, 743, 191]
[571, 921, 141]
[470, 921, 394]
[580, 948, 151]
[472, 948, 411]
[543, 973, 11]
[460, 970, 283]
[481, 176, -244]
[496, 157, -244]
[503, 157, -245]
[513, 157, -244]
[480, 157, -225]
[475, 157, -225]
[471, 158, -225]
[536, 171, -195]
[479, 169, -98]
[498, 197, -222]
[476, 197, -195]
[606, 286, -185]
[443, 291, 17]
[627, 436, -305]
[409, 420, 15]
[529, 380, -464]
[310, 366, -183]
[484, 360, -506]
[285, 356, -205]
[492, 347, -522]
[278, 337, -218]
[493, 344, -462]
[291, 342, -194]
[561, 549, -59]
[453, 541, 60]
[570, 743, -16]
[466, 745, 183]
[570, 924, 153]
[469, 923, 377]
[579, 951, 163]
[470, 950, 393]
[541, 976, 25]
[459, 971, 263]
[480, 176, -246]
[495, 156, -245]
[503, 156, -245]
[512, 157, -245]
[479, 156, -226]
[475, 157, -226]
[471, 157, -226]
[535, 171, -191]
[479, 168, -99]
[497, 197, -223]
[476, 196, -199]
[604, 285, -172]
[440, 291, 9]
[626, 436, -298]
[403, 420, -49]
[526, 360, -465]
[313, 349, -314]
[488, 343, -501]
[285, 335, -347]
[493, 332, -489]
[282, 320, -355]
[497, 335, -459]
[294, 325, -325]
[561, 548, -52]
[452, 541, 52]
[570, 742, -18]
[465, 746, 187]
[571, 924, 153]
[468, 925, 400]
[580, 952, 163]
[469, 952, 418]
[544, 977, 25]
[459, 974, 285]
[480, 175, -241]
[495, 156, -237]
[502, 156, -237]
[512, 157, -237]
[478, 156, -220]
[474, 157, -220]
[470, 157, -221]
[535, 171, -172]
[478, 168, -94]
[497, 197, -216]
[475, 196, -195]
[603, 284, -156]
[437, 291, 12]
[625, 436, -291]
[397, 423, -70]
[527, 354, -454]
[315, 347, -363]
[489, 337, -487]
[287, 329, -401]
[491, 325, -457]
[288, 316, -405]
[496, 329, -447]
[304, 323, -373]
[561, 547, -51]
[452, 542, 52]
[570, 739, -26]
[465, 744, 181]
[572, 921, 137]
[467, 922, 384]
[580, 949, 146]
[469, 949, 401]
[544, 974, 6]
[460, 973, 271]
[479, 175, -261]
[494, 156, -257]
[502, 156, -257]
[511, 157, -257]
[477, 156, -239]
[472, 156, -239]
[468, 156, -239]
[534, 170, -188]
[477, 167, -104]
[496, 196, -236]
[474, 196, -212]
[600, 284, -161]
[432, 291, 7]
[624, 436, -316]
[395, 426, -69]
[527, 361, -515]
[317, 346, -367]
[492, 348, -556]
[287, 327, -405]
[494, 333, -535]
[289, 313, -412]
[505, 340, -509]
[303, 319, -378]
[559, 547, -53]
[449, 542, 54]
[567, 740, -44]
[462, 744, 183]
[571, 923, 137]
[466, 922, 404]
[580, 953, 146]
[467, 949, 422]
[544, 975, -1]
[459, 976, 280]
[478, 174, -271]
[493, 156, -264]
[501, 156, -264]
[510, 157, -264]
[476, 156, -248]
[471, 156, -248]
[466, 155, -248]
[532, 170, -188]
[475, 167, -108]
[494, 196, -242]
[473, 195, -220]
[597, 283, -159]
[429, 288, 1]
[624, 436, -307]
[393, 426, -96]
[534, 352, -520]
[321, 343, -416]
[494, 341, -565]
[288, 323, -461]
[507, 325, -547]
[294, 309, -467]
[516, 334, -516]
[309, 315, -428]
[557, 544, -53]
[447, 541, 54]
[565, 739, -63]
[460, 744, 179]
[570, 922, 124]
[466, 921, 397]
[579, 951, 134]
[467, 947, 415]
[544, 975, -16]
[458, 976, 274]
[478, 174, -288]
[492, 156, -276]
[500, 156, -276]
[510, 157, -276]
[474, 155, -264]
[469, 155, -264]
[464, 155, -264]
[532, 169, -184]
[472, 166, -119]
[494, 195, -252]
[472, 194, -236]
[592, 283, -152]
[422, 286, -5]
[622, 436, -289]
[384, 424, -107]
[541, 351, -491]
[310, 338, -416]
[511, 341, -534]
[289, 320, -459]
[534, 334, -521]
[293, 301, -463]
[538, 339, -489]
[307, 309, -426]
[557, 542, -50]
[444, 541, 51]
[565, 740, -60]
[458, 744, 152]
[570, 923, 126]
[464, 922, 376]
[579, 951, 135]
[464, 948, 395]
[543, 976, -7]
[458, 977, 240]
[476, 173, -279]
[490, 156, -260]
[499, 156, -260]
[508, 157, -260]
[472, 155, -255]
[467, 155, -255]
[462, 155, -255]
[529, 169, -150]
[470, 166, -94]
[493, 194, -238]
[471, 194, -235]
[586, 282, -117]
[422, 284, -2]
[632, 418, -280]
[383, 422, -100]
[631, 330, -511]
[311, 329, -405]
[628, 314, -559]
[295, 321, -448]
[627, 298, -547]
[298, 301, -452]
[621, 306, -512]
[307, 308, -415]
[555, 541, -51]
[442, 540, 52]
[558, 738, -66]
[449, 744, 148]
[561, 922, 98]
[452, 921, 340]
[570, 950, 105]
[452, 945, 355]
[534, 975, -45]
[454, 976, 207]
[474, 173, -284]
[489, 155, -267]
[497, 156, -267]
[507, 157, -267]
[471, 155, -259]
[466, 155, -259]
[461, 155, -259]
[527, 169, -157]
[469, 165, -109]
[490, 194, -244]
[469, 193, -234]
[580, 280, -122]
[414, 283, -9]
[636, 412, -278]
[364, 401, -126]
[637, 334, -510]
[298, 330, -428]
[633, 322, -558]
[286, 318, -471]
[629, 305, -547]
[275, 291, -475]
[625, 311, -511]
[290, 299, -438]
[553, 540, -50]
[440, 539, 51]
[552, 736, -64]
[441, 742, 138]
[554, 919, 113]
[445, 916, 328]
[563, 945, 122]
[444, 940, 344]
[527, 973, -26]
[451, 972, 198]
[474, 173, -306]
[488, 155, -291]
[497, 156, -292]
[506, 157, -292]
[471, 155, -280]
[466, 155, -280]
[461, 155, -280]
[526, 169, -184]
[467, 165, -130]
[489, 194, -268]
[467, 192, -252]
[580, 279, -142]
[412, 283, -15]
[635, 413, -341]
[371, 406, -130]
[626, 326, -584]
[302, 320, -437]
[617, 304, -634]
[292, 312, -479]
[616, 288, -615]
[289, 294, -482]
[612, 297, -582]
[292, 299, -447]
[550, 540, -59]
[438, 539, 59]
[544, 732, -84]
[437, 737, 145]
[549, 915, 98]
[442, 910, 338]
[558, 943, 107]
[443, 935, 354]
[521, 967, -45]
[443, 964, 213]
[474, 172, -302]
[488, 155, -288]
[497, 156, -288]
[506, 157, -288]
[471, 155, -276]
[466, 154, -276]
[461, 154, -276]
[525, 169, -183]
[466, 164, -127]
[489, 193, -264]
[467, 191, -249]
[580, 279, -145]
[411, 283, -9]
[634, 417, -339]
[374, 405, -124]
[638, 328, -600]
[290, 310, -352]
[635, 305, -652]
[265, 305, -383]
[634, 288, -637]
[271, 292, -390]
[628, 297, -600]
[274, 294, -363]
[547, 540, -63]
[436, 538, 63]
[538, 732, -95]
[433, 737, 145]
[544, 916, 87]
[438, 911, 339]
[554, 944, 96]
[440, 936, 355]
[517, 968, -58]
[439, 965, 207]
[474, 171, -303]
[489, 154, -287]
[497, 155, -287]
[506, 156, -287]
[471, 153, -277]
[466, 153, -277]
[461, 153, -278]
[524, 167, -180]
[465, 163, -129]
[489, 191, -264]
[467, 190, -251]
[579, 279, -144]
[407, 283, -10]
[623, 421, -324]
[374, 409, -112]
[623, 333, -572]
[295, 322, -400]
[617, 312, -623]
[266, 311, -439]
[617, 294, -608]
[271, 296, -446]
[610, 307, -572]
[279, 299, -411]
[544, 539, -62]
[433, 537, 63]
[539, 733, -79]
[430, 738, 146]
[540, 917, 102]
[432, 912, 335]
[549, 944, 110]
[432, 937, 350]
[512, 968, -47]
[434, 965, 198]
[474, 171, -307]
[490, 154, -291]
[498, 155, -291]
[507, 156, -291]
[471, 153, -282]
[466, 153, -282]
[461, 152, -282]
[524, 167, -180]
[464, 163, -134]
[490, 191, -267]
[467, 189, -254]
[580, 279, -145]
[406, 283, -9]
[612, 428, -321]
[372, 407, -96]
[591, 355, -550]
[286, 323, -381]
[579, 339, -600]
[251, 310, -420]
[585, 310, -586]
[257, 296, -434]
[581, 319, -550]
[263, 298, -395]
[541, 539, -62]
[432, 534, 63]
[537, 731, -90]
[429, 733, 91]
[536, 917, 78]
[427, 912, 236]
[546, 944, 84]
[428, 938, 246]
[508, 968, -69]
[423, 964, 94]
[475, 171, -308]
[490, 154, -293]
[499, 155, -294]
[508, 155, -294]
[471, 152, -281]
[466, 152, -281]
[461, 152, -282]
[524, 167, -186]
[464, 162, -131]
[490, 191, -269]
[467, 189, -254]
[581, 279, -156]
[407, 283, -6]
[607, 431, -332]
[374, 410, -81]
[563, 352, -577]
[292, 322, -369]
[561, 336, -626]
[280, 314, -404]
[568, 311, -612]
[270, 297, -411]
[566, 319, -576]
[274, 302, -380]
[541, 539, -63]
[432, 534, 63]
[538, 731, -90]
[430, 733, 96]
[538, 917, 92]
[430, 913, 289]
[547, 945, 100]
[431, 939, 304]
[509, 969, -54]
[426, 965, 159]
[478, 170, -309]
[494, 154, -293]
[502, 155, -293]
[510, 155, -293]
[472, 152, -283]
[467, 152, -283]
[462, 152, -283]
[524, 167, -185]
[464, 162, -133]
[494, 191, -269]
[468, 189, -255]
[581, 279, -141]
[407, 283, -10]
[608, 432, -314]
[376, 417, -107]
[607, 350, -565]
[310, 325, -411]
[612, 325, -615]
[305, 315, -451]
[620, 313, -603]
[296, 299, -455]
[612, 319, -566]
[300, 302, -421]
[542, 539, -60]
[432, 533, 61]
[536, 731, -68]
[428, 734, 107]
[535, 917, 94]
[427, 913, 307]
[544, 945, 100]
[427, 939, 321]
[506, 969, -54]
[427, 966, 174]
[480, 170, -304]
[495, 154, -290]
[504, 154, -290]
[512, 155, -290]
[473, 152, -279]
[467, 152, -279]
[462, 151, -279]
[525, 166, -176]
[464, 162, -131]
[497, 190, -267]
[469, 189, -251]
[582, 279, -132]
[409, 284, -12]
[609, 432, -295]
[377, 422, -121]
[606, 350, -556]
[321, 329, -443]
[609, 327, -605]
[306, 316, -488]
[612, 310, -592]
[300, 302, -497]
[608, 318, -556]
[311, 307, -455]
[542, 539, -56]
[431, 532, 56]
[536, 732, -43]
[427, 734, 113]
[535, 917, 121]
[427, 913, 313]
[544, 945, 128]
[427, 940, 327]
[505, 969, -22]
[425, 967, 180]
[481, 169, -304]
[496, 152, -289]
[505, 153, -289]
[513, 154, -289]
[474, 151, -279]
[468, 151, -279]
[463, 151, -279]
[525, 166, -175]
[464, 162, -131]
[498, 190, -266]
[470, 188, -251]
[584, 278, -136]
[413, 284, -12]
[609, 432, -301]
[378, 424, -122]
[579, 349, -573]
[320, 333, -446]
[604, 327, -626]
[300, 318, -493]
[612, 308, -614]
[299, 307, -502]
[605, 315, -574]
[310, 312, -459]
[543, 538, -51]
[432, 532, 51]
[541, 732, -34]
[430, 735, 125]
[541, 918, 144]
[430, 914, 316]
[550, 945, 152]
[429, 940, 330]
[514, 970, 0]
[433, 969, 179]
[481, 168, -290]
[497, 152, -277]
[506, 153, -277]
[514, 154, -277]
[474, 150, -267]
[468, 150, -268]
[463, 150, -268]
[525, 166, -173]
[464, 161, -130]
[498, 189, -253]
[470, 187, -241]
[586, 278, -136]
[417, 284, -11]
[612, 427, -293]
[378, 423, -86]
[556, 354, -530]
[308, 337, -363]
[538, 339, -575]
[279, 323, -401]
[544, 314, -562]
[277, 313, -415]
[546, 319, -528]
[292, 317, -376]
[543, 537, -49]
[432, 531, 50]
[541, 729, -25]
[430, 732, 139]
[542, 914, 138]
[431, 912, 319]
[550, 941, 146]
[429, 937, 332]
[514, 967, 0]
[432, 967, 192]
[481, 168, -282]
[497, 151, -274]
[506, 152, -274]
[514, 153, -274]
[474, 150, -263]
[469, 149, -263]
[464, 149, -263]
[525, 165, -183]
[465, 161, -131]
[498, 189, -250]
[470, 187, -235]
[587, 277, -153]
[425, 283, -14]
[611, 425, -285]
[384, 419, -56]
[548, 365, -485]
[308, 343, -288]
[531, 354, -524]
[280, 330, -318]
[538, 328, -512]
[280, 319, -332]
[540, 332, -483]
[294, 323, -300]
[544, 537, -49]
[432, 531, 50]
[542, 729, -19]
[431, 732, 164]
[542, 911, 151]
[431, 911, 355]
[550, 938, 161]
[430, 937, 371]
[513, 965, 26]
[430, 967, 241]
[481, 167, -283]
[497, 150, -278]
[506, 150, -278]
[514, 151, -278]
[475, 149, -265]
[469, 148, -265]
[464, 148, -265]
[526, 164, -194]
[465, 160, -132]
[498, 188, -253]
[471, 186, -235]
[589, 277, -169]
[430, 281, -8]
[607, 425, -289]
[389, 414, 9]
[539, 374, -504]
[308, 352, -180]
[508, 360, -548]
[281, 345, -203]
[513, 347, -536]
[280, 332, -227]
[516, 344, -502]
[293, 334, -195]
[541, 537, -56]
[432, 531, 56]
[535, 728, -48]
[431, 731, 177]
[534, 905, 126]
[431, 908, 377]
[543, 931, 138]
[430, 933, 393]
[505, 960, 12]
[423, 963, 267]
[481, 165, -277]
[497, 147, -274]
[506, 148, -274]
[514, 149, -274]
[475, 146, -258]
[470, 145, -258]
[465, 145, -258]
[526, 162, -196]
[467, 157, -122]
[498, 187, -248]
[471, 185, -226]
[591, 277, -185]
[432, 280, 17]
[608, 425, -318]
[391, 405, 62]
[523, 393, -525]
[299, 358, -101]
[489, 383, -573]
[266, 352, -120]
[497, 358, -563]
[266, 337, -145]
[502, 358, -523]
[278, 339, -117]
[539, 539, -67]
[429, 531, 68]
[532, 730, -44]
[431, 731, 182]
[529, 906, 147]
[431, 906, 385]
[538, 932, 159]
[431, 931, 402]
[499, 960, 26]
[417, 959, 271]
[481, 164, -252]
[496, 146, -248]
[505, 147, -248]
[513, 148, -248]
[475, 145, -233]
[470, 145, -233]
[465, 144, -233]
[526, 162, -174]
[467, 156, -102]
[498, 186, -223]
[471, 184, -202]
[591, 277, -180]
[431, 274, 29]
[609, 424, -279]
[389, 400, 53]
[516, 398, -469]
[285, 362, -128]
[484, 394, -514]
[264, 356, -152]
[490, 371, -505]
[257, 337, -177]
[497, 371, -468]
[271, 340, -144]
[534, 539, -65]
[424, 530, 66]
[522, 730, -31]
[423, 728, 176]
[517, 903, 151]
[425, 900, 370]
[526, 929, 163]
[428, 925, 386]
[486, 953, 34]
[407, 950, 257]
[481, 162, -270]
[496, 144, -273]
[505, 145, -273]
[513, 146, -273]
[475, 144, -255]
[470, 144, -256]
[465, 144, -256]
[527, 160, -202]
[467, 155, -123]
[498, 184, -243]
[471, 182, -218]
[593, 277, -188]
[430, 274, 21]
[607, 425, -260]
[393, 401, 44]
[508, 411, -381]
[292, 378, -240]
[470, 409, -416]
[266, 374, -271]
[474, 383, -407]
[259, 355, -304]
[487, 384, -377]
[275, 356, -262]
[534, 540, -65]
[424, 530, 66]
[524, 731, -15]
[423, 729, 213]
[519, 904, 171]
[424, 901, 434]
[527, 929, 183]
[427, 926, 453]
[488, 955, 47]
[407, 952, 325]
[481, 162, -273]
[496, 144, -273]
[505, 145, -273]
[513, 146, -273]
[475, 144, -256]
[470, 144, -256]
[465, 144, -256]
[527, 159, -197]
[467, 155, -123]
[498, 184, -244]
[471, 182, -221]
[593, 276, -180]
[430, 273, 16]
[607, 425, -263]
[393, 402, 10]
[510, 422, -409]
[305, 393, -252]
[469, 417, -450]
[287, 394, -288]
[476, 405, -440]
[281, 377, -320]
[487, 399, -407]
[284, 376, -275]
[535, 540, -65]
[424, 529, 66]
[525, 732, -20]
[424, 729, 202]
[521, 906, 160]
[424, 902, 412]
[529, 932, 171]
[427, 928, 430]
[490, 957, 32]
[408, 953, 297]
[480, 162, -273]
[495, 144, -270]
[504, 145, -270]
[513, 146, -270]
[475, 144, -254]
[470, 144, -254]
[465, 144, -254]
[527, 159, -190]
[467, 155, -114]
[498, 184, -242]
[471, 182, -220]
[593, 276, -176]
[430, 274, 20]
[609, 426, -271]
[388, 403, -19]
[514, 423, -434]
[310, 403, -317]
[476, 426, -480]
[307, 418, -356]
[475, 405, -468]
[306, 395, -377]
[492, 402, -431]
[315, 393, -335]
[535, 541, -67]
[423, 529, 67]
[525, 735, -21]
[422, 730, 205]
[517, 912, 156]
[421, 904, 410]
[525, 939, 166]
[424, 931, 427]
[484, 961, 25]
[407, 955, 290]
[480, 162, -242]
[495, 144, -238]
[504, 145, -238]
[513, 146, -238]
[475, 143, -223]
[469, 143, -223]
[465, 143, -223]
[527, 158, -165]
[467, 154, -89]
[498, 184, -213]
[470, 181, -192]
[594, 276, -162]
[429, 274, 29]
[609, 431, -238]
[386, 404, -5]
[516, 440, -381]
[301, 403, -270]
[482, 466, -425]
[289, 409, -309]
[480, 440, -421]
[284, 394, -339]
[490, 419, -382]
[298, 393, -290]
[535, 542, -66]
[421, 529, 67]
[523, 737, -24]
[420, 731, 191]
[514, 915, 149]
[418, 906, 367]
[523, 942, 158]
[420, 932, 381]
[480, 963, 25]
[402, 956, 250]
[478, 161, -223]
[492, 142, -220]
[502, 143, -220]
[511, 144, -220]
[473, 141, -207]
[468, 141, -206]
[463, 142, -207]
[527, 157, -153]
[466, 153, -85]
[496, 182, -196]
[469, 180, -177]
[594, 276, -146]
[428, 274, 23]
[603, 432, -196]
[384, 405, -11]
[519, 441, -300]
[304, 410, -247]
[481, 461, -333]
[289, 413, -280]
[479, 435, -328]
[281, 398, -305]
[493, 419, -298]
[296, 399, -264]
[534, 542, -61]
[421, 529, 61]
[523, 737, -19]
[420, 731, 187]
[513, 914, 147]
[415, 906, 357]
[522, 942, 155]
[417, 933, 371]
[478, 963, 23]
[398, 957, 248]
[475, 159, -214]
[489, 140, -216]
[498, 141, -216]
[508, 142, -216]
[471, 139, -197]
[466, 139, -197]
[461, 140, -197]
[527, 155, -161]
[466, 151, -80]
[492, 180, -194]
[468, 179, -168]
[594, 276, -163]
[428, 274, 29]
[598, 433, -203]
[384, 405, 38]
[519, 465, -284]
[304, 415, -161]
[484, 488, -317]
[285, 417, -186]
[482, 472, -317]
[279, 403, -217]
[491, 460, -283]
[292, 403, -180]
[533, 542, -61]
[421, 529, 62]
[520, 739, -21]
[419, 732, 164]
[511, 916, 156]
[412, 907, 333]
[519, 943, 167]
[414, 934, 346]
[476, 965, 44]
[394, 958, 226]
[474, 159, -232]
[488, 140, -230]
[497, 141, -230]
[507, 142, -230]
[471, 139, -213]
[465, 139, -213]
[461, 140, -213]
[527, 155, -164]
[466, 151, -83]
[491, 180, -206]
[467, 178, -183]
[594, 275, -167]
[428, 274, 46]
[599, 428, -223]
[380, 405, 119]
[520, 476, -357]
[299, 431, -25]
[489, 499, -399]
[285, 451, -47]
[485, 490, -387]
[280, 435, -85]
[492, 474, -358]
[285, 423, -46]
[534, 542, -63]
[423, 529, 64]
[522, 742, -14]
[419, 734, 155]
[512, 919, 205]
[413, 911, 338]
[520, 945, 220]
[415, 937, 352]
[477, 969, 86]
[396, 962, 219]
[474, 159, -239]
[488, 140, -236]
[497, 140, -236]
[507, 141, -236]
[471, 139, -219]
[465, 139, -219]
[461, 140, -220]
[527, 154, -163]
[466, 151, -88]
[491, 180, -211]
[467, 178, -189]
[593, 274, -161]
[428, 274, 40]
[600, 425, -196]
[380, 405, 109]
[519, 488, -317]
[313, 452, -33]
[490, 510, -361]
[301, 472, -58]
[482, 497, -369]
[300, 456, -95]
[488, 486, -322]
[311, 446, -53]
[534, 542, -62]
[425, 529, 63]
[523, 743, -18]
[419, 736, 114]
[513, 919, 196]
[413, 913, 282]
[521, 945, 211]
[415, 939, 295]
[479, 971, 78]
[395, 966, 157]
[473, 158, -232]
[488, 138, -229]
[496, 139, -229]
[506, 140, -229]
[470, 138, -213]
[465, 138, -213]
[460, 139, -213]
[527, 152, -162]
[466, 150, -84]
[491, 179, -205]
[467, 178, -183]
[593, 272, -161]
[428, 274, 46]
[601, 423, -199]
[383, 406, 131]
[520, 492, -320]
[313, 460, 7]
[491, 516, -364]
[301, 482, -13]
[481, 504, -372]
[297, 470, -53]
[487, 493, -323]
[307, 463, -13]
[531, 541, -63]
[425, 528, 63]
[519, 743, -42]
[415, 736, 112]
[505, 919, 182]
[405, 913, 279]
[513, 945, 196]
[408, 939, 292]
[470, 971, 66]
[385, 967, 160]
[473, 157, -225]
[488, 137, -222]
[496, 137, -222]
[506, 138, -222]
[470, 137, -206]
[465, 137, -206]
[460, 138, -206]
[527, 151, -160]
[466, 148, -81]
[491, 178, -200]
[467, 177, -177]
[593, 272, -164]
[428, 274, 46]
[600, 423, -189]
[383, 405, 114]
[518, 509, -273]
[315, 467, -26]
[491, 539, -313]
[300, 488, -48]
[474, 524, -321]
[296, 481, -87]
[480, 513, -275]
[306, 475, -46]
[531, 541, -64]
[425, 528, 65]
[518, 748, -50]
[414, 737, 102]
[503, 923, 179]
[404, 915, 260]
[513, 949, 193]
[407, 942, 272]
[467, 976, 69]
[383, 969, 143]
[473, 153, -244]
[487, 133, -242]
[496, 134, -242]
[506, 136, -242]
[470, 132, -224]
[464, 132, -224]
[460, 132, -224]
[527, 149, -180]
[466, 144, -98]
[491, 175, -219]
[466, 174, -195]
[593, 272, -186]
[428, 273, 42]
[599, 423, -203]
[385, 405, 110]
[517, 516, -287]
[318, 476, -25]
[492, 546, -328]
[301, 495, -45]
[474, 532, -335]
[295, 486, -86]
[480, 519, -290]
[304, 482, -47]
[530, 542, -68]
[425, 528, 69]
[512, 749, -47]
[406, 738, 122]
[494, 924, 179]
[395, 915, 291]
[503, 949, 194]
[399, 942, 305]
[457, 977, 68]
[372, 970, 171]
[472, 152, -245]
[487, 132, -242]
[496, 133, -242]
[506, 134, -242]
[469, 130, -225]
[463, 131, -225]
[459, 131, -225]
[526, 147, -179]
[465, 142, -100]
[490, 174, -219]
[466, 173, -197]
[593, 272, -186]
[427, 271, 31]
[598, 424, -184]
[386, 405, 92]
[516, 522, -262]
[330, 483, -49]
[482, 556, -301]
[314, 504, -71]
[473, 532, -309]
[304, 498, -112]
[478, 520, -265]
[315, 492, -70]
[529, 543, -67]
[424, 528, 68]
[511, 751, -59]
[404, 740, 90]
[492, 926, 160]
[393, 919, 236]
[502, 951, 175]
[397, 946, 246]
[456, 981, 52]
[370, 975, 115]
[471, 148, -245]
[486, 130, -241]
[495, 131, -241]
[505, 132, -242]
[467, 128, -225]
[462, 129, -225]
[457, 129, -225]
[526, 146, -173]
[465, 140, -100]
[489, 171, -219]
[465, 170, -197]
[592, 271, -178]
[426, 270, 23]
[597, 422, -185]
[385, 405, 88]
[519, 530, -277]
[337, 491, -70]
[508, 566, -319]
[321, 511, -95]
[479, 550, -329]
[322, 498, -133]
[493, 536, -281]
[327, 501, -90]
[526, 543, -67]
[420, 528, 68]
[509, 749, -56]
[400, 739, 106]
[493, 926, 168]
[392, 917, 260]
[502, 951, 182]
[396, 944, 272]
[459, 980, 55]
[372, 973, 140]
[470, 147, -244]
[485, 129, -241]
[493, 130, -241]
[504, 131, -241]
[466, 127, -224]
[461, 128, -224]
[455, 128, -224]
[525, 145, -174]
[462, 139, -98]
[488, 169, -219]
[464, 169, -196]
[592, 270, -179]
[423, 270, 24]
[595, 423, -198]
[384, 411, 90]
[521, 536, -291]
[335, 499, -60]
[511, 569, -319]
[301, 516, -83]
[486, 552, -346]
[306, 504, -126]
[495, 538, -289]
[315, 507, -82]
[525, 543, -69]
[418, 529, 69]
[509, 753, -41]
[401, 741, 112]
[495, 934, 174]
[393, 924, 274]
[504, 962, 187]
[397, 953, 285]
[461, 988, 58]
[372, 978, 151]
[469, 145, -241]
[483, 127, -238]
[492, 129, -238]
[502, 130, -238]
[464, 126, -222]
[459, 126, -222]
[454, 127, -222]
[524, 144, -173]
[461, 138, -98]
[486, 167, -216]
[462, 167, -194]
[591, 269, -177]
[422, 270, 23]
[594, 423, -199]
[384, 411, 86]
[521, 543, -288]
[337, 502, -70]
[509, 582, -328]
[314, 524, -93]
[486, 566, -339]
[318, 511, -133]
[493, 540, -291]
[327, 514, -91]
[522, 543, -69]
[416, 528, 69]
[505, 753, -41]
[392, 741, 112]
[489, 937, 160]
[383, 925, 251]
[499, 964, 172]
[386, 953, 260]
[454, 990, 40]
[362, 980, 123]
[467, 145, -238]
[482, 127, -236]
[490, 128, -236]
[500, 129, -236]
[463, 125, -218]
[458, 126, -218]
[452, 126, -218]
[523, 143, -173]
[461, 137, -89]
[484, 167, -214]
[461, 166, -190]
[590, 268, -179]
[421, 269, 30]
[594, 421, -201]
[385, 411, 92]
[530, 546, -290]
[341, 504, -57]
[524, 584, -333]
[324, 527, -80]
[503, 572, -344]
[323, 522, -121]
[501, 551, -295]
[333, 517, -78]
[523, 544, -76]
[416, 529, 76]
[506, 758, -41]
[393, 748, 124]
[493, 944, 164]
[383, 934, 262]
[503, 972, 176]
[386, 962, 274]
[457, 996, 41]
[365, 987, 143]
[467, 143, -250]
[482, 126, -244]
[490, 127, -245]
[500, 128, -245]
[463, 124, -228]
[458, 124, -228]
[453, 124, -228]
[523, 142, -174]
[460, 136, -93]
[484, 166, -222]
[461, 164, -199]
[589, 268, -183]
[419, 269, 30]
[593, 421, -211]
[385, 411, 88]
[539, 553, -310]
[344, 510, -64]
[533, 594, -360]
[327, 534, -87]
[512, 581, -374]
[328, 532, -128]
[512, 563, -318]
[337, 523, -85]
[523, 544, -79]
[417, 529, 80]
[505, 757, -66]
[395, 747, 137]
[490, 942, 136]
[385, 932, 304]
[499, 970, 147]
[388, 960, 316]
[455, 993, 9]
[365, 986, 180]
[466, 143, -242]
[481, 125, -240]
[489, 126, -241]
[499, 128, -241]
[462, 124, -221]
[457, 124, -221]
[452, 124, -221]
[522, 142, -176]
[460, 135, -87]
[483, 165, -219]
[460, 164, -192]
[588, 268, -190]
[418, 267, 43]
[592, 421, -219]
[386, 411, 111]
[539, 556, -310]
[342, 510, -34]
[532, 600, -359]
[323, 533, -54]
[510, 585, -372]
[324, 525, -99]
[510, 566, -317]
[333, 523, -57]
[520, 544, -84]
[414, 529, 85]
[496, 758, -86]
[389, 747, 130]
[478, 946, 110]
[377, 932, 278]
[486, 976, 120]
[379, 960, 288]
[445, 994, -15]
[353, 985, 150]
[466, 143, -270]
[481, 125, -265]
[489, 126, -266]
[499, 127, -266]
[462, 124, -248]
[457, 124, -248]
[451, 124, -248]
[522, 141, -194]
[458, 134, -110]
[483, 165, -241]
[460, 164, -217]
[587, 268, -198]
[415, 263, 26]
[590, 422, -221]
[386, 411, 101]
[538, 555, -317]
[340, 514, -39]
[528, 602, -367]
[322, 537, -60]
[509, 587, -378]
[323, 526, -106]
[508, 568, -323]
[332, 525, -62]
[516, 545, -83]
[411, 529, 84]
[485, 760, -82]
[376, 747, 129]
[464, 945, 137]
[361, 931, 303]
[471, 974, 153]
[363, 960, 316]
[432, 994, 3]
[337, 984, 174]
[466, 142, -263]
[481, 125, -259]
[489, 126, -259]
[499, 127, -259]
[462, 123, -242]
[456, 123, -242]
[451, 124, -242]
[521, 140, -181]
[457, 134, -108]
[483, 164, -235]
[459, 163, -212]
[585, 268, -172]
[411, 260, 12]
[590, 422, -176]
[385, 408, 71]
[543, 557, -267]
[347, 511, -58]
[541, 601, -311]
[333, 534, -81]
[520, 593, -326]
[333, 530, -129]
[517, 573, -275]
[340, 524, -80]
[516, 544, -78]
[410, 529, 79]
[489, 755, -75]
[380, 742, 129]
[470, 942, 136]
[367, 924, 303]
[478, 971, 149]
[369, 953, 316]
[438, 990, 7]
[345, 977, 175]
[466, 141, -262]
[481, 124, -256]
[489, 125, -256]
[499, 126, -256]
[462, 123, -242]
[456, 123, -242]
[451, 123, -242]
[520, 140, -174]
[456, 133, -110]
[483, 164, -233]
[459, 163, -213]
[584, 267, -157]
[408, 259, -1]
[589, 423, -158]
[384, 407, 59]
[545, 561, -255]
[350, 513, -64]
[545, 608, -298]
[334, 538, -91]
[524, 599, -316]
[340, 538, -136]
[520, 579, -264]
[349, 527, -86]
[516, 544, -66]
[410, 529, 67]
[491, 755, -71]
[382, 743, 85]
[474, 942, 145]
[370, 927, 243]
[481, 971, 159]
[371, 955, 253]
[439, 992, 10]
[349, 981, 106]
[466, 141, -262]
[480, 124, -252]
[489, 125, -252]
[498, 126, -252]
[461, 123, -241]
[456, 123, -241]
[450, 123, -242]
[520, 140, -168]
[456, 133, -108]
[482, 163, -229]
[459, 162, -212]
[584, 267, -152]
[407, 258, 0]
[587, 423, -154]
[384, 407, 60]
[544, 560, -244]
[351, 514, -64]
[541, 609, -285]
[334, 539, -89]
[521, 600, -303]
[340, 539, -133]
[518, 580, -253]
[350, 528, -85]
[515, 543, -62]
[409, 529, 63]
[492, 755, -87]
[383, 743, 67]
[476, 941, 97]
[372, 929, 192]
[483, 971, 107]
[373, 959, 199]
[440, 992, -33]
[351, 981, 55]
[465, 141, -251]
[480, 123, -245]
[488, 124, -245]
[498, 126, -246]
[461, 122, -233]
[455, 123, -233]
[450, 123, -233]
[519, 139, -168]
[455, 133, -106]
[482, 162, -222]
[458, 162, -203]
[584, 267, -157]
[407, 257, 5]
[586, 424, -162]
[384, 405, 65]
[545, 560, -249]
[350, 514, -46]
[545, 609, -289]
[332, 537, -67]
[526, 600, -306]
[337, 537, -110]
[522, 580, -258]
[347, 528, -67]
[515, 543, -63]
[409, 529, 64]
[493, 755, -83]
[384, 743, 80]
[476, 942, 105]
[373, 932, 214]
[484, 971, 114]
[374, 962, 222]
[441, 994, -23]
[353, 985, 79]
