[471, 88, -155]
[473, 73, -135]
[476, 74, -135]
[478, 74, -135]
[459, 73, -148]
[451, 74, -148]
[443, 75, -148]
[470, 85, -44]
[425, 84, -101]
[471, 106, -122]
[455, 108, -138]
[476, 191, 24]
[378, 179, -113]
[503, 300, -11]
[374, 302, -116]
[505, 296, -157]
[447, 311, -114]
[504, 301, -182]
[469, 326, -128]
[506, 286, -177]
[472, 304, -133]
[499, 286, -160]
[464, 300, -114]
[446, 368, 44]
[383, 374, -44]
[517, 358, -12]
[394, 380, -151]
[451, 449, 115]
[422, 472, 33]
[433, 463, 126]
[415, 483, 47]
[468, 486, 99]
[458, 515, 27]
[485, 90, -163]
[486, 74, -143]
[489, 74, -143]
[491, 74, -143]
[472, 74, -154]
[465, 75, -154]
[457, 76, -154]
[485, 87, -52]
[435, 87, -100]
[487, 109, -130]
[468, 110, -143]
[500, 205, -6]
[380, 194, -101]
[528, 307, -58]
[387, 315, -133]
[550, 307, -193]
[495, 300, -195]
[561, 316, -218]
[527, 312, -211]
[559, 298, -220]
[525, 290, -211]
[549, 296, -198]
[515, 292, -194]
[468, 373, 27]
[387, 389, -27]
[574, 350, -124]
[428, 434, -183]
[509, 450, -15]
[489, 478, 17]
[489, 465, -4]
[489, 481, 40]
[525, 487, -37]
[522, 505, 23]
[480, 96, -166]
[482, 78, -147]
[485, 78, -147]
[488, 78, -147]
[468, 78, -159]
[461, 79, -160]
[453, 79, -160]
[481, 90, -60]
[433, 90, -114]
[482, 118, -135]
[464, 118, -151]
[489, 193, 1]
[375, 190, -112]
[513, 301, -31]
[362, 315, -149]
[573, 301, -90]
[449, 323, -200]
[592, 309, -103]
[472, 336, -219]
[598, 295, -109]
[480, 310, -217]
[585, 294, -96]
[472, 307, -199]
[451, 375, 33]
[387, 394, -33]
[545, 349, -42]
[450, 463, -188]
[486, 423, 46]
[545, 428, -21]
[473, 429, 55]
[550, 413, -1]
[492, 442, 38]
[600, 417, -14]
[484, 96, -200]
[487, 78, -176]
[490, 78, -176]
[493, 79, -176]
[472, 77, -190]
[465, 78, -190]
[457, 78, -190]
[488, 89, -62]
[439, 87, -125]
[487, 116, -158]
[468, 114, -177]
[506, 205, 4]
[366, 201, -111]
[549, 320, -25]
[351, 331, -207]
[626, 313, -112]
[449, 314, -338]
[648, 312, -130]
[472, 320, -360]
[655, 299, -136]
[478, 295, -357]
[640, 301, -117]
[475, 300, -335]
[479, 404, 28]
[392, 418, -27]
[527, 449, -142]
[413, 559, -115]
[492, 581, 59]
[433, 609, 175]
[480, 600, 75]
[429, 612, 203]
[503, 637, 11]
[463, 656, 149]
[487, 95, -187]
[490, 78, -160]
[494, 78, -160]
[497, 79, -160]
[476, 77, -179]
[470, 77, -179]
[463, 77, -179]
[491, 89, -42]
[445, 86, -121]
[489, 115, -140]
[472, 113, -165]
[511, 211, 58]
[368, 202, -115]
[560, 335, 33]
[350, 322, -263]
[623, 317, -104]
[453, 303, -420]
[657, 315, -127]
[478, 319, -452]
[648, 298, -131]
[484, 285, -446]
[635, 300, -110]
[478, 289, -418]
[489, 432, 32]
[403, 438, -32]
[513, 577, -36]
[411, 605, -17]
[504, 711, 214]
[404, 722, 239]
[502, 734, 232]
[398, 744, 261]
[501, 771, 133]
[433, 769, 153]
[489, 93, -211]
[493, 76, -183]
[497, 77, -183]
[500, 78, -183]
[477, 75, -206]
[471, 75, -206]
[464, 75, -206]
[497, 88, -50]
[448, 84, -151]
[492, 114, -162]
[473, 111, -192]
[515, 216, 65]
[378, 202, -144]
[548, 351, 60]
[347, 332, -241]
[641, 307, -88]
[444, 380, -358]
[681, 306, -110]
[470, 410, -384]
[685, 293, -117]
[447, 394, -391]
[671, 294, -96]
[442, 384, -360]
[499, 467, 53]
[412, 468, -52]
[516, 635, 37]
[420, 646, -70]
[520, 789, 269]
[404, 798, 125]
[523, 816, 285]
[393, 829, 140]
[515, 852, 186]
[430, 847, 8]
[495, 94, -198]
[500, 77, -170]
[504, 77, -170]
[508, 78, -170]
[483, 75, -193]
[476, 75, -193]
[469, 75, -193]
[505, 89, -49]
[453, 84, -145]
[500, 116, -151]
[480, 113, -181]
[524, 223, 72]
[384, 205, -145]
[547, 363, 59]
[346, 351, -237]
[634, 307, -94]
[425, 391, -351]
[654, 302, -118]
[445, 420, -379]
[658, 289, -122]
[451, 398, -384]
[644, 290, -101]
[445, 389, -352]
[506, 481, 64]
[414, 482, -63]
[522, 658, 107]
[427, 663, -140]
[527, 825, 283]
[414, 842, -40]
[528, 854, 293]
[397, 878, -36]
[529, 889, 191]
[459, 891, -186]
[498, 94, -237]
[503, 77, -207]
[508, 77, -207]
[513, 78, -207]
[484, 75, -228]
[478, 75, -228]
[471, 75, -229]
[510, 89, -65]
[453, 84, -162]
[504, 116, -186]
[482, 113, -214]
[538, 227, 56]
[383, 215, -151]
[565, 370, 20]
[355, 397, -251]
[640, 305, -183]
[422, 368, -368]
[666, 300, -214]
[447, 384, -396]
[666, 281, -216]
[453, 361, -396]
[652, 290, -190]
[446, 356, -368]
[508, 492, 62]
[415, 491, -61]
[523, 683, 99]
[414, 690, -55]
[523, 860, 282]
[409, 868, 83]
[525, 892, 291]
[393, 902, 89]
[530, 914, 175]
[456, 918, -61]
[501, 93, -240]
[505, 76, -211]
[510, 76, -211]
[515, 77, -211]
[487, 75, -235]
[480, 74, -235]
[473, 74, -235]
[512, 88, -71]
[455, 84, -180]
[508, 114, -189]
[486, 112, -220]
[545, 233, 52]
[385, 216, -161]
[568, 377, 27]
[360, 398, -245]
[646, 301, -157]
[416, 404, -361]
[673, 275, -187]
[437, 423, -387]
[681, 251, -189]
[443, 398, -395]
[666, 264, -165]
[438, 391, -364]
[513, 497, 60]
[415, 490, -60]
[522, 692, 88]
[410, 700, -28]
[524, 870, 295]
[411, 880, 145]
[526, 902, 308]
[397, 914, 157]
[527, 926, 194]
[461, 935, 0]
[502, 93, -223]
[506, 76, -195]
[512, 76, -195]
[516, 77, -195]
[487, 74, -220]
[479, 74, -220]
[472, 74, -220]
[512, 87, -63]
[452, 84, -172]
[508, 114, -172]
[486, 113, -205]
[537, 233, 67]
[387, 215, -158]
[561, 377, 48]
[362, 403, -270]
[643, 299, -132]
[422, 377, -413]
[669, 265, -158]
[445, 391, -443]
[679, 241, -159]
[449, 372, -444]
[663, 254, -139]
[444, 365, -414]
[511, 495, 63]
[418, 490, -63]
[521, 685, 97]
[412, 697, -44]
[521, 863, 269]
[413, 879, 118]
[523, 894, 279]
[397, 912, 147]
[530, 918, 174]
[468, 932, -45]
[500, 93, -227]
[504, 75, -198]
[510, 76, -198]
[516, 77, -198]
[485, 74, -218]
[478, 74, -218]
[470, 74, -219]
[514, 87, -61]
[450, 85, -160]
[508, 115, -175]
[485, 114, -201]
[550, 234, 60]
[384, 216, -141]
[569, 382, 11]
[362, 405, -274]
[649, 297, -189]
[420, 342, -460]
[679, 265, -219]
[439, 331, -496]
[687, 244, -217]
[445, 302, -492]
[670, 255, -196]
[440, 306, -460]
[514, 499, 61]
[417, 491, -61]
[518, 692, 86]
[408, 696, -94]
[515, 871, 252]
[408, 884, 10]
[515, 904, 260]
[395, 919, 16]
[522, 927, 166]
[459, 933, -142]
[501, 94, -211]
[506, 76, -178]
[511, 76, -178]
[516, 77, -178]
[487, 75, -197]
[479, 75, -197]
[471, 76, -197]
[513, 87, -38]
[451, 87, -129]
[509, 116, -153]
[486, 116, -179]
[560, 235, 61]
[383, 216, -116]
[583, 377, -19]
[363, 396, -256]
[660, 295, -229]
[420, 332, -425]
[680, 263, -261]
[437, 326, -459]
[685, 243, -255]
[437, 299, -456]
[670, 254, -234]
[433, 303, -427]
[518, 496, 53]
[418, 490, -52]
[520, 690, 80]
[408, 691, -93]
[517, 869, 238]
[405, 880, 7]
[518, 900, 247]
[392, 915, 12]
[518, 925, 132]
[454, 928, -141]
[500, 94, -275]
[504, 76, -246]
[510, 76, -246]
[515, 77, -246]
[485, 75, -262]
[477, 75, -262]
[469, 76, -262]
[514, 87, -95]
[448, 87, -166]
[507, 115, -220]
[485, 115, -241]
[557, 234, 24]
[381, 217, -120]
[583, 378, -25]
[363, 405, -293]
[662, 297, -229]
[390, 318, -529]
[680, 266, -258]
[402, 307, -569]
[687, 244, -256]
[400, 280, -565]
[659, 257, -235]
[400, 285, -531]
[518, 493, 38]
[417, 489, -37]
[520, 692, 50]
[407, 701, 5]
[520, 868, 242]
[406, 879, 200]
[522, 898, 254]
[394, 909, 213]
[518, 926, 128]
[451, 935, 56]
[498, 94, -239]
[502, 76, -211]
[508, 77, -211]
[514, 77, -211]
[484, 75, -230]
[476, 76, -230]
[468, 76, -230]
[513, 88, -82]
[448, 88, -164]
[506, 116, -188]
[484, 116, -212]
[546, 233, 43]
[380, 214, -124]
[570, 374, 2]
[359, 390, -291]
[650, 296, -190]
[391, 307, -489]
[668, 268, -215]
[405, 296, -525]
[676, 247, -216]
[404, 271, -520]
[645, 258, -195]
[404, 277, -490]
[514, 492, 39]
[416, 488, -38]
[518, 688, 68]
[406, 697, 0]
[517, 860, 252]
[406, 875, 157]
[517, 890, 263]
[393, 905, 168]
[519, 918, 147]
[452, 930, 27]
[497, 94, -233]
[502, 76, -205]
[508, 77, -205]
[513, 78, -205]
[483, 75, -224]
[475, 76, -224]
[467, 76, -224]
[512, 89, -75]
[447, 88, -160]
[505, 116, -181]
[483, 116, -206]
[541, 231, 57]
[381, 213, -130]
[564, 371, 36]
[356, 386, -297]
[650, 295, -132]
[391, 306, -481]
[670, 268, -155]
[405, 300, -515]
[678, 248, -156]
[406, 275, -509]
[643, 259, -139]
[404, 280, -481]
[511, 491, 47]
[415, 488, -47]
[515, 688, 85]
[405, 698, -4]
[513, 858, 263]
[405, 874, 146]
[513, 888, 273]
[393, 904, 156]
[519, 914, 163]
[454, 929, 16]
[497, 94, -213]
[502, 77, -184]
[507, 78, -184]
[513, 79, -184]
[483, 76, -203]
[475, 76, -203]
[467, 76, -203]
[512, 90, -44]
[447, 88, -129]
[505, 116, -160]
[483, 116, -185]
[536, 229, 64]
[382, 211, -113]
[562, 368, 20]
[352, 373, -281]
[644, 293, -178]
[380, 287, -471]
[664, 268, -206]
[389, 275, -507]
[669, 249, -208]
[390, 252, -502]
[640, 259, -186]
[391, 259, -472]
[511, 484, 49]
[416, 482, -48]
[515, 678, 80]
[408, 684, -80]
[513, 851, 237]
[406, 865, 17]
[512, 878, 244]
[393, 895, 21]
[518, 909, 131]
[453, 920, -126]
[495, 94, -242]
[500, 77, -213]
[505, 78, -213]
[511, 79, -213]
[481, 76, -230]
[474, 76, -230]
[466, 76, -230]
[510, 89, -65]
[446, 88, -140]
[503, 116, -188]
[481, 116, -209]
[534, 229, 63]
[386, 211, -119]
[557, 367, 52]
[352, 392, -298]
[638, 296, -93]
[373, 274, -518]
[658, 277, -113]
[390, 265, -556]
[664, 257, -117]
[378, 238, -550]
[644, 265, -100]
[379, 243, -519]
[509, 487, 51]
[416, 484, -50]
[514, 679, 77]
[409, 688, -71]
[512, 851, 241]
[406, 869, 52]
[511, 879, 249]
[393, 900, 60]
[518, 908, 138]
[453, 923, -72]
[495, 94, -275]
[498, 77, -246]
[504, 78, -246]
[509, 79, -246]
[480, 76, -266]
[473, 76, -266]
[466, 76, -267]
[508, 89, -96]
[446, 88, -189]
[502, 116, -219]
[481, 116, -246]
[533, 228, 35]
[376, 216, -139]
[547, 382, 40]
[346, 420, -287]
[614, 318, -115]
[365, 278, -499]
[632, 299, -138]
[373, 281, -537]
[638, 279, -118]
[361, 248, -534]
[627, 283, -120]
[363, 254, -500]
[507, 490, 53]
[415, 487, -53]
[514, 686, 78]
[408, 700, -50]
[512, 859, 282]
[406, 879, 121]
[511, 889, 296]
[392, 910, 132]
[520, 917, 183]
[455, 936, -16]
[494, 93, -316]
[498, 75, -286]
[503, 76, -286]
[509, 78, -286]
[480, 74, -306]
[473, 74, -306]
[465, 74, -307]
[507, 88, -128]
[443, 85, -221]
[501, 116, -257]
[479, 115, -284]
[531, 221, 9]
[372, 217, -167]
[544, 377, 41]
[341, 419, -324]
[611, 316, -107]
[360, 287, -567]
[631, 310, -127]
[367, 285, -608]
[631, 285, -133]
[360, 250, -607]
[624, 290, -114]
[361, 255, -569]
[507, 489, 53]
[414, 487, -53]
[513, 687, 77]
[405, 700, -25]
[511, 859, 293]
[401, 878, 163]
[510, 890, 307]
[387, 908, 176]
[519, 919, 191]
[450, 938, 25]
[493, 93, -301]
[497, 75, -272]
[503, 76, -272]
[508, 77, -272]
[480, 73, -291]
[473, 73, -291]
[465, 73, -291]
[506, 88, -117]
[443, 85, -204]
[501, 116, -244]
[478, 114, -269]
[530, 219, 13]
[371, 216, -157]
[545, 372, 39]
[340, 418, -308]
[611, 317, -132]
[362, 288, -544]
[630, 311, -159]
[369, 288, -586]
[628, 290, -172]
[360, 253, -586]
[619, 292, -142]
[366, 260, -547]
[506, 488, 52]
[414, 486, -52]
[513, 685, 68]
[402, 697, -19]
[511, 858, 277]
[398, 874, 154]
[510, 888, 288]
[385, 904, 166]
[517, 916, 176]
[447, 934, 18]
[491, 91, -278]
[497, 73, -250]
[503, 74, -250]
[507, 76, -250]
[479, 71, -270]
[471, 71, -270]
[463, 71, -270]
[506, 86, -110]
[442, 83, -189]
[500, 115, -225]
[477, 112, -251]
[530, 219, 19]
[371, 216, -137]
[544, 375, 34]
[339, 413, -299]
[611, 315, -146]
[358, 286, -531]
[631, 306, -172]
[356, 262, -573]
[629, 287, -180]
[356, 244, -570]
[621, 289, -154]
[359, 251, -534]
[506, 490, 50]
[413, 486, -50]
[512, 687, 65]
[399, 699, -12]
[509, 862, 271]
[396, 877, 158]
[508, 892, 284]
[383, 906, 170]
[512, 921, 163]
[443, 935, 25]
[486, 90, -291]
[495, 73, -262]
[501, 74, -262]
[507, 75, -262]
[477, 70, -280]
[469, 70, -280]
[461, 70, -280]
[506, 86, -112]
[442, 81, -192]
[495, 114, -236]
[471, 110, -260]
[530, 224, 16]
[367, 216, -145]
[546, 381, 14]
[339, 422, -298]
[628, 313, -172]
[361, 296, -527]
[666, 302, -197]
[364, 281, -565]
[675, 281, -202]
[361, 259, -563]
[641, 287, -179]
[363, 266, -529]
[505, 494, 45]
[408, 489, -44]
[509, 692, 61]
[393, 705, 4]
[508, 872, 254]
[394, 884, 188]
[508, 904, 265]
[382, 915, 200]
[509, 930, 137]
[440, 941, 50]
[484, 86, -283]
[494, 70, -254]
[501, 72, -254]
[506, 73, -254]
[475, 68, -271]
[468, 67, -272]
[460, 67, -272]
[506, 85, -106]
[442, 79, -186]
[493, 111, -229]
[469, 106, -252]
[530, 225, 16]
[366, 215, -144]
[542, 385, 20]
[339, 424, -288]
[629, 316, -149]
[363, 299, -511]
[662, 311, -171]
[368, 283, -540]
[666, 287, -178]
[366, 263, -540]
[642, 293, -157]
[368, 270, -513]
[505, 497, 40]
[405, 494, -39]
[509, 697, 62]
[392, 712, 44]
[507, 878, 256]
[394, 888, 236]
[507, 911, 266]
[382, 918, 250]
[509, 932, 140]
[440, 946, 99]
[484, 84, -286]
[494, 69, -257]
[500, 70, -257]
[506, 72, -257]
[475, 67, -273]
[467, 66, -273]
[459, 66, -273]
[506, 84, -107]
[442, 78, -183]
[493, 108, -232]
[469, 104, -253]
[530, 223, 15]
[366, 215, -141]
[541, 382, 63]
[339, 419, -294]
[631, 322, -50]
[355, 299, -541]
[664, 327, -63]
[349, 285, -578]
[666, 300, -75]
[349, 264, -579]
[649, 302, -58]
[353, 271, -545]
[506, 496, 34]
[404, 493, -34]
[508, 695, 32]
[392, 712, 48]
[510, 876, 228]
[398, 889, 266]
[513, 907, 239]
[389, 917, 282]
[510, 933, 108]
[440, 949, 129]
[484, 83, -284]
[494, 68, -256]
[500, 70, -256]
[506, 71, -255]
[475, 66, -272]
[467, 65, -272]
[459, 65, -272]
[506, 83, -106]
[441, 77, -182]
[492, 107, -230]
[468, 102, -252]
[530, 223, 16]
[366, 215, -141]
[539, 381, 72]
[339, 420, -298]
[631, 323, -39]
[357, 301, -541]
[664, 326, -50]
[354, 287, -578]
[666, 302, -61]
[353, 267, -579]
[650, 304, -46]
[357, 273, -544]
[506, 498, 32]
[402, 495, -32]
[508, 697, 37]
[392, 716, 53]
[511, 881, 229]
[399, 892, 267]
[514, 912, 239]
[392, 920, 283]
[510, 938, 108]
[440, 953, 129]
[483, 82, -277]
[494, 67, -249]
[500, 69, -249]
[506, 70, -249]
[474, 65, -259]
[467, 65, -259]
[459, 65, -260]
[507, 83, -102]
[441, 77, -157]
[492, 107, -226]
[468, 101, -239]
[532, 223, 18]
[366, 216, -119]
[543, 381, 61]
[338, 423, -274]
[637, 325, -73]
[358, 301, -508]
[672, 334, -89]
[357, 288, -540]
[671, 313, -101]
[353, 266, -539]
[657, 309, -81]
[357, 273, -510]
[506, 504, 31]
[402, 500, -30]
[509, 705, 38]
[392, 719, 47]
[512, 887, 230]
[400, 894, 245]
[515, 918, 241]
[392, 921, 259]
[510, 945, 110]
[438, 955, 107]
[483, 82, -301]
[494, 67, -272]
[500, 68, -272]
[506, 70, -271]
[474, 65, -284]
[466, 65, -284]
[459, 65, -284]
[507, 82, -118]
[441, 77, -170]
[492, 106, -246]
[468, 101, -261]
[537, 223, 6]
[367, 217, -122]
[548, 380, 23]
[337, 427, -274]
[642, 332, -172]
[367, 346, -513]
[681, 339, -203]
[382, 334, -551]
[680, 319, -219]
[391, 313, -556]
[663, 317, -184]
[378, 307, -517]
[507, 507, 31]
[401, 504, -30]
[512, 708, 27]
[392, 722, 58]
[513, 890, 240]
[399, 898, 294]
[516, 922, 254]
[391, 927, 312]
[511, 948, 118]
[438, 958, 154]
[482, 82, -320]
[493, 67, -291]
[500, 68, -291]
[506, 70, -291]
[473, 65, -302]
[465, 65, -302]
[458, 65, -303]
[508, 82, -134]
[440, 77, -182]
[492, 106, -263]
[467, 101, -277]
[546, 224, -7]
[367, 217, -126]
[563, 380, -15]
[336, 427, -275]
[656, 342, -251]
[372, 347, -530]
[692, 349, -289]
[393, 337, -573]
[693, 327, -307]
[398, 308, -577]
[676, 324, -265]
[389, 313, -534]
[510, 508, 31]
[401, 506, -30]
[518, 710, 31]
[392, 721, 50]
[517, 892, 272]
[399, 896, 287]
[521, 925, 288]
[391, 925, 304]
[513, 949, 140]
[438, 957, 140]
[482, 82, -305]
[493, 67, -282]
[499, 68, -282]
[506, 69, -281]
[473, 65, -290]
[465, 64, -290]
[457, 65, -290]
[508, 81, -125]
[439, 76, -172]
[492, 106, -247]
[467, 101, -259]
[547, 221, 3]
[367, 216, -126]
[561, 371, 26]
[337, 412, -276]
[652, 346, -243]
[378, 346, -534]
[689, 350, -239]
[399, 346, -577]
[689, 330, -229]
[398, 311, -585]
[673, 326, -223]
[390, 315, -540]
[512, 506, 31]
[402, 504, -30]
[521, 707, 34]
[393, 719, 57]
[522, 888, 247]
[402, 894, 267]
[526, 920, 258]
[394, 924, 282]
[517, 945, 112]
[441, 954, 124]
[482, 81, -288]
[493, 66, -263]
[499, 67, -263]
[505, 68, -262]
[472, 64, -276]
[465, 64, -276]
[457, 64, -276]
[508, 80, -105]
[438, 76, -167]
[492, 105, -229]
[467, 101, -246]
[545, 219, 43]
[367, 213, -132]
[561, 362, 101]
[338, 402, -279]
[657, 343, -59]
[385, 343, -521]
[699, 348, -77]
[402, 346, -564]
[699, 331, -99]
[404, 316, -578]
[681, 328, -71]
[402, 312, -527]
[512, 505, 43]
[403, 504, -42]
[520, 706, 61]
[391, 718, 23]
[521, 888, 284]
[401, 893, 215]
[525, 918, 296]
[394, 922, 228]
[516, 944, 158]
[440, 955, 65]
[481, 79, -268]
[492, 64, -240]
[498, 65, -240]
[505, 66, -240]
[471, 63, -256]
[464, 63, -256]
[455, 64, -256]
[508, 78, -87]
[438, 76, -157]
[492, 103, -212]
[467, 101, -232]
[545, 219, 51]
[367, 214, -133]
[560, 361, 84]
[339, 400, -283]
[658, 344, -85]
[383, 356, -524]
[697, 345, -107]
[399, 368, -566]
[698, 329, -127]
[401, 340, -575]
[683, 328, -98]
[399, 324, -530]
[513, 505, 44]
[405, 503, -44]
[520, 705, 44]
[392, 718, 13]
[521, 887, 243]
[402, 894, 200]
[526, 917, 252]
[394, 921, 213]
[517, 945, 114]
[441, 956, 55]
[481, 79, -298]
[492, 64, -270]
[498, 64, -270]
[504, 65, -270]
[471, 63, -287]
[464, 63, -287]
[455, 64, -287]
[508, 78, -115]
[437, 76, -190]
[492, 102, -241]
[467, 101, -262]
[544, 219, 44]
[366, 215, -156]
[565, 361, 94]
[339, 406, -275]
[667, 343, -66]
[382, 361, -476]
[703, 338, -86]
[397, 365, -512]
[706, 324, -105]
[399, 336, -522]
[691, 324, -78]
[396, 330, -481]
[516, 504, 46]
[406, 503, -45]
[525, 706, 49]
[393, 718, 3]
[525, 889, 282]
[403, 895, 200]
[528, 919, 295]
[394, 923, 213]
[524, 947, 154]
[444, 958, 51]
[481, 78, -299]
[491, 63, -271]
[498, 64, -271]
[504, 64, -271]
[471, 62, -286]
[463, 63, -286]
[455, 63, -286]
[508, 77, -116]
[437, 76, -186]
[492, 102, -242]
[467, 101, -261]
[545, 219, 23]
[366, 215, -152]
[567, 359, 23]
[344, 392, -206]
[673, 341, -203]
[368, 391, -355]
[699, 337, -240]
[360, 423, -385]
[703, 322, -259]
[365, 399, -409]
[688, 322, -219]
[368, 390, -366]
[517, 504, 41]
[406, 503, -40]
[524, 709, 49]
[395, 720, 3]
[525, 890, 300]
[405, 898, 206]
[528, 919, 315]
[397, 924, 220]
[523, 951, 171]
[443, 963, 59]
[480, 77, -344]
[490, 62, -317]
[496, 63, -317]
[502, 64, -317]
[469, 61, -329]
[461, 62, -329]
[453, 62, -330]
[507, 77, -161]
[435, 76, -215]
[491, 101, -287]
[465, 100, -302]
[545, 218, -42]
[364, 216, -162]
[566, 359, -93]
[343, 394, -212]
[651, 342, -367]
[387, 402, -359]
[665, 339, -415]
[406, 426, -393]
[672, 328, -429]
[410, 398, -408]
[657, 322, -380]
[406, 389, -365]
[517, 504, 18]
[405, 503, -17]
[525, 710, 47]
[396, 720, 18]
[524, 891, 306]
[405, 898, 236]
[527, 919, 322]
[399, 924, 250]
[519, 955, 168]
[435, 964, 76]
[479, 76, -351]
[489, 61, -324]
[496, 62, -324]
[502, 63, -324]
[469, 60, -337]
[461, 61, -337]
[452, 62, -337]
[507, 77, -168]
[435, 76, -221]
[490, 100, -294]
[464, 99, -309]
[545, 218, -51]
[363, 216, -165]
[566, 360, -102]
[343, 394, -213]
[639, 343, -374]
[393, 402, -358]
[651, 340, -423]
[416, 423, -392]
[663, 330, -436]
[419, 395, -406]
[644, 321, -388]
[414, 387, -364]
[517, 504, 13]
[405, 502, -13]
[525, 711, 47]
[397, 720, 24]
[525, 892, 311]
[405, 898, 242]
[527, 919, 327]
[400, 924, 257]
[517, 957, 171]
[432, 964, 82]
[479, 75, -331]
[488, 60, -303]
[495, 61, -303]
[501, 62, -303]
[467, 59, -320]
[459, 60, -320]
[450, 61, -320]
[507, 76, -149]
[433, 75, -221]
[490, 99, -273]
[464, 98, -293]
[545, 218, -40]
[363, 217, -151]
[565, 359, -61]
[337, 396, -174]
[640, 364, -290]
[397, 410, -297]
[657, 370, -333]
[425, 432, -327]
[665, 354, -349]
[428, 402, -341]
[648, 350, -304]
[421, 394, -303]
[519, 505, 14]
[405, 503, -13]
[525, 714, 55]
[397, 723, 31]
[524, 896, 298]
[405, 903, 239]
[527, 924, 312]
[400, 930, 251]
[517, 961, 164]
[431, 968, 80]
[478, 75, -334]
[487, 60, -306]
[494, 61, -306]
[500, 62, -306]
[465, 59, -318]
[457, 60, -318]
[449, 61, -318]
[507, 75, -156]
[432, 75, -209]
[489, 98, -279]
[463, 98, -293]
[549, 219, -49]
[363, 219, -150]
[565, 360, -58]
[336, 406, -204]
[643, 378, -269]
[395, 451, -372]
[660, 386, -311]
[418, 484, -407]
[667, 369, -329]
[420, 457, -416]
[649, 366, -283]
[415, 444, -379]
[523, 505, 15]
[413, 507, -14]
[535, 716, 47]
[409, 727, 49]
[536, 900, 293]
[420, 904, 273]
[539, 928, 308]
[416, 932, 289]
[526, 962, 161]
[446, 969, 127]
[478, 74, -331]
[487, 59, -304]
[493, 60, -304]
[500, 62, -304]
[465, 59, -314]
[457, 60, -314]
[448, 61, -314]
[507, 75, -156]
[432, 76, -205]
[489, 98, -278]
[463, 98, -290]
[550, 220, -53]
[363, 222, -144]
[569, 360, -74]
[334, 419, -213]
[669, 383, -300]
[379, 482, -413]
[691, 393, -344]
[390, 517, -455]
[683, 374, -364]
[400, 493, -482]
[678, 376, -315]
[401, 480, -428]
[528, 506, 12]
[418, 514, -12]
[541, 724, 40]
[416, 738, 67]
[547, 907, 301]
[432, 911, 330]
[551, 937, 318]
[430, 937, 350]
[535, 972, 170]
[456, 977, 193]
[478, 74, -312]
[487, 59, -284]
[494, 60, -284]
[500, 61, -284]
[465, 59, -296]
[457, 60, -296]
[448, 61, -296]
[507, 75, -137]
[432, 76, -189]
[490, 98, -260]
[463, 98, -274]
[550, 220, -44]
[363, 223, -144]
[569, 358, -51]
[334, 414, -216]
[685, 381, -268]
[353, 499, -411]
[714, 391, -308]
[349, 550, -448]
[718, 377, -325]
[361, 536, -478]
[701, 378, -282]
[373, 501, -427]
[527, 506, 20]
[417, 517, -20]
[542, 727, 41]
[418, 742, 64]
[548, 910, 299]
[433, 916, 286]
[552, 939, 315]
[429, 943, 302]
[539, 977, 174]
[458, 984, 144]
[478, 74, -308]
[487, 59, -279]
[494, 60, -279]
[500, 61, -279]
[465, 59, -292]
[457, 60, -292]
[448, 61, -292]
[507, 75, -131]
[432, 76, -185]
[490, 98, -255]
[464, 98, -270]
[550, 221, -38]
[364, 224, -145]
[568, 357, -43]
[334, 410, -219]
[691, 381, -259]
[346, 503, -411]
[723, 390, -297]
[340, 555, -448]
[728, 377, -314]
[353, 542, -479]
[709, 379, -272]
[366, 506, -428]
[527, 506, 24]
[417, 518, -24]
[542, 729, 41]
[417, 744, 54]
[550, 913, 297]
[433, 921, 274]
[554, 943, 313]
[429, 948, 290]
[543, 981, 173]
[459, 988, 134]
[479, 73, -308]
[487, 58, -280]
[494, 59, -280]
[501, 61, -280]
[465, 58, -292]
[457, 59, -292]
[448, 60, -293]
[507, 74, -132]
[432, 75, -187]
[491, 97, -254]
[465, 97, -270]
[549, 221, -3]
[367, 222, -164]
[566, 357, 56]
[333, 396, -202]
[648, 414, -102]
[338, 510, -322]
[687, 422, -130]
[332, 541, -359]
[698, 415, -165]
[355, 537, -387]
[680, 417, -121]
[361, 521, -334]
[525, 506, 45]
[417, 518, -45]
[530, 729, 132]
[411, 743, 51]
[535, 915, 381]
[420, 922, 260]
[535, 946, 396]
[413, 948, 276]
[539, 980, 265]
[449, 991, 124]
[479, 73, -308]
[487, 58, -281]
[494, 59, -281]
[501, 60, -281]
[465, 57, -294]
[457, 58, -294]
[448, 59, -294]
[507, 74, -136]
[432, 75, -193]
[491, 97, -255]
[465, 97, -270]
[550, 221, -6]
[366, 221, -176]
[562, 358, 40]
[329, 396, -201]
[628, 449, -131]
[338, 516, -315]
[669, 455, -160]
[330, 547, -351]
[681, 453, -197]
[354, 543, -376]
[659, 455, -151]
[359, 526, -325]
[524, 513, 54]
[415, 524, -53]
[524, 742, 163]
[400, 755, 47]
[523, 931, 414]
[404, 937, 260]
[522, 965, 429]
[397, 962, 276]
[531, 998, 299]
[432, 1012, 122]
[479, 72, -333]
[487, 57, -309]
[494, 58, -309]
[501, 60, -309]
[465, 56, -321]
[457, 57, -321]
[448, 59, -322]
[507, 74, -163]
[432, 75, -219]
[491, 96, -279]
[465, 97, -295]
[550, 222, -25]
[365, 221, -195]
[561, 367, 55]
[326, 396, -202]
[623, 467, -66]
[332, 523, -334]
[663, 474, -88]
[321, 555, -371]
[673, 474, -127]
[348, 557, -397]
[653, 474, -85]
[356, 535, -345]
[522, 519, 50]
[407, 528, -49]
[519, 751, 151]
[388, 760, 47]
[517, 940, 441]
[391, 943, 297]
[515, 974, 461]
[385, 970, 317]
[520, 1013, 326]
[413, 1022, 156]
[478, 72, -329]
[486, 56, -305]
[494, 57, -305]
[501, 59, -305]
[464, 56, -316]
[455, 57, -316]
[447, 58, -316]
[508, 73, -161]
[431, 75, -211]
[491, 96, -275]
[464, 97, -290]
[552, 223, -27]
[365, 221, -181]
[559, 374, 47]
[325, 397, -185]
[626, 479, -93]
[332, 524, -311]
[663, 493, -120]
[319, 553, -350]
[673, 491, -159]
[348, 551, -378]
[654, 489, -113]
[354, 536, -324]
[519, 523, 47]
[403, 531, -46]
[517, 755, 141]
[388, 762, 47]
[516, 943, 409]
[392, 945, 283]
[515, 976, 427]
[387, 972, 301]
[515, 1014, 289]
[415, 1023, 142]
[479, 72, -330]
[487, 56, -305]
[495, 57, -305]
[502, 59, -305]
[464, 56, -316]
[456, 57, -317]
[447, 58, -317]
[509, 73, -159]
[432, 75, -209]
[492, 96, -275]
[465, 97, -289]
[555, 223, -22]
[365, 221, -176]
[560, 374, 69]
[324, 395, -171]
[627, 480, -69]
[331, 520, -294]
[661, 495, -97]
[319, 550, -333]
[669, 494, -137]
[349, 548, -363]
[652, 493, -90]
[355, 534, -307]
[515, 527, 46]
[400, 533, -45]
[513, 756, 131]
[387, 762, 29]
[512, 942, 392]
[391, 947, 281]
[511, 974, 412]
[384, 975, 299]
[513, 1013, 277]
[416, 1023, 138]
[479, 72, -393]
[487, 56, -370]
[495, 57, -370]
[503, 58, -370]
[465, 56, -381]
[456, 57, -381]
[447, 58, -381]
[510, 73, -222]
[431, 75, -267]
[492, 96, -336]
[465, 97, -349]
[556, 224, -73]
[362, 221, -221]
[559, 383, 47]
[322, 399, -209]
[627, 495, -50]
[320, 535, -324]
[661, 516, -67]
[303, 569, -362]
[669, 513, -106]
[330, 578, -384]
[654, 508, -69]
[342, 553, -336]
[514, 526, 44]
[398, 533, -44]
[522, 753, 150]
[388, 762, 94]
[515, 938, 464]
[393, 946, 394]
[513, 970, 488]
[387, 974, 420]
[518, 1012, 354]
[418, 1026, 258]
[478, 72, -422]
[487, 56, -401]
[495, 57, -401]
[503, 58, -401]
[464, 56, -410]
[456, 57, -410]
[447, 58, -411]
[510, 72, -255]
[431, 75, -295]
[492, 96, -366]
[464, 98, -377]
[559, 224, -109]
[361, 221, -241]
[560, 385, 23]
[322, 406, -228]
[624, 498, -65]
[324, 547, -334]
[655, 520, -81]
[313, 599, -372]
[662, 521, -117]
[334, 597, -389]
[649, 514, -82]
[344, 579, -345]
[514, 528, 35]
[397, 534, -35]
[520, 757, 137]
[382, 764, 118]
[513, 951, 443]
[385, 955, 423]
[512, 985, 465]
[378, 985, 449]
[513, 1025, 321]
[415, 1034, 280]
[475, 70, -455]
[485, 52, -433]
[493, 53, -433]
[501, 53, -433]
[461, 53, -441]
[452, 54, -441]
[443, 56, -441]
[510, 67, -278]
[428, 72, -312]
[490, 94, -396]
[460, 97, -406]
[561, 224, -118]
[360, 221, -262]
[560, 388, 0]
[322, 411, -257]
[626, 506, -87]
[318, 559, -370]
[651, 529, -105]
[309, 618, -407]
[657, 530, -142]
[326, 612, -441]
[645, 522, -104]
[337, 595, -385]
[510, 533, 34]
[394, 534, -33]
[507, 763, 152]
[372, 767, 115]
[500, 952, 452]
[373, 955, 415]
[498, 985, 473]
[368, 983, 439]
[499, 1026, 326]
[399, 1035, 272]
[473, 69, -410]
[485, 51, -388]
[493, 52, -388]
[501, 53, -388]
[460, 52, -398]
[451, 53, -398]
[442, 54, -398]
[510, 67, -241]
[427, 70, -282]
[489, 94, -354]
[457, 96, -366]
[561, 224, -100]
[358, 222, -235]
[562, 390, 2]
[322, 413, -239]
[622, 510, -65]
[316, 557, -331]
[646, 533, -81]
[307, 610, -364]
[651, 534, -117]
[323, 606, -400]
[638, 524, -81]
[339, 579, -346]
[510, 537, 29]
[393, 534, -29]
[505, 766, 143]
[374, 770, 106]
[501, 954, 439]
[377, 956, 387]
[500, 985, 460]
[372, 984, 411]
[497, 1028, 321]
[399, 1034, 250]
[473, 69, -435]
[484, 50, -413]
[492, 51, -413]
[500, 52, -413]
[459, 51, -421]
[450, 52, -421]
[441, 53, -422]
[510, 66, -260]
[426, 69, -294]
[488, 93, -377]
[456, 96, -386]
[562, 224, -113]
[357, 222, -236]
[562, 393, -9]
[321, 412, -236]
[622, 513, -106]
[314, 557, -335]
[645, 535, -128]
[306, 608, -367]
[649, 535, -168]
[321, 603, -411]
[636, 526, -124]
[333, 584, -348]
[509, 537, 23]
[391, 534, -23]
[503, 771, 128]
[373, 773, 108]
[499, 959, 434]
[376, 962, 410]
[498, 990, 456]
[372, 990, 436]
[493, 1034, 308]
[397, 1041, 263]
[471, 69, -428]
[483, 50, -406]
[491, 50, -406]
[499, 50, -406]
[458, 51, -414]
[448, 52, -414]
[439, 53, -414]
[510, 65, -254]
[424, 69, -285]
[487, 93, -370]
[454, 96, -378]
[562, 224, -108]
[356, 222, -234]
[563, 394, -10]
[321, 412, -232]
[619, 513, -114]
[310, 559, -338]
[643, 539, -138]
[301, 610, -372]
[647, 540, -178]
[314, 606, -411]
[633, 528, -133]
[332, 581, -352]
[505, 537, 25]
[389, 534, -24]
[496, 772, 147]
[363, 774, 119]
[493, 960, 459]
[368, 963, 424]
[490, 991, 482]
[365, 990, 451]
[489, 1033, 334]
[392, 1041, 282]
[470, 68, -426]
[482, 49, -403]
[491, 49, -403]
[499, 50, -403]
[456, 50, -411]
[446, 51, -411]
[437, 53, -411]
[509, 65, -252]
[422, 68, -284]
[487, 93, -368]
[453, 96, -377]
[562, 227, -117]
[355, 222, -229]
[564, 398, -27]
[320, 411, -221]
[620, 515, -139]
[305, 555, -337]
[645, 541, -165]
[296, 606, -374]
[649, 542, -206]
[308, 602, -412]
[635, 531, -159]
[327, 577, -353]
[505, 537, 20]
[387, 533, -19]
[496, 772, 147]
[363, 774, 131]
[495, 961, 458]
[370, 963, 434]
[493, 992, 480]
[367, 990, 460]
[490, 1034, 330]
[390, 1042, 290]
[469, 68, -423]
[482, 49, -401]
[490, 49, -401]
[498, 50, -401]
[454, 50, -408]
[444, 51, -408]
[435, 52, -408]
[509, 64, -251]
[420, 68, -280]
[486, 93, -366]
[452, 96, -373]
[562, 227, -120]
[353, 222, -224]
[565, 398, -22]
[319, 411, -203]
[621, 512, -133]
[305, 553, -323]
[646, 535, -159]
[297, 605, -359]
[651, 535, -196]
[309, 600, -397]
[636, 527, -152]
[327, 575, -339]
[504, 537, 13]
[385, 533, -13]
[493, 773, 132]
[361, 775, 131]
[493, 962, 454]
[369, 964, 430]
[493, 993, 478]
[367, 991, 456]
[483, 1035, 315]
[386, 1042, 288]
[467, 68, -321]
[480, 48, -304]
[488, 48, -304]
[497, 49, -304]
[453, 49, -310]
[443, 50, -310]
[434, 51, -310]
[508, 62, -179]
[419, 66, -204]
[485, 93, -273]
[450, 96, -280]
[563, 227, -92]
[351, 222, -153]
[568, 397, -1]
[319, 408, -124]
[624, 512, -78]
[302, 552, -225]
[647, 535, -96]
[290, 601, -254]
[652, 536, -130]
[302, 595, -288]
[639, 528, -94]
[316, 574, -240]
[504, 539, 7]
[383, 533, -7]
[494, 773, 128]
[362, 774, 122]
[494, 965, 381]
[368, 966, 333]
[494, 996, 399]
[366, 995, 351]
[480, 1036, 266]
[384, 1040, 201]
[467, 66, -300]
[480, 47, -282]
[487, 47, -283]
[496, 48, -283]
[453, 48, -290]
[443, 49, -290]
[434, 50, -290]
[508, 61, -159]
[419, 64, -190]
[485, 92, -253]
[450, 94, -261]
[563, 227, -67]
[350, 221, -149]
[569, 397, 22]
[319, 408, -124]
[624, 512, -51]
[303, 553, -221]
[648, 534, -68]
[292, 600, -250]
[653, 535, -100]
[306, 595, -282]
[639, 528, -66]
[319, 576, -235]
[502, 541, 10]
[381, 534, -9]
[492, 774, 128]
[360, 774, 117]
[490, 970, 375]
[363, 968, 314]
[491, 1001, 393]
[361, 998, 331]
[474, 1039, 263]
[379, 1041, 182]
[466, 65, -334]
[479, 46, -314]
[487, 46, -314]
[495, 47, -314]
[452, 47, -319]
[442, 48, -319]
[434, 48, -319]
[507, 60, -178]
[418, 62, -199]
[484, 91, -282]
[449, 93, -288]
[563, 226, -77]
[349, 220, -126]
[572, 396, -5]
[319, 401, -95]
[632, 514, -132]
[295, 544, -232]
[653, 536, -165]
[275, 584, -267]
[655, 536, -202]
[296, 586, -310]
[643, 527, -151]
[308, 566, -252]
[505, 542, -6]
[381, 534, 6]
[493, 775, 49]
[362, 775, 80]
[491, 970, 352]
[365, 971, 321]
[491, 1000, 374]
[362, 1000, 341]
[476, 1040, 227]
[380, 1041, 173]
[466, 64, -275]
[478, 46, -257]
[486, 46, -257]
[494, 47, -257]
[452, 46, -262]
[442, 46, -262]
[434, 47, -262]
[506, 60, -137]
[418, 61, -157]
[483, 91, -229]
[449, 92, -235]
[564, 223, -48]
[349, 216, -106]
[574, 393, 12]
[319, 389, -79]
[633, 512, -118]
[297, 521, -196]
[656, 531, -158]
[280, 553, -230]
[661, 532, -196]
[297, 555, -268]
[647, 526, -138]
[309, 541, -214]
[509, 540, 0]
[382, 534, 0]
[500, 775, 42]
[364, 775, 33]
[499, 969, 300]
[369, 970, 229]
[501, 999, 318]
[367, 998, 244]
[479, 1039, 182]
[382, 1041, 86]
[464, 64, -296]
[477, 46, -277]
[485, 46, -278]
[494, 47, -278]
[451, 46, -280]
[442, 46, -280]
[434, 47, -280]
[506, 62, -155]
[418, 62, -162]
[480, 92, -250]
[447, 93, -252]
[564, 223, -58]
[349, 216, -89]
[575, 393, -58]
[320, 389, -60]
[641, 507, -264]
[297, 521, -191]
[668, 520, -308]
[277, 558, -224]
[667, 518, -345]
[287, 553, -265]
[656, 516, -285]
[303, 537, -210]
[513, 535, 0]
[382, 529, 0]
[523, 765, -67]
[376, 775, -35]
[509, 968, 147]
[371, 973, 106]
[508, 997, 159]
[368, 1003, 113]
[490, 1038, 12]
[383, 1041, -51]
[464, 67, -304]
[477, 47, -283]
[486, 49, -283]
[494, 50, -283]
[451, 46, -286]
[443, 47, -286]
[435, 47, -287]
[507, 67, -151]
[419, 63, -163]
[480, 97, -255]
[447, 95, -258]
[564, 224, -64]
[349, 216, -90]
[582, 392, -86]
[324, 389, -94]
[648, 487, -323]
[298, 495, -278]
[681, 495, -373]
[276, 540, -325]
[687, 493, -412]
[286, 527, -366]
[672, 493, -345]
[299, 506, -300]
[520, 532, 1]
[388, 529, -1]
[520, 766, 11]
[376, 774, 11]
[509, 969, 262]
[371, 972, 199]
[510, 997, 278]
[368, 1002, 211]
[489, 1039, 129]
[387, 1042, 40]
[464, 69, -307]
[478, 49, -287]
[486, 50, -287]
[495, 52, -287]
[452, 47, -289]
[443, 47, -289]
[435, 48, -289]
[509, 70, -154]
[419, 64, -163]
[480, 101, -257]
[447, 98, -260]
[565, 224, -65]
[350, 216, -87]
[586, 390, -95]
[327, 389, -95]
[650, 480, -339]
[297, 492, -288]
[685, 487, -390]
[272, 536, -334]
[693, 484, -428]
[282, 523, -374]
[677, 484, -361]
[294, 503, -310]
[523, 531, 1]
[392, 529, 0]
[519, 769, 23]
[375, 774, 23]
[510, 970, 282]
[371, 973, 220]
[512, 998, 300]
[369, 1001, 233]
[489, 1040, 149]
[390, 1043, 60]
[464, 69, -292]
[478, 49, -272]
[486, 51, -272]
[495, 53, -272]
[452, 47, -273]
[444, 48, -273]
[436, 48, -273]
[509, 70, -141]
[421, 64, -143]
[479, 101, -244]
[447, 98, -245]
[566, 224, -66]
[351, 215, -77]
[593, 386, -108]
[327, 390, -132]
[655, 461, -355]
[300, 469, -400]
[696, 474, -408]
[274, 509, -452]
[697, 465, -442]
[284, 489, -485]
[681, 464, -376]
[296, 470, -420]
[525, 524, 0]
[392, 523, 0]
[520, 762, 8]
[375, 766, 23]
[511, 967, 243]
[371, 966, 203]
[516, 995, 257]
[369, 993, 215]
[489, 1037, 103]
[392, 1037, 42]
[464, 69, -366]
[479, 50, -344]
[488, 51, -344]
[497, 53, -344]
[453, 47, -344]
[444, 48, -344]
[436, 48, -344]
[511, 70, -199]
[422, 64, -191]
[480, 101, -313]
[447, 98, -311]
[569, 220, -114]
[354, 214, -92]
[600, 385, -186]
[332, 393, -205]
[660, 398, -465]
[327, 427, -506]
[693, 409, -523]
[323, 433, -563]
[694, 393, -544]
[326, 404, -582]
[679, 382, -481]
[331, 397, -521]
[538, 517, -5]
[403, 520, 6]
[559, 755, 21]
[412, 761, 70]
[563, 959, 248]
[422, 959, 307]
[569, 988, 265]
[419, 987, 324]
[541, 1032, 140]
[450, 1034, 139]
[466, 70, -370]
[482, 50, -350]
[491, 52, -350]
[500, 54, -350]
[456, 48, -348]
[447, 48, -348]
[439, 48, -348]
[514, 71, -208]
[425, 64, -196]
[481, 102, -318]
[450, 98, -316]
[571, 220, -123]
[358, 214, -96]
[605, 387, -226]
[333, 398, -195]
[657, 346, -508]
[344, 402, -489]
[672, 337, -560]
[339, 373, -539]
[675, 313, -567]
[338, 343, -546]
[665, 315, -518]
[342, 344, -499]
[541, 517, -12]
[406, 519, 13]
[559, 756, 25]
[411, 761, 71]
[563, 960, 275]
[425, 960, 291]
[568, 990, 291]
[422, 987, 308]
[543, 1034, 131]
[451, 1034, 129]
[467, 70, -387]
[483, 51, -365]
[492, 52, -365]
[502, 54, -365]
[457, 48, -364]
[449, 48, -364]
[440, 49, -364]
[515, 71, -219]
[427, 64, -212]
[483, 101, -333]
[451, 98, -332]
[572, 218, -116]
[361, 213, -99]
[608, 390, -148]
[336, 398, -196]
[715, 381, -379]
[338, 388, -479]
[744, 382, -422]
[327, 394, -527]
[752, 363, -447]
[334, 366, -543]
[733, 363, -395]
[340, 363, -493]
[540, 516, -10]
[406, 515, 11]
[553, 756, 20]
[405, 763, 55]
[557, 964, 294]
[416, 966, 282]
[562, 994, 313]
[414, 994, 297]
[536, 1039, 144]
[442, 1044, 97]
[468, 71, -398]
[484, 52, -376]
[493, 53, -376]
[502, 55, -376]
[459, 49, -375]
[450, 49, -375]
[442, 49, -375]
[516, 72, -228]
[430, 65, -220]
[483, 102, -343]
[452, 99, -341]
[573, 218, -122]
[362, 213, -100]
[615, 393, -180]
[337, 399, -192]
[726, 351, -451]
[334, 367, -462]
[752, 344, -496]
[321, 371, -506]
[746, 336, -516]
[333, 343, -518]
[740, 326, -466]
[337, 343, -473]
[541, 514, -10]
[406, 514, 11]
[552, 757, 22]
[404, 765, 47]
[556, 966, 299]
[413, 970, 266]
[561, 996, 317]
[411, 998, 280]
[535, 1041, 148]
[439, 1050, 79]
[468, 71, -391]
[484, 52, -370]
[493, 53, -370]
[502, 55, -370]
[459, 49, -368]
[450, 49, -368]
[442, 50, -368]
[516, 72, -225]
[431, 65, -214]
[484, 101, -338]
[453, 98, -335]
[575, 216, -119]
[365, 211, -103]
[617, 392, -157]
[337, 394, -182]
[722, 359, -406]
[313, 375, -450]
[750, 354, -448]
[306, 386, -494]
[756, 336, -471]
[310, 360, -510]
[740, 337, -421]
[316, 356, -463]
[541, 514, -12]
[406, 511, 13]
[549, 757, 23]
[402, 763, 47]
[551, 965, 299]
[413, 968, 265]
[556, 995, 318]
[410, 994, 279]
[534, 1041, 144]
[437, 1050, 81]
[471, 71, -401]
[486, 52, -377]
[495, 53, -377]
[504, 55, -377]
[461, 49, -375]
[453, 49, -375]
[444, 50, -375]
[519, 71, -222]
[434, 65, -213]
[486, 100, -345]
[457, 98, -342]
[577, 214, -116]
[369, 210, -105]
[618, 392, -196]
[337, 393, -204]
[707, 346, -508]
[279, 332, -534]
[749, 332, -561]
[254, 333, -586]
[750, 314, -575]
[249, 315, -604]
[732, 316, -522]
[265, 315, -550]
[544, 510, -11]
[409, 509, 12]
[552, 751, 7]
[406, 758, 64]
[553, 959, 268]
[414, 962, 299]
[558, 988, 283]
[411, 990, 315]
[532, 1034, 104]
[438, 1041, 118]
[473, 71, -323]
[487, 52, -303]
[496, 53, -303]
[505, 55, -303]
[463, 50, -302]
[454, 50, -302]
[446, 50, -302]
[520, 71, -169]
[436, 65, -165]
[488, 100, -276]
[460, 98, -275]
[580, 214, -82]
[372, 210, -79]
[623, 392, -98]
[326, 373, -183]
[720, 348, -310]
[281, 354, -469]
[750, 358, -348]
[265, 364, -517]
[755, 322, -375]
[266, 342, -537]
[737, 324, -327]
[279, 339, -484]
[544, 511, -10]
[410, 509, 11]
[550, 752, 20]
[405, 758, 67]
[552, 959, 278]
[412, 963, 289]
[557, 989, 294]
[410, 990, 305]
[527, 1034, 124]
[434, 1040, 115]
[477, 71, -339]
[491, 52, -317]
[500, 53, -317]
[509, 55, -317]
[467, 50, -317]
[458, 50, -317]
[449, 50, -317]
[525, 71, -174]
[439, 65, -169]
[492, 100, -288]
[463, 98, -288]
[582, 214, -82]
[375, 210, -70]
[630, 398, -158]
[328, 387, -171]
[711, 315, -448]
[283, 308, -456]
[717, 298, -494]
[271, 333, -500]
[733, 283, -502]
[274, 307, -522]
[717, 288, -458]
[285, 310, -469]
[547, 510, -10]
[413, 507, 11]
[551, 752, 14]
[406, 757, 58]
[550, 958, 273]
[412, 960, 269]
[555, 987, 288]
[409, 987, 283]
[526, 1033, 119]
[435, 1038, 93]
[480, 71, -316]
[493, 52, -292]
[502, 54, -292]
[511, 55, -292]
[469, 50, -292]
[461, 50, -292]
[452, 50, -292]
[526, 71, -147]
[441, 65, -149]
[495, 100, -265]
[466, 98, -265]
[583, 212, -62]
[377, 210, -61]
[634, 398, -135]
[331, 387, -175]
[696, 311, -427]
[286, 300, -481]
[720, 324, -474]
[274, 326, -528]
[722, 281, -476]
[278, 300, -539]
[704, 287, -455]
[289, 303, -493]
[550, 509, -9]
[415, 505, 10]
[552, 750, 16]
[408, 755, 48]
[551, 956, 271]
[415, 959, 240]
[556, 984, 286]
[411, 985, 253]
[528, 1030, 123]
[437, 1034, 69]
[482, 72, -329]
[496, 53, -307]
[505, 54, -307]
[514, 55, -307]
[471, 51, -307]
[463, 51, -307]
[454, 51, -307]
[529, 71, -162]
[444, 65, -157]
[498, 100, -278]
[469, 98, -279]
[585, 212, -73]
[383, 210, -47]
[644, 404, -243]
[331, 387, -135]
[692, 292, -573]
[289, 269, -401]
[709, 279, -625]
[268, 253, -436]
[709, 258, -623]
[267, 234, -437]
[695, 266, -581]
[284, 244, -409]
[552, 508, -16]
[417, 503, 17]
[551, 752, 6]
[408, 755, 44]
[550, 957, 265]
[413, 959, 230]
[555, 984, 281]
[410, 985, 241]
[528, 1030, 110]
[437, 1034, 50]
[485, 72, -334]
[500, 53, -311]
[510, 54, -311]
[520, 55, -311]
[474, 51, -309]
[465, 51, -309]
[456, 51, -309]
[536, 71, -165]
[447, 65, -151]
[501, 100, -283]
[471, 98, -280]
[592, 214, -81]
[391, 210, -39]
[648, 407, -258]
[333, 411, -156]
[672, 282, -574]
[292, 260, -487]
[688, 257, -623]
[270, 231, -529]
[689, 241, -614]
[271, 219, -523]
[677, 248, -577]
[286, 229, -493]
[554, 509, -21]
[417, 503, 22]
[552, 754, 8]
[411, 755, 53]
[550, 958, 262]
[415, 960, 236]
[554, 985, 278]
[411, 986, 248]
[527, 1030, 112]
[436, 1035, 62]
[485, 74, -335]
[500, 54, -312]
[509, 55, -312]
[519, 57, -312]
[474, 53, -312]
[465, 53, -312]
[457, 54, -312]
[535, 72, -168]
[448, 69, -142]
[501, 102, -283]
[471, 101, -283]
[594, 218, -91]
[392, 215, -29]
[650, 408, -257]
[333, 419, -156]
[673, 286, -565]
[303, 262, -492]
[690, 257, -613]
[277, 233, -534]
[691, 242, -604]
[276, 218, -528]
[679, 253, -569]
[296, 229, -497]
[555, 510, -29]
[418, 504, 30]
[555, 760, -14]
[413, 764, 100]
[554, 966, 228]
[417, 969, 306]
[561, 995, 242]
[414, 996, 322]
[531, 1038, 67]
[436, 1044, 133]
[487, 73, -359]
[502, 53, -337]
[511, 54, -337]
[521, 55, -337]
[475, 51, -330]
[467, 52, -330]
[459, 53, -330]
[540, 71, -190]
[449, 68, -149]
[504, 101, -306]
[473, 100, -298]
[600, 218, -122]
[395, 215, -37]
[652, 409, -297]
[335, 416, -151]
[657, 267, -598]
[303, 253, -471]
[666, 231, -644]
[276, 241, -503]
[666, 219, -632]
[273, 210, -490]
[658, 230, -599]
[295, 222, -470]
[555, 511, -27]
[418, 504, 28]
[554, 762, 8]
[412, 764, 100]
[554, 966, 309]
[417, 969, 335]
[560, 995, 330]
[413, 995, 353]
[530, 1039, 157]
[434, 1044, 163]
[486, 79, -296]
[501, 58, -278]
[511, 59, -278]
[521, 60, -278]
[475, 58, -269]
[467, 59, -269]
[459, 60, -269]
[538, 76, -154]
[449, 76, -111]
[503, 106, -251]
[473, 108, -240]
[598, 222, -103]
[395, 219, -17]
[649, 410, -253]
[335, 417, -154]
[656, 260, -532]
[305, 256, -471]
[669, 224, -577]
[284, 226, -513]
[671, 213, -591]
[283, 213, -498]
[660, 225, -538]
[297, 224, -475]
[554, 511, -25]
[417, 504, 26]
[554, 764, 15]
[412, 765, 100]
[553, 967, 300]
[416, 970, 310]
[559, 995, 320]
[412, 997, 327]
[530, 1041, 152]
[433, 1047, 142]
[486, 83, -262]
[502, 61, -244]
[511, 63, -244]
[521, 65, -244]
[475, 60, -239]
[467, 62, -239]
[459, 64, -239]
[538, 80, -122]
[448, 79, -97]
[504, 112, -218]
[473, 112, -212]
[597, 229, -62]
[399, 223, -15]
[648, 410, -229]
[343, 416, -130]
[654, 260, -487]
[313, 269, -382]
[661, 220, -524]
[301, 231, -417]
[658, 210, -511]
[301, 218, -409]
[650, 224, -487]
[307, 226, -386]
[552, 516, -18]
[418, 508, 19]
[554, 768, 13]
[412, 768, 71]
[552, 974, 221]
[417, 976, 229]
[558, 1001, 234]
[414, 1003, 240]
[531, 1045, 75]
[434, 1051, 64]
[486, 86, -295]
[502, 64, -274]
[511, 66, -274]
[520, 69, -274]
[475, 63, -270]
[467, 64, -270]
[459, 66, -270]
[538, 83, -136]
[450, 80, -120]
[504, 113, -246]
[473, 113, -241]
[596, 234, -92]
[404, 222, -7]
[647, 411, -254]
[339, 329, 174]
[656, 255, -533]
[287, 250, 292]
[659, 217, -570]
[274, 233, 313]
[657, 208, -570]
[272, 220, 302]
[651, 222, -540]
[278, 226, 289]
[551, 517, -20]
[419, 509, 21]
[554, 768, 18]
[414, 766, 58]
[551, 971, 229]
[418, 975, 225]
[557, 996, 239]
[416, 1002, 236]
[530, 1042, 119]
[434, 1048, 63]
[486, 85, -265]
[501, 64, -247]
[511, 65, -247]
[520, 68, -247]
[476, 62, -242]
[469, 64, -242]
[461, 65, -242]
[538, 83, -122]
[453, 82, -97]
[505, 113, -220]
[475, 112, -214]
[602, 235, -65]
[405, 224, -16]
[649, 417, -243]
[346, 351, -96]
[655, 263, -504]
[303, 248, -333]
[655, 222, -537]
[299, 233, -366]
[658, 212, -521]
[299, 215, -352]
[651, 227, -502]
[306, 225, -336]
[552, 521, -9]
[419, 511, 10]
[557, 771, 24]
[418, 770, 42]
[556, 976, 244]
[423, 981, 197]
[562, 1004, 258]
[421, 1009, 207]
[534, 1046, 110]
[437, 1054, 29]
[486, 85, -271]
[501, 62, -251]
[511, 64, -251]
[520, 66, -250]
[476, 61, -245]
[468, 62, -245]
[461, 64, -245]
[539, 83, -120]
[453, 81, -92]
[505, 112, -224]
[474, 112, -217]
[605, 236, -48]
[404, 232, -15]
[652, 421, -231]
[348, 405, -158]
[655, 265, -502]
[319, 249, -466]
[656, 224, -537]
[318, 244, -510]
[658, 213, -523]
[320, 226, -500]
[652, 227, -502]
[314, 234, -471]
[553, 527, -4]
[419, 519, 5]
[558, 780, 24]
[422, 778, 25]
[558, 984, 250]
[426, 990, 183]
[563, 1013, 264]
[423, 1019, 193]
[534, 1056, 108]
[439, 1064, 12]
[486, 87, -240]
[501, 64, -223]
[511, 65, -223]
[520, 67, -223]
[476, 63, -218]
[468, 64, -218]
[461, 65, -218]
[539, 85, -106]
[454, 83, -82]
[506, 114, -197]
[475, 114, -191]
[605, 238, -37]
[405, 235, -17]
[653, 422, -195]
[350, 416, -159]
[653, 264, -446]
[336, 254, -434]
[652, 224, -481]
[329, 249, -473]
[653, 214, -465]
[332, 230, -465]
[647, 229, -445]
[333, 238, -439]
[553, 529, 0]
[419, 521, 0]
[558, 779, 23]
[423, 777, 34]
[557, 984, 222]
[426, 988, 180]
[563, 1012, 233]
[423, 1016, 188]
[534, 1054, 81]
[439, 1061, 17]
[488, 94, -221]
[502, 69, -204]
[511, 70, -204]
[521, 72, -204]
[477, 68, -203]
[470, 69, -203]
[463, 70, -203]
[539, 89, -88]
[456, 89, -81]
[508, 121, -178]
[477, 120, -177]
[604, 242, -15]
[405, 241, -26]
[655, 423, -163]
[353, 422, -182]
[652, 263, -411]
[345, 257, -423]
[650, 224, -444]
[333, 247, -458]
[650, 214, -425]
[335, 232, -448]
[645, 228, -409]
[340, 242, -425]
[554, 532, 14]
[420, 526, -14]
[564, 781, 30]
[428, 781, 28]
[563, 988, 220]
[434, 993, 162]
[568, 1016, 230]
[429, 1021, 170]
[545, 1055, 82]
[452, 1064, 2]
[492, 93, -234]
[505, 69, -216]
[515, 70, -216]
[525, 72, -216]
[481, 68, -214]
[474, 69, -214]
[467, 70, -214]
[546, 89, -97]
[461, 89, -87]
[512, 120, -191]
[482, 119, -189]
[610, 242, -27]
[409, 239, -26]
[654, 424, -159]
[362, 419, -164]
[652, 265, -393]
[347, 258, -408]
[648, 227, -424]
[350, 261, -441]
[649, 218, -409]
[348, 237, -435]
[646, 232, -391]
[340, 243, -411]
[556, 532, 10]
[422, 525, -9]
[566, 777, 18]
[432, 778, 30]
[565, 985, 194]
[440, 992, 189]
[571, 1014, 203]
[436, 1020, 199]
[548, 1051, 51]
[455, 1061, 21]
