[498, 97, -87]
[492, 89, -79]
[492, 89, -79]
[494, 89, -79]
[488, 90, -102]
[486, 90, -102]
[483, 91, -102]
[482, 97, -35]
[469, 101, -130]
[498, 109, -68]
[494, 110, -97]
[474, 169, 40]
[463, 169, -174]
[492, 262, 75]
[476, 271, -198]
[516, 337, 51]
[504, 351, -193]
[521, 357, 50]
[507, 375, -212]
[523, 358, 34]
[511, 375, -213]
[520, 350, 42]
[510, 366, -193]
[471, 325, 60]
[463, 327, -60]
[495, 439, 42]
[483, 451, -54]
[474, 537, 92]
[461, 559, -15]
[465, 550, 92]
[456, 577, -14]
[498, 560, 42]
[494, 582, -72]
[502, 99, -93]
[494, 90, -84]
[493, 90, -85]
[494, 90, -85]
[492, 91, -105]
[489, 92, -105]
[487, 93, -105]
[481, 99, -41]
[472, 103, -132]
[501, 112, -74]
[498, 112, -100]
[468, 174, 31]
[470, 176, -173]
[486, 273, 49]
[483, 280, -192]
[509, 345, 12]
[509, 361, -178]
[517, 360, 7]
[511, 387, -198]
[519, 362, -7]
[517, 385, -199]
[516, 356, 3]
[517, 375, -178]
[462, 330, 61]
[465, 333, -61]
[487, 441, 117]
[489, 453, -34]
[471, 523, 205]
[465, 548, 38]
[464, 537, 210]
[455, 564, 43]
[498, 543, 183]
[497, 568, -6]
[503, 100, -78]
[494, 91, -70]
[493, 91, -70]
[494, 91, -70]
[492, 92, -92]
[490, 92, -92]
[487, 93, -92]
[480, 99, -28]
[472, 103, -123]
[501, 113, -60]
[498, 114, -87]
[466, 177, 44]
[470, 176, -165]
[485, 275, 71]
[481, 281, -188]
[506, 345, 50]
[509, 360, -183]
[514, 363, 51]
[513, 381, -204]
[516, 365, 34]
[518, 379, -203]
[514, 360, 42]
[518, 371, -183]
[460, 329, 60]
[465, 331, -60]
[481, 437, 46]
[488, 446, -90]
[474, 517, 71]
[466, 542, -80]
[466, 529, 69]
[455, 556, -82]
[499, 537, 30]
[496, 566, -137]
[505, 100, -101]
[495, 91, -94]
[494, 91, -94]
[494, 91, -94]
[494, 92, -114]
[492, 93, -114]
[489, 93, -114]
[481, 99, -50]
[475, 102, -145]
[503, 112, -83]
[501, 113, -107]
[473, 177, 18]
[467, 177, -182]
[487, 274, 40]
[479, 281, -199]
[510, 343, 6]
[507, 361, -185]
[519, 363, 1]
[511, 383, -204]
[520, 365, -13]
[516, 381, -207]
[517, 358, -2]
[515, 373, -185]
[465, 327, 57]
[464, 329, -57]
[489, 432, 85]
[485, 450, -68]
[475, 525, 157]
[466, 549, -22]
[468, 540, 160]
[455, 567, -21]
[502, 546, 126]
[498, 569, -79]
[505, 101, -93]
[496, 92, -85]
[495, 92, -85]
[495, 92, -85]
[494, 93, -107]
[492, 93, -107]
[490, 94, -107]
[481, 100, -42]
[475, 103, -137]
[504, 113, -75]
[501, 114, -102]
[472, 177, 29]
[466, 178, -176]
[485, 276, 56]
[478, 281, -199]
[508, 346, 26]
[505, 362, -191]
[517, 365, 23]
[508, 384, -210]
[518, 369, 7]
[513, 383, -213]
[515, 361, 17]
[512, 376, -191]
[465, 327, 57]
[464, 329, -57]
[491, 436, 20]
[489, 447, -94]
[478, 526, 35]
[469, 541, -86]
[471, 540, 33]
[457, 556, -88]
[504, 545, -16]
[496, 564, -147]
[505, 104, -85]
[496, 95, -77]
[495, 94, -77]
[495, 94, -77]
[494, 95, -99]
[492, 95, -99]
[489, 96, -99]
[481, 101, -34]
[474, 105, -130]
[503, 116, -67]
[500, 116, -94]
[471, 177, 37]
[466, 178, -168]
[484, 273, 64]
[476, 278, -194]
[507, 341, 30]
[505, 357, -188]
[516, 359, 27]
[508, 380, -207]
[518, 361, 11]
[513, 379, -208]
[514, 354, 21]
[512, 372, -188]
[464, 328, 55]
[463, 329, -55]
[493, 430, -5]
[492, 440, -79]
[481, 518, -27]
[474, 533, -100]
[474, 531, -32]
[464, 547, -106]
[505, 540, -88]
[500, 557, -163]
[504, 103, -80]
[496, 94, -72]
[495, 94, -72]
[494, 94, -72]
[493, 95, -93]
[491, 95, -93]
[488, 96, -93]
[480, 102, -29]
[474, 105, -130]
[503, 115, -62]
[499, 116, -89]
[471, 177, 41]
[466, 178, -162]
[483, 273, 65]
[475, 277, -191]
[508, 341, 34]
[504, 359, -189]
[517, 359, 32]
[509, 382, -208]
[519, 361, 16]
[514, 381, -208]
[515, 354, 25]
[512, 373, -189]
[463, 328, 54]
[462, 329, -54]
[494, 427, 3]
[492, 437, -85]
[483, 517, -22]
[480, 528, -133]
[475, 527, -28]
[472, 542, -141]
[506, 530, -80]
[506, 555, -198]
[503, 104, -97]
[496, 95, -89]
[494, 95, -89]
[493, 95, -89]
[492, 96, -104]
[490, 96, -104]
[488, 97, -104]
[479, 102, -41]
[473, 106, -140]
[502, 115, -77]
[498, 116, -94]
[473, 178, 27]
[465, 179, -179]
[484, 273, 51]
[473, 278, -207]
[509, 342, 21]
[505, 359, -197]
[518, 361, 19]
[510, 383, -214]
[520, 362, 2]
[514, 382, -208]
[516, 355, 12]
[513, 374, -194]
[464, 329, 56]
[461, 330, -56]
[494, 429, 21]
[492, 446, -88]
[484, 514, 32]
[478, 533, -104]
[476, 525, 31]
[470, 547, -109]
[507, 530, -19]
[505, 559, -166]
[502, 104, -98]
[495, 95, -91]
[494, 95, -91]
[493, 95, -91]
[492, 96, -115]
[490, 96, -115]
[487, 97, -115]
[479, 102, -53]
[473, 106, -147]
[502, 115, -81]
[498, 116, -108]
[473, 178, 24]
[464, 179, -185]
[483, 274, 39]
[473, 280, -210]
[509, 343, 6]
[505, 359, -199]
[517, 362, 2]
[509, 381, -215]
[519, 363, -14]
[515, 380, -210]
[516, 356, -2]
[514, 373, -195]
[465, 329, 57]
[459, 331, -57]
[495, 428, 76]
[491, 449, -92]
[484, 512, 145]
[476, 540, -73]
[477, 524, 148]
[469, 555, -74]
[508, 530, 114]
[505, 565, -132]
[502, 104, -102]
[494, 95, -94]
[493, 95, -94]
[492, 95, -95]
[492, 96, -117]
[489, 96, -117]
[487, 97, -117]
[477, 103, -54]
[472, 107, -147]
[502, 115, -83]
[497, 116, -112]
[474, 179, 20]
[463, 180, -184]
[485, 274, 44]
[472, 280, -212]
[512, 344, 16]
[505, 359, -208]
[521, 363, 12]
[509, 382, -226]
[522, 364, -4]
[516, 380, -226]
[519, 356, 6]
[515, 373, -206]
[467, 328, 56]
[457, 331, -56]
[500, 424, 38]
[490, 446, -94]
[487, 505, 88]
[477, 537, -100]
[480, 516, 91]
[468, 552, -103]
[510, 520, 81]
[510, 561, -161]
[501, 104, -110]
[493, 95, -103]
[491, 95, -103]
[491, 95, -103]
[491, 96, -125]
[488, 97, -125]
[485, 98, -125]
[476, 104, -60]
[470, 107, -152]
[501, 116, -91]
[497, 117, -119]
[472, 179, 18]
[463, 180, -190]
[484, 273, 40]
[472, 281, -216]
[513, 342, 8]
[509, 358, -211]
[521, 360, 3]
[514, 381, -232]
[524, 360, -13]
[520, 379, -232]
[520, 353, -1]
[519, 371, -211]
[467, 329, 58]
[456, 332, -58]
[503, 424, 69]
[490, 452, -97]
[484, 508, 142]
[473, 545, -78]
[476, 519, 146]
[459, 561, -79]
[508, 527, 111]
[504, 573, -139]
[501, 105, -123]
[492, 96, -116]
[491, 96, -116]
[490, 96, -116]
[490, 97, -137]
[488, 97, -137]
[485, 98, -137]
[475, 104, -74]
[469, 107, -165]
[500, 117, -104]
[496, 117, -131]
[472, 178, 0]
[463, 180, -199]
[483, 271, 30]
[472, 281, -219]
[514, 337, 5]
[512, 355, -212]
[523, 355, 3]
[519, 378, -233]
[525, 353, -15]
[525, 376, -234]
[521, 346, -3]
[523, 368, -212]
[468, 328, 58]
[455, 332, -58]
[505, 423, 120]
[490, 454, -49]
[477, 512, 223]
[466, 548, 17]
[466, 524, 230]
[450, 563, 20]
[504, 537, 202]
[502, 577, -34]
[500, 105, -126]
[490, 95, -119]
[489, 95, -119]
[489, 95, -119]
[489, 96, -140]
[486, 97, -140]
[483, 98, -140]
[474, 104, -75]
[468, 107, -167]
[498, 116, -107]
[495, 117, -133]
[471, 178, 0]
[461, 179, -202]
[484, 270, 30]
[471, 280, -225]
[518, 333, -1]
[516, 351, -221]
[526, 350, -5]
[524, 374, -243]
[529, 350, -21]
[531, 371, -243]
[526, 343, -9]
[528, 362, -221]
[468, 327, 59]
[454, 331, -59]
[505, 423, 126]
[489, 456, -36]
[473, 511, 230]
[464, 555, 27]
[461, 523, 238]
[449, 572, 31]
[499, 539, 211]
[504, 583, -26]
[499, 105, -124]
[490, 95, -117]
[489, 95, -117]
[488, 95, -117]
[488, 96, -137]
[486, 97, -137]
[483, 98, -137]
[474, 104, -72]
[468, 107, -164]
[498, 116, -104]
[495, 117, -131]
[471, 178, 2]
[460, 180, -199]
[484, 270, 30]
[471, 280, -223]
[519, 332, -3]
[516, 350, -220]
[527, 348, -7]
[525, 372, -242]
[531, 348, -22]
[532, 369, -242]
[528, 342, -11]
[529, 360, -220]
[469, 327, 59]
[454, 331, -59]
[505, 425, 129]
[489, 457, -32]
[471, 512, 234]
[464, 556, 34]
[459, 524, 242]
[449, 574, 38]
[497, 541, 214]
[505, 583, -19]
[499, 105, -122]
[489, 95, -115]
[488, 95, -115]
[488, 95, -115]
[488, 96, -134]
[485, 97, -134]
[483, 98, -134]
[474, 104, -69]
[468, 107, -160]
[497, 116, -102]
[494, 116, -128]
[471, 177, 3]
[458, 180, -194]
[484, 264, 35]
[470, 279, -216]
[522, 328, 3]
[521, 349, -205]
[529, 341, 0]
[530, 368, -225]
[534, 338, -16]
[537, 361, -225]
[531, 333, -4]
[533, 354, -205]
[469, 327, 59]
[452, 331, -59]
[501, 434, 135]
[487, 458, -30]
[469, 506, 249]
[463, 558, 31]
[458, 514, 258]
[449, 574, 35]
[485, 525, 236]
[507, 586, -20]
[498, 104, -118]
[489, 95, -111]
[488, 95, -111]
[487, 95, -111]
[487, 96, -132]
[485, 97, -132]
[482, 97, -132]
[474, 103, -67]
[467, 107, -158]
[496, 116, -99]
[493, 116, -127]
[470, 177, 8]
[456, 179, -191]
[484, 256, 42]
[469, 279, -215]
[526, 319, 7]
[526, 341, -198]
[535, 331, 3]
[538, 354, -219]
[541, 327, -13]
[544, 347, -218]
[537, 324, -1]
[540, 341, -198]
[469, 326, 60]
[452, 331, -60]
[496, 436, 136]
[487, 458, -29]
[469, 507, 237]
[463, 562, 37]
[459, 514, 244]
[450, 580, 41]
[490, 537, 220]
[511, 588, -11]
[497, 104, -106]
[488, 95, -99]
[487, 95, -99]
[486, 95, -99]
[486, 96, -119]
[484, 97, -119]
[481, 97, -119]
[473, 103, -56]
[467, 106, -147]
[495, 116, -87]
[492, 116, -113]
[467, 175, 14]
[455, 180, -179]
[484, 252, 45]
[468, 278, -191]
[531, 315, 9]
[534, 333, -168]
[540, 327, 4]
[546, 346, -187]
[546, 321, -11]
[551, 339, -186]
[543, 317, 0]
[547, 332, -167]
[468, 326, 59]
[452, 332, -59]
[490, 440, 124]
[487, 459, -13]
[468, 514, 217]
[461, 559, 74]
[458, 516, 224]
[449, 576, 81]
[492, 554, 197]
[507, 584, 33]
[496, 104, -101]
[487, 95, -93]
[486, 95, -94]
[485, 95, -94]
[484, 96, -113]
[482, 97, -113]
[479, 97, -113]
[472, 103, -49]
[465, 106, -137]
[494, 116, -81]
[490, 116, -107]
[465, 174, 21]
[454, 180, -170]
[483, 252, 51]
[468, 278, -179]
[536, 310, 13]
[538, 326, -157]
[546, 318, 8]
[552, 336, -175]
[553, 311, -7]
[556, 327, -174]
[549, 310, 5]
[552, 322, -156]
[467, 327, 59]
[451, 332, -59]
[489, 443, 114]
[486, 459, -18]
[463, 534, 201]
[459, 557, 66]
[452, 550, 207]
[447, 574, 73]
[493, 562, 177]
[502, 582, 25]
[495, 104, -103]
[486, 95, -96]
[486, 95, -96]
[485, 95, -96]
[484, 96, -115]
[481, 96, -115]
[479, 97, -115]
[472, 103, -52]
[464, 106, -137]
[494, 116, -84]
[490, 116, -109]
[466, 173, 19]
[452, 181, -168]
[483, 251, 49]
[468, 278, -177]
[539, 308, 14]
[540, 325, -160]
[550, 316, 8]
[554, 334, -178]
[555, 309, -6]
[557, 325, -178]
[551, 308, 5]
[553, 321, -159]
[467, 326, 57]
[449, 332, -57]
[488, 443, 109]
[485, 458, -20]
[462, 535, 196]
[456, 557, 63]
[454, 549, 202]
[443, 574, 69]
[494, 562, 170]
[497, 581, 20]
[494, 104, -97]
[486, 95, -88]
[485, 95, -88]
[484, 95, -88]
[483, 96, -108]
[481, 96, -108]
[478, 97, -108]
[472, 103, -41]
[463, 106, -127]
[493, 116, -76]
[489, 116, -101]
[463, 173, 33]
[451, 180, -162]
[481, 251, 65]
[466, 276, -176]
[539, 302, 25]
[543, 315, -159]
[551, 308, 20]
[557, 326, -178]
[558, 300, 4]
[561, 315, -176]
[553, 300, 16]
[556, 311, -158]
[466, 328, 58]
[450, 333, -58]
[488, 445, 110]
[483, 459, -21]
[462, 541, 196]
[457, 559, 61]
[453, 558, 202]
[444, 576, 67]
[495, 567, 170]
[497, 582, 19]
[493, 104, -92]
[485, 95, -84]
[485, 95, -84]
[484, 95, -84]
[482, 96, -104]
[480, 96, -104]
[477, 97, -104]
[471, 103, -38]
[463, 106, -126]
[492, 116, -72]
[488, 117, -98]
[463, 172, 33]
[451, 181, -159]
[478, 250, 67]
[466, 273, -166]
[538, 291, 30]
[540, 303, -138]
[550, 296, 24]
[557, 312, -154]
[559, 289, 9]
[561, 300, -153]
[553, 287, 21]
[556, 298, -136]
[468, 329, 56]
[450, 333, -57]
[489, 445, 107]
[480, 458, -20]
[464, 544, 187]
[457, 558, 63]
[454, 561, 192]
[444, 575, 69]
[496, 568, 157]
[496, 582, 19]
[493, 104, -94]
[484, 95, -86]
[484, 95, -86]
[483, 95, -86]
[481, 96, -106]
[479, 96, -106]
[476, 97, -106]
[470, 103, -39]
[462, 106, -126]
[491, 116, -74]
[487, 116, -99]
[461, 171, 31]
[451, 181, -156]
[476, 249, 67]
[466, 272, -157]
[536, 277, 32]
[547, 295, -123]
[549, 283, 26]
[563, 302, -137]
[556, 275, 12]
[566, 291, -136]
[551, 274, 23]
[561, 289, -121]
[468, 329, 54]
[450, 333, -54]
[489, 446, 101]
[478, 458, -15]
[464, 542, 180]
[455, 557, 68]
[453, 563, 185]
[443, 575, 75]
[496, 568, 150]
[494, 582, 25]
[492, 104, -96]
[484, 95, -88]
[483, 95, -88]
[482, 95, -88]
[481, 96, -108]
[478, 96, -108]
[475, 97, -108]
[469, 103, -41]
[461, 106, -129]
[490, 116, -76]
[486, 116, -101]
[461, 170, 28]
[449, 182, -159]
[476, 248, 67]
[466, 272, -161]
[536, 273, 33]
[547, 288, -132]
[548, 276, 27]
[565, 295, -149]
[555, 267, 11]
[568, 286, -147]
[550, 266, 24]
[562, 283, -130]
[471, 329, 53]
[450, 333, -53]
[489, 445, 103]
[477, 458, -15]
[463, 537, 196]
[455, 554, 78]
[452, 555, 203]
[443, 569, 86]
[494, 565, 169]
[492, 580, 36]
[491, 104, -94]
[483, 95, -86]
[482, 95, -86]
[481, 95, -86]
[480, 96, -107]
[478, 96, -107]
[475, 97, -107]
[469, 103, -41]
[461, 106, -131]
[490, 116, -74]
[486, 117, -101]
[462, 170, 27]
[447, 184, -161]
[476, 247, 70]
[466, 272, -164]
[536, 270, 38]
[548, 287, -139]
[549, 273, 33]
[566, 294, -156]
[558, 263, 17]
[569, 285, -154]
[550, 264, 29]
[563, 282, -137]
[474, 330, 53]
[449, 334, -53]
[490, 444, 103]
[477, 457, -14]
[464, 530, 194]
[454, 554, 78]
[453, 555, 201]
[443, 569, 85]
[494, 566, 166]
[491, 580, 33]
[491, 105, -87]
[483, 95, -80]
[482, 95, -80]
[481, 95, -80]
[480, 96, -101]
[478, 96, -101]
[475, 97, -101]
[469, 103, -35]
[461, 106, -129]
[489, 116, -68]
[485, 117, -95]
[462, 170, 33]
[447, 184, -161]
[477, 247, 77]
[465, 272, -168]
[537, 271, 42]
[548, 282, -146]
[550, 277, 36]
[565, 290, -164]
[558, 268, 20]
[569, 281, -162]
[556, 266, 32]
[563, 277, -144]
[476, 330, 53]
[449, 334, -53]
[490, 444, 109]
[477, 456, -14]
[464, 525, 199]
[454, 553, 76]
[453, 529, 206]
[442, 568, 83]
[494, 564, 172]
[492, 579, 31]
[491, 105, -84]
[483, 95, -77]
[482, 95, -77]
[481, 95, -77]
[480, 96, -98]
[478, 96, -98]
[475, 97, -98]
[469, 102, -32]
[461, 106, -125]
[489, 117, -65]
[486, 117, -92]
[462, 170, 35]
[448, 184, -158]
[475, 248, 72]
[465, 271, -159]
[531, 274, 35]
[548, 273, -127]
[547, 284, 30]
[565, 279, -143]
[554, 276, 14]
[569, 270, -143]
[547, 271, 26]
[562, 267, -126]
[476, 330, 53]
[449, 334, -53]
[491, 443, 102]
[477, 455, -24]
[465, 519, 197]
[453, 550, 74]
[454, 523, 204]
[441, 564, 82]
[493, 563, 171]
[490, 577, 34]
[491, 105, -75]
[483, 95, -67]
[482, 95, -67]
[481, 95, -67]
[480, 96, -87]
[478, 96, -87]
[475, 97, -87]
[469, 102, -22]
[461, 105, -113]
[489, 117, -55]
[486, 118, -82]
[463, 170, 44]
[448, 183, -148]
[472, 248, 74]
[465, 269, -143]
[515, 285, 34]
[548, 262, -99]
[527, 296, 24]
[566, 267, -113]
[530, 288, 11]
[568, 258, -113]
[525, 284, 25]
[561, 255, -97]
[476, 329, 54]
[450, 333, -54]
[491, 442, 97]
[477, 454, -28]
[465, 516, 198]
[454, 549, 74]
[452, 535, 205]
[442, 563, 83]
[491, 563, 172]
[490, 576, 33]
[491, 105, -70]
[483, 95, -62]
[482, 95, -62]
[481, 95, -62]
[480, 96, -83]
[478, 96, -83]
[475, 97, -83]
[469, 102, -18]
[461, 105, -109]
[489, 117, -51]
[486, 118, -77]
[464, 170, 48]
[448, 183, -142]
[472, 247, 82]
[464, 269, -134]
[519, 265, 34]
[545, 259, -88]
[531, 270, 25]
[565, 262, -102]
[535, 259, 11]
[563, 251, -102]
[530, 257, 25]
[554, 250, -87]
[477, 329, 54]
[450, 333, -54]
[491, 442, 98]
[477, 454, -26]
[464, 528, 198]
[454, 549, 76]
[452, 544, 205]
[442, 563, 85]
[491, 562, 172]
[490, 575, 35]
[491, 105, -68]
[483, 95, -61]
[482, 95, -61]
[481, 95, -61]
[480, 96, -81]
[478, 96, -81]
[475, 97, -81]
[469, 102, -17]
[461, 105, -108]
[489, 117, -49]
[486, 118, -76]
[464, 170, 48]
[448, 182, -141]
[471, 247, 81]
[463, 269, -132]
[520, 262, 32]
[544, 259, -85]
[532, 267, 24]
[564, 261, -97]
[537, 256, 10]
[560, 250, -98]
[532, 254, 23]
[551, 249, -83]
[477, 329, 54]
[451, 333, -54]
[491, 442, 100]
[477, 454, -21]
[464, 533, 197]
[454, 549, 74]
[452, 548, 204]
[442, 564, 82]
[492, 562, 171]
[491, 575, 32]
[491, 105, -64]
[483, 95, -57]
[482, 94, -57]
[481, 94, -57]
[480, 95, -77]
[478, 96, -77]
[475, 96, -77]
[469, 102, -15]
[462, 105, -103]
[489, 117, -46]
[486, 117, -71]
[465, 170, 50]
[448, 182, -136]
[471, 247, 80]
[463, 269, -125]
[520, 261, 32]
[542, 253, -74]
[532, 266, 22]
[562, 253, -86]
[537, 254, 9]
[555, 241, -86]
[532, 253, 22]
[547, 241, -72]
[477, 329, 54]
[453, 333, -54]
[491, 442, 107]
[477, 454, -16]
[464, 534, 198]
[454, 550, 75]
[453, 529, 204]
[442, 564, 83]
[492, 562, 171]
[490, 576, 34]
[491, 103, -65]
[483, 93, -58]
[483, 93, -58]
[482, 93, -58]
[480, 94, -77]
[478, 95, -77]
[475, 95, -77]
[470, 101, -16]
[462, 104, -102]
[490, 115, -46]
[486, 116, -71]
[466, 169, 49]
[449, 181, -134]
[470, 246, 78]
[462, 269, -122]
[517, 265, 23]
[539, 248, -67]
[528, 271, 12]
[558, 247, -77]
[532, 262, 0]
[550, 236, -77]
[527, 259, 14]
[541, 236, -64]
[478, 328, 54]
[454, 332, -53]
[491, 440, 107]
[477, 453, -15]
[464, 533, 199]
[455, 549, 76]
[455, 523, 205]
[444, 564, 83]
[492, 558, 172]
[491, 576, 35]
[492, 102, -64]
[484, 92, -57]
[483, 92, -57]
[483, 92, -57]
[481, 93, -77]
[478, 94, -77]
[476, 94, -77]
[471, 100, -14]
[463, 103, -101]
[490, 115, -46]
[486, 115, -71]
[467, 168, 49]
[449, 180, -133]
[467, 246, 79]
[462, 266, -129]
[511, 280, 30]
[538, 244, -82]
[522, 290, 21]
[557, 242, -94]
[526, 283, 8]
[549, 231, -93]
[520, 279, 22]
[540, 231, -80]
[479, 327, 53]
[455, 331, -53]
[491, 438, 105]
[477, 450, -15]
[464, 532, 200]
[456, 546, 79]
[456, 518, 207]
[444, 561, 88]
[493, 555, 174]
[491, 573, 39]
[493, 100, -68]
[485, 91, -60]
[485, 90, -60]
[484, 90, -60]
[482, 92, -80]
[480, 92, -80]
[477, 93, -80]
[472, 99, -17]
[464, 102, -105]
[491, 113, -49]
[487, 113, -74]
[468, 167, 47]
[449, 179, -138]
[468, 245, 79]
[462, 266, -134]
[510, 283, 34]
[537, 237, -91]
[521, 293, 27]
[555, 233, -105]
[525, 286, 12]
[547, 221, -103]
[520, 282, 25]
[539, 223, -89]
[479, 326, 53]
[455, 330, -53]
[491, 436, 109]
[477, 450, -14]
[466, 518, 210]
[456, 546, 84]
[457, 517, 218]
[445, 561, 92]
[493, 554, 184]
[492, 573, 42]
[494, 100, -70]
[486, 90, -62]
[486, 90, -63]
[485, 90, -63]
[483, 91, -82]
[480, 92, -82]
[478, 93, -82]
[473, 98, -19]
[464, 101, -107]
[492, 113, -51]
[488, 113, -76]
[472, 166, 46]
[448, 179, -138]
[468, 245, 78]
[462, 266, -133]
[512, 283, 33]
[536, 236, -88]
[523, 292, 25]
[554, 231, -101]
[527, 285, 11]
[546, 221, -98]
[522, 282, 24]
[539, 222, -86]
[481, 326, 53]
[455, 330, -53]
[491, 436, 108]
[477, 450, -14]
[467, 516, 208]
[457, 547, 84]
[457, 518, 215]
[446, 561, 92]
[493, 553, 181]
[493, 573, 41]
[494, 100, -70]
[487, 90, -63]
[487, 90, -63]
[486, 89, -63]
[483, 91, -83]
[481, 92, -83]
[478, 92, -83]
[474, 98, -20]
[464, 101, -106]
[493, 113, -52]
[488, 113, -78]
[475, 166, 45]
[448, 179, -133]
[474, 241, 30]
[462, 266, -111]
[522, 229, -85]
[536, 232, -41]
[533, 223, -104]
[552, 224, -46]
[538, 213, -110]
[543, 215, -47]
[531, 215, -93]
[537, 217, -38]
[481, 325, 53]
[455, 330, -53]
[491, 436, 108]
[478, 449, -10]
[467, 516, 203]
[458, 545, 82]
[457, 519, 209]
[446, 560, 90]
[493, 552, 179]
[493, 572, 42]
[495, 99, -79]
[489, 90, -70]
[488, 89, -70]
[488, 89, -70]
[485, 91, -89]
[482, 91, -89]
[479, 92, -89]
[476, 97, -19]
[465, 101, -103]
[494, 112, -57]
[490, 113, -81]
[481, 165, 46]
[447, 179, -127]
[497, 241, 2]
[461, 265, -103]
[534, 214, -150]
[532, 229, -26]
[541, 206, -173]
[546, 218, -29]
[539, 199, -173]
[537, 209, -30]
[533, 202, -157]
[532, 213, -23]
[483, 324, 49]
[455, 328, -49]
[492, 435, 91]
[478, 447, -10]
[468, 515, 182]
[458, 540, 84]
[457, 519, 188]
[446, 554, 93]
[493, 552, 154]
[493, 570, 47]
[497, 99, -80]
[490, 89, -71]
[490, 89, -71]
[490, 89, -71]
[486, 91, -90]
[483, 91, -90]
[480, 92, -90]
[477, 97, -20]
[467, 100, -103]
[496, 112, -58]
[492, 113, -82]
[485, 165, 46]
[447, 179, -126]
[499, 238, -3]
[461, 265, -103]
[539, 209, -158]
[530, 223, -26]
[544, 199, -181]
[544, 211, -28]
[540, 190, -180]
[534, 202, -30]
[535, 195, -164]
[530, 207, -23]
[484, 324, 48]
[455, 328, -48]
[493, 435, 90]
[478, 447, -12]
[468, 516, 179]
[458, 539, 84]
[457, 520, 186]
[446, 553, 92]
[493, 552, 151]
[493, 569, 46]
[498, 99, -82]
[491, 89, -73]
[491, 89, -73]
[490, 89, -73]
[487, 90, -91]
[484, 91, -91]
[481, 91, -91]
[478, 97, -20]
[467, 100, -100]
[497, 112, -59]
[492, 113, -82]
[490, 164, 46]
[446, 178, -121]
[512, 242, -13]
[461, 264, -98]
[538, 207, -173]
[528, 219, -22]
[543, 196, -196]
[542, 207, -24]
[540, 188, -192]
[533, 199, -26]
[541, 192, -178]
[529, 204, -19]
[486, 323, 45]
[454, 327, -45]
[493, 434, 82]
[478, 446, -12]
[469, 516, 167]
[458, 536, 85]
[458, 520, 173]
[447, 550, 94]
[493, 552, 137]
[492, 567, 48]
[498, 99, -83]
[492, 89, -73]
[492, 89, -73]
[491, 89, -73]
[487, 90, -91]
[484, 91, -91]
[481, 91, -91]
[479, 97, -16]
[468, 100, -93]
[498, 112, -60]
[493, 113, -82]
[492, 164, 51]
[446, 178, -115]
[518, 245, -10]
[461, 263, -93]
[539, 207, -175]
[528, 217, -14]
[543, 193, -198]
[540, 205, -15]
[539, 186, -193]
[532, 197, -18]
[543, 190, -179]
[529, 202, -11]
[486, 323, 45]
[454, 327, -45]
[494, 434, 74]
[478, 445, -19]
[469, 516, 158]
[457, 536, 84]
[458, 520, 163]
[447, 550, 93]
[493, 554, 126]
[491, 567, 46]
[500, 99, -84]
[493, 89, -74]
[493, 89, -74]
[493, 88, -74]
[489, 90, -92]
[486, 90, -92]
[483, 91, -92]
[480, 96, -15]
[469, 100, -93]
[499, 112, -60]
[494, 113, -82]
[496, 164, 52]
[446, 177, -115]
[525, 248, -16]
[463, 263, -93]
[539, 203, -190]
[528, 211, -11]
[542, 189, -214]
[538, 197, -11]
[539, 180, -206]
[529, 188, -15]
[542, 186, -193]
[527, 194, -8]
[488, 323, 45]
[454, 326, -45]
[495, 434, 71]
[477, 445, -21]
[471, 517, 149]
[456, 536, 85]
[459, 520, 155]
[446, 549, 94]
[493, 557, 116]
[489, 567, 48]
[500, 99, -69]
[494, 89, -58]
[494, 89, -58]
[494, 88, -58]
[489, 90, -76]
[486, 90, -76]
[483, 91, -76]
[481, 97, 0]
[469, 100, -77]
[500, 112, -45]
[495, 113, -67]
[495, 161, 61]
[446, 177, -101]
[525, 226, -7]
[465, 262, -80]
[538, 192, -166]
[527, 209, 8]
[542, 176, -188]
[536, 195, 9]
[539, 171, -179]
[528, 185, 5]
[539, 177, -168]
[526, 191, 10]
[488, 322, 44]
[454, 325, -44]
[497, 434, 63]
[477, 444, -24]
[471, 517, 141]
[456, 534, 84]
[460, 521, 146]
[446, 547, 93]
[494, 557, 107]
[488, 567, 46]
[501, 98, -52]
[494, 88, -42]
[494, 88, -42]
[494, 88, -42]
[489, 89, -60]
[486, 90, -60]
[483, 91, -60]
[481, 96, 13]
[469, 100, -63]
[501, 112, -30]
[495, 113, -52]
[497, 157, 70]
[446, 176, -90]
[526, 215, 0]
[466, 260, -70]
[537, 192, -151]
[527, 206, 20]
[542, 178, -173]
[533, 191, 22]
[539, 173, -164]
[525, 181, 19]
[537, 178, -153]
[524, 188, 23]
[490, 322, 42]
[454, 324, -42]
[497, 434, 50]
[477, 444, -26]
[472, 517, 129]
[456, 533, 84]
[460, 521, 135]
[446, 544, 93]
[494, 558, 93]
[486, 567, 46]
[502, 98, -45]
[495, 87, -36]
[494, 87, -36]
[494, 87, -36]
[490, 89, -56]
[488, 89, -56]
[484, 90, -56]
[482, 96, 16]
[470, 100, -67]
[502, 111, -24]
[496, 113, -48]
[496, 156, 72]
[447, 174, -97]
[527, 213, 5]
[470, 256, -74]
[535, 183, -136]
[527, 197, 27]
[536, 170, -157]
[532, 182, 30]
[534, 166, -151]
[523, 174, 25]
[528, 171, -139]
[523, 180, 30]
[490, 321, 43]
[454, 324, -43]
[498, 434, 44]
[477, 444, -28]
[473, 517, 115]
[456, 527, 95]
[461, 521, 120]
[446, 536, 107]
[494, 558, 83]
[485, 562, 71]
[503, 98, -43]
[495, 87, -34]
[495, 87, -34]
[495, 87, -34]
[491, 88, -53]
[488, 88, -53]
[485, 89, -53]
[482, 95, 19]
[471, 99, -64]
[503, 111, -21]
[497, 112, -46]
[496, 156, 75]
[447, 173, -95]
[527, 211, 6]
[472, 255, -74]
[533, 179, -131]
[527, 195, 30]
[528, 160, -151]
[531, 181, 34]
[520, 160, -150]
[522, 174, 29]
[524, 168, -134]
[522, 179, 33]
[491, 321, 43]
[454, 324, -43]
[498, 434, 38]
[477, 444, -32]
[473, 517, 104]
[456, 524, 97]
[462, 521, 109]
[446, 532, 109]
[494, 558, 72]
[484, 560, 75]
[503, 97, -38]
[495, 86, -29]
[495, 86, -29]
[495, 86, -29]
[491, 87, -49]
[488, 88, -49]
[485, 89, -49]
[482, 95, 23]
[471, 99, -61]
[502, 110, -17]
[497, 111, -41]
[496, 155, 76]
[447, 173, -94]
[527, 206, 7]
[475, 254, -74]
[531, 176, -130]
[526, 195, 29]
[529, 163, -149]
[529, 181, 33]
[524, 160, -141]
[521, 174, 27]
[523, 165, -132]
[520, 179, 32]
[491, 321, 42]
[454, 324, -42]
[499, 434, 36]
[477, 443, -31]
[473, 517, 105]
[455, 522, 95]
[462, 520, 110]
[446, 530, 107]
[494, 557, 73]
[482, 559, 71]
[501, 97, -47]
[494, 86, -37]
[494, 86, -37]
[494, 86, -37]
[489, 87, -55]
[485, 88, -55]
[482, 89, -55]
[482, 95, 18]
[468, 99, -57]
[502, 109, -25]
[495, 111, -47]
[498, 155, 73]
[447, 173, -90]
[527, 205, 0]
[475, 255, -76]
[527, 175, -139]
[524, 194, 26]
[526, 161, -161]
[528, 181, 29]
[523, 158, -149]
[520, 175, 25]
[519, 164, -141]
[519, 179, 29]
[492, 322, 42]
[455, 324, -42]
[499, 434, 40]
[477, 443, -31]
[473, 517, 120]
[455, 524, 88]
[462, 521, 125]
[445, 533, 99]
[494, 557, 87]
[483, 561, 56]
[501, 97, -47]
[494, 86, -37]
[494, 86, -37]
[494, 86, -37]
[489, 87, -54]
[485, 88, -54]
[481, 89, -54]
[482, 95, 20]
[467, 99, -55]
[502, 109, -24]
[495, 111, -46]
[500, 154, 72]
[447, 173, -88]
[526, 210, 2]
[475, 255, -75]
[528, 180, -140]
[523, 194, 21]
[527, 168, -162]
[528, 182, 23]
[523, 164, -152]
[521, 175, 20]
[521, 169, -143]
[519, 178, 24]
[493, 322, 42]
[455, 323, -42]
[499, 434, 32]
[477, 443, -34]
[473, 517, 113]
[455, 524, 88]
[462, 520, 118]
[445, 533, 99]
[494, 557, 80]
[482, 561, 56]
[501, 96, -49]
[494, 86, -39]
[494, 86, -39]
[494, 86, -39]
[488, 87, -57]
[485, 88, -57]
[481, 89, -57]
[483, 95, 16]
[467, 100, -60]
[502, 109, -26]
[495, 111, -49]
[499, 154, 71]
[447, 172, -91]
[524, 212, 3]
[474, 255, -78]
[527, 183, -140]
[521, 192, 16]
[528, 172, -162]
[527, 181, 17]
[524, 168, -154]
[519, 174, 14]
[521, 173, -143]
[518, 177, 19]
[494, 321, 42]
[457, 323, -42]
[499, 434, 40]
[478, 443, -33]
[473, 516, 116]
[455, 525, 84]
[462, 519, 126]
[446, 534, 95]
[494, 557, 87]
[483, 563, 51]
[481, 102, -40]
[474, 91, -30]
[475, 91, -30]
[475, 91, -30]
[469, 93, -46]
[466, 94, -46]
[463, 96, -46]
[462, 101, 26]
[448, 108, -42]
[482, 114, -17]
[477, 117, -38]
[481, 160, 73]
[434, 173, -70]
[504, 226, 3]
[451, 252, -67]
[503, 185, -131]
[494, 188, 16]
[507, 172, -151]
[500, 177, 16]
[506, 168, -142]
[495, 170, 15]
[499, 175, -133]
[493, 174, 18]
[487, 326, 40]
[454, 328, -40]
[490, 435, 31]
[474, 445, -48]
[456, 520, 123]
[442, 530, 59]
[445, 531, 129]
[431, 540, 68]
[477, 557, 90]
[467, 567, 22]
[477, 104, -52]
[470, 94, -42]
[470, 94, -42]
[470, 93, -42]
[465, 95, -59]
[462, 96, -59]
[459, 98, -59]
[458, 103, 14]
[445, 109, -55]
[478, 117, -29]
[473, 119, -50]
[475, 162, 63]
[429, 175, -74]
[498, 238, -4]
[443, 253, -79]
[504, 186, -144]
[492, 190, 0]
[506, 174, -165]
[499, 179, 0]
[502, 170, -156]
[492, 171, 0]
[498, 176, -146]
[491, 176, 2]
[484, 330, 40]
[452, 332, -40]
[486, 437, 47]
[471, 447, -44]
[452, 522, 144]
[434, 531, 68]
[445, 527, 151]
[420, 541, 78]
[475, 556, 116]
[458, 567, 34]
[478, 107, -53]
[471, 96, -43]
[471, 96, -43]
[471, 95, -43]
[467, 97, -59]
[463, 98, -59]
[460, 99, -59]
[460, 104, 14]
[445, 110, -58]
[478, 119, -30]
[473, 121, -50]
[475, 164, 64]
[427, 175, -82]
[492, 237, -6]
[441, 253, -77]
[506, 188, -150]
[492, 192, 0]
[507, 176, -171]
[499, 181, 1]
[504, 170, -162]
[493, 173, 3]
[501, 178, -152]
[491, 177, 4]
[483, 329, 41]
[451, 332, -41]
[484, 438, 51]
[470, 447, -44]
[452, 523, 146]
[432, 531, 72]
[443, 535, 153]
[419, 542, 82]
[476, 555, 117]
[451, 547, 40]
[477, 107, -49]
[471, 96, -40]
[471, 96, -40]
[471, 96, -40]
[466, 98, -57]
[463, 98, -57]
[459, 99, -57]
[460, 104, 15]
[445, 110, -59]
[478, 119, -27]
[472, 121, -48]
[474, 165, 67]
[427, 175, -86]
[490, 235, -5]
[439, 252, -78]
[506, 188, -143]
[492, 190, 8]
[507, 176, -163]
[500, 180, 11]
[506, 171, -153]
[494, 173, 11]
[500, 178, -145]
[492, 177, 12]
[483, 330, 43]
[450, 332, -43]
[484, 441, 62]
[469, 450, -40]
[454, 524, 157]
[429, 539, 56]
[440, 542, 164]
[415, 552, 64]
[476, 556, 129]
[454, 568, 18]
[476, 107, -41]
[469, 96, -31]
[470, 96, -31]
[470, 96, -31]
[464, 98, -47]
[461, 98, -47]
[457, 100, -48]
[460, 104, 26]
[444, 111, -44]
[477, 119, -18]
[471, 121, -39]
[476, 165, 77]
[426, 175, -73]
[493, 234, 1]
[439, 252, -67]
[507, 190, -135]
[494, 191, 20]
[509, 176, -156]
[501, 180, 22]
[508, 172, -146]
[494, 173, 22]
[501, 178, -137]
[493, 177, 24]
[483, 330, 43]
[449, 332, -43]
[484, 442, 43]
[468, 450, -43]
[455, 525, 135]
[429, 538, 65]
[441, 543, 142]
[415, 550, 74]
[476, 558, 105]
[453, 570, 29]
[474, 106, -40]
[468, 96, -30]
[468, 96, -30]
[469, 95, -30]
[462, 97, -46]
[459, 98, -46]
[455, 99, -46]
[459, 103, 27]
[442, 110, -43]
[476, 118, -17]
[470, 121, -37]
[477, 165, 80]
[425, 175, -75]
[499, 235, 5]
[441, 251, -66]
[508, 190, -131]
[496, 191, 24]
[510, 177, -152]
[503, 181, 26]
[509, 172, -143]
[497, 173, 25]
[503, 179, -134]
[495, 177, 28]
[482, 330, 43]
[446, 332, -43]
[484, 444, 36]
[468, 450, -45]
[455, 524, 130]
[429, 538, 66]
[441, 541, 137]
[416, 550, 76]
[475, 558, 99]
[455, 572, 31]
[473, 106, -42]
[466, 96, -32]
[467, 95, -32]
[467, 95, -32]
[461, 97, -49]
[457, 98, -49]
[453, 100, -49]
[459, 103, 26]
[440, 111, -42]
[475, 118, -19]
[469, 120, -40]
[477, 165, 81]
[425, 175, -73]
[500, 234, 5]
[438, 251, -67]
[509, 193, -137]
[497, 194, 20]
[511, 178, -159]
[505, 184, 22]
[510, 176, -152]
[498, 176, 20]
[504, 182, -140]
[496, 180, 24]
[481, 329, 43]
[445, 331, -43]
[484, 443, 21]
[467, 447, -45]
[455, 524, 103]
[431, 527, 89]
[441, 540, 109]
[418, 535, 102]
[474, 557, 67]
[448, 536, 63]
[472, 106, -44]
[466, 95, -34]
[467, 95, -34]
[467, 95, -34]
[460, 97, -50]
[457, 98, -50]
[453, 100, -50]
[459, 103, 24]
[440, 111, -45]
[475, 118, -21]
[468, 120, -41]
[478, 165, 80]
[425, 175, -75]
[500, 234, 5]
[438, 251, -67]
[509, 194, -137]
[497, 196, 19]
[512, 179, -159]
[505, 185, 21]
[510, 178, -151]
[499, 178, 20]
[504, 183, -140]
[497, 182, 23]
[481, 329, 43]
[444, 331, -43]
[483, 443, 27]
[467, 447, -45]
[455, 524, 113]
[431, 528, 85]
[441, 539, 119]
[418, 536, 96]
[474, 557, 79]
[447, 539, 55]
[473, 106, -36]
[466, 95, -26]
[467, 95, -26]
[467, 95, -26]
[461, 97, -43]
[458, 98, -43]
[454, 100, -43]
[458, 103, 27]
[440, 111, -44]
[475, 118, -14]
[469, 120, -35]
[476, 165, 83]
[425, 175, -76]
[495, 237, 14]
[439, 253, -64]
[510, 199, -124]
[499, 201, 25]
[511, 184, -144]
[507, 191, 27]
[509, 182, -137]
[502, 184, 27]
[505, 186, -127]
[499, 187, 29]
[479, 329, 45]
[444, 331, -44]
[483, 443, 52]
[467, 447, -46]
[455, 524, 144]
[430, 536, 52]
[440, 540, 151]
[417, 548, 59]
[474, 557, 116]
[450, 567, 15]
[473, 105, -34]
[467, 95, -25]
[467, 95, -25]
[467, 95, -25]
[461, 97, -42]
[458, 98, -42]
[454, 99, -42]
[458, 102, 27]
[440, 111, -46]
[475, 118, -13]
[468, 120, -35]
[473, 165, 83]
[424, 175, -77]
[492, 237, 18]
[441, 254, -63]
[509, 201, -118]
[501, 202, 28]
[512, 187, -137]
[510, 192, 30]
[510, 182, -130]
[504, 185, 30]
[505, 187, -121]
[500, 188, 32]
[478, 329, 45]
[444, 331, -45]
[482, 442, 55]
[467, 447, -44]
[455, 523, 149]
[430, 538, 61]
[439, 540, 156]
[417, 550, 70]
[473, 557, 123]
[451, 571, 27]
[473, 105, -25]
[466, 95, -16]
[467, 95, -16]
[467, 94, -16]
[461, 97, -35]
[458, 97, -35]
[455, 99, -35]
[456, 102, 33]
[440, 109, -45]
[474, 118, -5]
[468, 120, -28]
[468, 166, 92]
[424, 175, -78]
[491, 237, 33]
[449, 254, -60]
[509, 203, -104]
[505, 202, 35]
[512, 192, -124]
[513, 193, 37]
[510, 189, -118]
[506, 187, 35]
[505, 192, -108]
[503, 190, 39]
[475, 329, 47]
[444, 331, -47]
[480, 444, 73]
[466, 451, -33]
[452, 528, 155]
[432, 555, 42]
[436, 552, 160]
[418, 572, 47]
[472, 564, 122]
[462, 586, -5]
[473, 105, -30]
[466, 95, -20]
[466, 94, -21]
[466, 94, -21]
[461, 96, -39]
[458, 97, -39]
[455, 98, -39]
[455, 102, 30]
[440, 108, -47]
[474, 117, -9]
[468, 119, -32]
[469, 166, 88]
[423, 176, -83]
[497, 226, 27]
[453, 255, -61]
[509, 203, -109]
[506, 204, 33]
[511, 191, -128]
[515, 195, 35]
[510, 188, -122]
[508, 190, 33]
[500, 191, -112]
[505, 193, 36]
[475, 329, 47]
[443, 331, -47]
[479, 445, 72]
[466, 451, -31]
[451, 528, 157]
[432, 552, 46]
[436, 549, 162]
[418, 568, 52]
[471, 563, 125]
[462, 584, 2]
[472, 105, -32]
[465, 95, -22]
[465, 94, -22]
[465, 94, -22]
[461, 96, -39]
[458, 97, -39]
[454, 98, -39]
[454, 101, 28]
[440, 108, -53]
[473, 117, -10]
[468, 119, -33]
[468, 166, 86]
[423, 177, -88]
[499, 220, 23]
[454, 256, -65]
[508, 202, -112]
[507, 207, 31]
[509, 190, -132]
[515, 198, 33]
[508, 188, -125]
[508, 193, 30]
[498, 191, -115]
[505, 195, 34]
[475, 329, 47]
[443, 331, -47]
[479, 445, 75]
[465, 452, -25]
[451, 528, 162]
[435, 550, 52]
[436, 547, 169]
[419, 567, 59]
[470, 563, 132]
[463, 584, 9]
[471, 105, -42]
[465, 95, -32]
[465, 94, -32]
[465, 94, -32]
[460, 96, -50]
[457, 97, -50]
[453, 98, -50]
[453, 101, 22]
[438, 108, -59]
[472, 117, -20]
[466, 119, -43]
[469, 166, 80]
[423, 179, -90]
[516, 207, 10]
[453, 256, -69]
[506, 201, -127]
[504, 211, 30]
[504, 190, -148]
[512, 200, 30]
[499, 187, -137]
[505, 195, 27]
[495, 191, -128]
[502, 198, 33]
[474, 329, 48]
[443, 331, -48]
[478, 445, 83]
[465, 453, -23]
[451, 528, 174]
[437, 550, 54]
[435, 547, 180]
[419, 567, 60]
[469, 561, 144]
[463, 583, 7]
[470, 105, -51]
[463, 95, -41]
[464, 94, -41]
[463, 94, -41]
[459, 96, -59]
[455, 97, -59]
[451, 98, -59]
[452, 101, 13]
[436, 108, -65]
[471, 117, -29]
[465, 119, -51]
[468, 166, 72]
[421, 180, -92]
[519, 207, 6]
[450, 259, -69]
[507, 200, -132]
[503, 214, 29]
[505, 192, -152]
[511, 202, 30]
[500, 188, -141]
[503, 197, 26]
[497, 192, -133]
[500, 201, 32]
[473, 329, 48]
[443, 331, -47]
[477, 445, 84]
[465, 453, -24]
[451, 527, 176]
[438, 549, 52]
[435, 532, 183]
[419, 567, 58]
[469, 560, 147]
[463, 582, 5]
[469, 105, -54]
[463, 95, -44]
[463, 94, -44]
[463, 94, -44]
[458, 96, -63]
[455, 97, -63]
[451, 98, -63]
[451, 101, 9]
[436, 108, -69]
[470, 117, -32]
[464, 119, -55]
[466, 166, 68]
[421, 180, -96]
[518, 206, 3]
[448, 259, -74]
[507, 201, -138]
[503, 220, 22]
[505, 195, -159]
[511, 209, 22]
[499, 191, -150]
[503, 203, 19]
[496, 194, -140]
[500, 206, 25]
[472, 329, 47]
[442, 332, -47]
[477, 444, 88]
[465, 453, -24]
[451, 525, 180]
[438, 545, 54]
[435, 527, 187]
[419, 566, 60]
[468, 555, 154]
[463, 581, 9]
[468, 105, -45]
[462, 95, -37]
[462, 95, -37]
[462, 94, -37]
[458, 96, -57]
[454, 97, -57]
[451, 98, -57]
[450, 101, 12]
[436, 108, -66]
[469, 118, -26]
[464, 119, -50]
[458, 167, 70]
[421, 180, -95]
[501, 231, 20]
[447, 259, -73]
[508, 206, -117]
[504, 222, 22]
[512, 200, -136]
[516, 213, 22]
[509, 195, -132]
[508, 206, 20]
[503, 200, -121]
[504, 208, 25]
[470, 329, 48]
[442, 332, -48]
[476, 444, 90]
[465, 453, -23]
[451, 524, 172]
[439, 545, 49]
[434, 536, 178]
[421, 567, 55]
[468, 555, 145]
[464, 581, 9]
[468, 105, -44]
[461, 95, -37]
[461, 95, -37]
[461, 94, -37]
[457, 96, -56]
[454, 97, -56]
[450, 98, -56]
[448, 101, 13]
[436, 108, -69]
[468, 117, -25]
[463, 119, -49]
[452, 169, 71]
[423, 179, -101]
[498, 236, 21]
[447, 259, -76]
[508, 205, -115]
[506, 220, 22]
[511, 199, -134]
[517, 212, 23]
[508, 194, -129]
[510, 204, 20]
[505, 198, -119]
[505, 207, 25]
[467, 330, 50]
[443, 332, -50]
[475, 445, 94]
[465, 455, -20]
[449, 525, 170]
[439, 545, 50]
[433, 542, 176]
[422, 568, 57]
[467, 555, 144]
[465, 581, 15]
[468, 105, -44]
[461, 95, -37]
[461, 95, -37]
[460, 94, -37]
[457, 96, -56]
[454, 97, -56]
[450, 97, -56]
[447, 101, 12]
[436, 107, -73]
[468, 117, -25]
[463, 119, -49]
[448, 169, 72]
[424, 179, -106]
[495, 221, 25]
[450, 259, -81]
[508, 208, -108]
[510, 221, 19]
[517, 210, -127]
[520, 214, 20]
[513, 203, -125]
[512, 207, 16]
[508, 205, -113]
[508, 210, 22]
[464, 330, 51]
[444, 333, -51]
[474, 445, 96]
[465, 455, -19]
[449, 524, 170]
[440, 544, 51]
[431, 542, 175]
[423, 568, 58]
[466, 554, 145]
[467, 581, 15]
[467, 105, -42]
[460, 95, -36]
[459, 95, -36]
[459, 94, -36]
[456, 96, -56]
[453, 96, -56]
[450, 97, -56]
[446, 101, 11]
[435, 107, -73]
[467, 117, -24]
[462, 119, -48]
[444, 169, 72]
[426, 178, -107]
[482, 233, 34]
[449, 259, -83]
[508, 211, -84]
[510, 225, 18]
[517, 212, -101]
[522, 220, 19]
[515, 205, -101]
[514, 210, 17]
[510, 207, -90]
[509, 213, 21]
[462, 330, 52]
[444, 332, -52]
[473, 443, 104]
[465, 455, -20]
[445, 524, 180]
[440, 548, 44]
[431, 542, 185]
[423, 568, 50]
[462, 543, 158]
[467, 581, 8]
[467, 105, -37]
[459, 95, -30]
[459, 95, -30]
[458, 94, -30]
[456, 96, -50]
[453, 96, -50]
[450, 97, -50]
[445, 101, 11]
[436, 107, -71]
[466, 117, -19]
[462, 119, -44]
[441, 170, 72]
[428, 176, -107]
[476, 232, 42]
[448, 256, -82]
[507, 212, -62]
[509, 224, 27]
[515, 211, -76]
[521, 220, 31]
[515, 204, -77]
[513, 211, 28]
[510, 206, -67]
[509, 213, 30]
[460, 330, 53]
[444, 332, -53]
[473, 443, 100]
[465, 454, -19]
[443, 524, 177]
[439, 550, 47]
[430, 541, 184]
[423, 568, 52]
[458, 540, 151]
[467, 580, 9]
[467, 105, -37]
[459, 95, -30]
[458, 95, -30]
[458, 95, -30]
[456, 96, -50]
[453, 96, -50]
[450, 97, -50]
[445, 102, 12]
[436, 107, -72]
[466, 118, -19]
[462, 119, -44]
[440, 169, 73]
[429, 174, -109]
[473, 232, 44]
[448, 253, -83]
[505, 212, -58]
[508, 224, 27]
[514, 210, -72]
[521, 221, 30]
[514, 203, -74]
[513, 212, 27]
[510, 206, -64]
[508, 213, 30]
[458, 330, 53]
[444, 332, -53]
[472, 441, 104]
[465, 453, -20]
[441, 523, 176]
[441, 543, 41]
[429, 538, 182]
[423, 567, 46]
[456, 533, 156]
[467, 579, 6]
[467, 105, -37]
[458, 95, -32]
[458, 95, -32]
[457, 95, -32]
[455, 96, -52]
[453, 97, -52]
[450, 97, -52]
[444, 102, 8]
[436, 107, -79]
[465, 118, -20]
[461, 119, -46]
[438, 170, 71]
[431, 174, -115]
[466, 233, 57]
[451, 252, -88]
[506, 215, -29]
[510, 228, 16]
[515, 214, -42]
[523, 226, 18]
[518, 205, -47]
[517, 216, 15]
[512, 207, -36]
[511, 216, 19]
[456, 329, 54]
[445, 332, -54]
[472, 441, 105]
[465, 452, -20]
[442, 523, 174]
[442, 541, 37]
[427, 539, 180]
[423, 568, 42]
[457, 542, 154]
[467, 579, 3]
[466, 105, -38]
[458, 95, -32]
[457, 95, -32]
[457, 95, -32]
[455, 96, -52]
[453, 96, -52]
[450, 97, -52]
[443, 102, 9]
[436, 106, -78]
[465, 118, -20]
[461, 119, -46]
[439, 169, 71]
[431, 174, -115]
[467, 237, 67]
[452, 252, -89]
[510, 221, -15]
[511, 232, 8]
[521, 221, -28]
[526, 231, 7]
[527, 212, -36]
[519, 218, 4]
[520, 213, -23]
[514, 219, 10]
[457, 329, 55]
[445, 332, -55]
[472, 440, 102]
[465, 452, -21]
[443, 523, 172]
[442, 541, 41]
[427, 541, 176]
[423, 569, 46]
[458, 548, 152]
[467, 579, 5]
[466, 105, -39]
[458, 95, -33]
[457, 95, -33]
[456, 95, -33]
[455, 96, -53]
[452, 96, -53]
[450, 97, -53]
[443, 102, 7]
[436, 106, -81]
[465, 118, -22]
[461, 119, -48]
[440, 169, 71]
[431, 174, -116]
[459, 239, 83]
[452, 253, -102]
[515, 238, 15]
[516, 237, -35]
[525, 232, 2]
[533, 236, -42]
[535, 227, -9]
[527, 225, -43]
[528, 227, 6]
[521, 225, -33]
[457, 329, 55]
[445, 331, -55]
[471, 440, 101]
[465, 452, -22]
[443, 524, 172]
[441, 552, 42]
[427, 548, 176]
[423, 572, 48]
[458, 555, 150]
[468, 579, 5]
[466, 105, -46]
[457, 95, -39]
[456, 95, -39]
[456, 94, -39]
[454, 96, -59]
[452, 96, -59]
[449, 97, -59]
[443, 102, 2]
[435, 105, -85]
[465, 117, -28]
[461, 118, -54]
[441, 169, 67]
[430, 175, -120]
[458, 241, 86]
[448, 258, -110]
[515, 237, 22]
[519, 245, -55]
[531, 238, 10]
[537, 244, -65]
[538, 235, -3]
[530, 233, -65]
[532, 234, 12]
[525, 234, -53]
[458, 328, 55]
[445, 331, -55]
[472, 440, 100]
[465, 453, -25]
[444, 525, 171]
[440, 556, 43]
[427, 553, 175]
[423, 573, 49]
[461, 560, 145]
[468, 579, 6]
[466, 105, -48]
[457, 95, -40]
[456, 94, -40]
[455, 94, -40]
[454, 95, -60]
[452, 96, -60]
[449, 97, -60]
[443, 102, 2]
[435, 105, -86]
[464, 117, -29]
[461, 118, -55]
[442, 169, 66]
[430, 175, -121]
[457, 242, 87]
[446, 260, -113]
[518, 245, 24]
[520, 247, -59]
[533, 239, 13]
[538, 246, -69]
[539, 238, 0]
[531, 235, -69]
[533, 237, 15]
[526, 236, -57]
[459, 328, 55]
[445, 331, -55]
[472, 440, 99]
[465, 453, -26]
[444, 526, 171]
[440, 555, 44]
[427, 555, 175]
[423, 573, 49]
[463, 561, 144]
[468, 579, 6]
[465, 104, -59]
[456, 94, -51]
[456, 94, -51]
[455, 94, -51]
[454, 95, -72]
[451, 96, -72]
[449, 96, -72]
[443, 102, -8]
[435, 105, -97]
[464, 117, -40]
[461, 118, -66]
[442, 168, 56]
[429, 176, -129]
[457, 242, 81]
[443, 262, -118]
[517, 246, 20]
[520, 249, -63]
[530, 242, 10]
[536, 248, -73]
[536, 237, -3]
[529, 236, -73]
[530, 237, 11]
[524, 236, -61]
[459, 328, 55]
[445, 331, -55]
[472, 441, 104]
[465, 453, -21]
[442, 534, 180]
[440, 556, 55]
[427, 554, 184]
[424, 573, 61]
[463, 560, 153]
[469, 579, 15]
[465, 104, -62]
[456, 94, -54]
[456, 94, -55]
[455, 94, -55]
[454, 95, -74]
[451, 96, -74]
[449, 96, -74]
[443, 102, -11]
[435, 105, -100]
[464, 117, -43]
[461, 118, -69]
[442, 168, 54]
[430, 176, -132]
[453, 244, 81]
[443, 263, -128]
[516, 255, 28]
[519, 249, -82]
[530, 257, 19]
[538, 248, -93]
[535, 248, 4]
[530, 236, -93]
[529, 247, 18]
[524, 236, -80]
[459, 328, 55]
[445, 331, -55]
[472, 441, 108]
[465, 453, -20]
[443, 532, 184]
[439, 557, 56]
[427, 554, 189]
[424, 574, 62]
[464, 560, 159]
[469, 580, 16]
[465, 104, -61]
[456, 94, -54]
[456, 94, -54]
[455, 94, -54]
[454, 95, -74]
[451, 96, -74]
[449, 96, -74]
[443, 102, -10]
[435, 105, -100]
[464, 117, -43]
[461, 118, -68]
[438, 168, 55]
[432, 175, -135]
[448, 247, 75]
[449, 261, -131]
[492, 286, 19]
[528, 250, -78]
[506, 296, 10]
[547, 252, -88]
[510, 289, -2]
[542, 243, -88]
[504, 285, 10]
[536, 241, -75]
[456, 328, 56]
[446, 331, -56]
[471, 439, 115]
[465, 453, -19]
[437, 532, 194]
[441, 553, 57]
[424, 554, 199]
[423, 575, 62]
[459, 546, 172]
[470, 579, 16]
[465, 105, -66]
[457, 95, -58]
[456, 94, -58]
[455, 94, -59]
[454, 95, -79]
[451, 96, -79]
[449, 97, -79]
[443, 102, -13]
[435, 105, -103]
[464, 117, -47]
[461, 118, -72]
[439, 168, 53]
[432, 175, -137]
[450, 246, 73]
[448, 261, -129]
[496, 283, 12]
[528, 256, -74]
[509, 292, 2]
[544, 258, -84]
[512, 285, -10]
[544, 245, -85]
[507, 281, 3]
[535, 244, -72]
[456, 328, 56]
[446, 332, -56]
[471, 439, 114]
[465, 453, -18]
[440, 529, 194]
[442, 550, 60]
[424, 554, 200]
[424, 575, 66]
[459, 543, 170]
[470, 579, 18]
[465, 105, -68]
[457, 95, -60]
[456, 95, -60]
[455, 94, -60]
[454, 96, -80]
[451, 96, -80]
[449, 97, -80]
[443, 102, -15]
[435, 105, -104]
[464, 117, -48]
[460, 118, -74]
[439, 168, 50]
[432, 175, -137]
[450, 245, 72]
[447, 261, -129]
[496, 281, 11]
[527, 257, -76]
[509, 290, 1]
[542, 258, -86]
[513, 282, -11]
[543, 245, -87]
[507, 279, 2]
[532, 246, -74]
[456, 327, 56]
[447, 332, -56]
[471, 438, 116]
[465, 452, -15]
[442, 523, 199]
[442, 542, 65]
[424, 549, 204]
[424, 574, 72]
[457, 536, 176]
[470, 578, 25]
[465, 105, -64]
[457, 95, -57]
[456, 95, -57]
[455, 94, -57]
[454, 96, -77]
[451, 96, -77]
[449, 97, -77]
[443, 102, -12]
[435, 105, -102]
[464, 117, -45]
[460, 118, -71]
[439, 168, 52]
[432, 174, -135]
[448, 245, 71]
[444, 262, -126]
[492, 281, 9]
[519, 260, -69]
[504, 291, -1]
[542, 261, -78]
[507, 283, -14]
[542, 251, -78]
[502, 280, 0]
[530, 250, -66]
[456, 327, 56]
[447, 332, -56]
[471, 439, 115]
[465, 452, -15]
[443, 522, 195]
[444, 543, 63]
[424, 548, 200]
[424, 574, 69]
[457, 538, 172]
[471, 577, 22]
[465, 105, -59]
[457, 95, -52]
[456, 95, -52]
[455, 94, -52]
[454, 96, -73]
[452, 96, -73]
[449, 97, -73]
[443, 102, -11]
[435, 105, -100]
[464, 117, -40]
[460, 118, -67]
[438, 168, 53]
[432, 174, -133]
[445, 245, 76]
[441, 262, -124]
[486, 280, 18]
[510, 265, -63]
[499, 289, 8]
[531, 268, -72]
[503, 282, -4]
[530, 257, -73]
[497, 279, 9]
[521, 256, -61]
[455, 327, 56]
[448, 332, -56]
[470, 439, 114]
[466, 452, -16]
[443, 522, 193]
[445, 543, 61]
[423, 549, 198]
[425, 574, 67]
[457, 548, 169]
[472, 577, 21]
[465, 105, -57]
[457, 95, -50]
[456, 95, -50]
[455, 94, -50]
[454, 96, -71]
[452, 96, -71]
[449, 97, -71]
[443, 102, -8]
[435, 105, -99]
[464, 117, -38]
[460, 118, -66]
[438, 168, 59]
[431, 173, -132]
[445, 245, 80]
[440, 261, -122]
[486, 279, 19]
[508, 268, -61]
[500, 289, 8]
[528, 273, -70]
[503, 282, -4]
[526, 261, -71]
[497, 278, 10]
[519, 260, -59]
[456, 327, 57]
[448, 332, -57]
[470, 439, 113]
[466, 453, -21]
[443, 523, 183]
[445, 543, 50]
[423, 552, 188]
[425, 576, 56]
[460, 555, 158]
[473, 578, 11]
[465, 105, -58]
[457, 95, -51]
[456, 95, -51]
[455, 94, -51]
[454, 96, -71]
[452, 96, -71]
[449, 97, -72]
[443, 101, -8]
[435, 105, -98]
[464, 117, -39]
[460, 118, -66]
[438, 168, 58]
[431, 173, -133]
[445, 244, 79]
[439, 261, -129]
[488, 279, 20]
[507, 272, -80]
[502, 288, 11]
[527, 278, -90]
[505, 281, -1]
[526, 268, -90]
[499, 278, 11]
[519, 266, -77]
[456, 327, 57]
[448, 331, -57]
[470, 439, 113]
[467, 453, -22]
[443, 521, 185]
[445, 544, 50]
[422, 551, 189]
[425, 576, 56]
[459, 545, 163]
[473, 578, 11]
[465, 105, -58]
[457, 95, -51]
[456, 95, -51]
[456, 94, -51]
[454, 95, -71]
[452, 96, -71]
[449, 97, -71]
[443, 101, -8]
[435, 105, -98]
[464, 117, -40]
[460, 118, -66]
[438, 168, 58]
[431, 173, -133]
[445, 244, 78]
[439, 261, -130]
[488, 278, 20]
[507, 273, -78]
[501, 288, 11]
[527, 279, -88]
[505, 281, -1]
[527, 269, -87]
[499, 278, 11]
[519, 267, -75]
[455, 327, 57]
[448, 331, -57]
[469, 439, 114]
[467, 453, -22]
[437, 527, 186]
[443, 553, 50]
[422, 550, 191]
[425, 576, 56]
[458, 542, 165]
[473, 577, 12]
[465, 105, -68]
[457, 95, -61]
[456, 95, -61]
[456, 94, -61]
[454, 95, -81]
[452, 96, -81]
[449, 97, -81]
[443, 101, -16]
[435, 105, -108]
[464, 117, -49]
[460, 118, -75]
[438, 168, 53]
[431, 173, -143]
[445, 245, 77]
[439, 261, -146]
[496, 278, 19]
[510, 277, -109]
[511, 286, 11]
[529, 281, -122]
[517, 279, -2]
[530, 272, -122]
[510, 277, 10]
[524, 271, -107]
[455, 327, 58]
[448, 331, -58]
[469, 439, 117]
[467, 453, -24]
[440, 526, 191]
[441, 557, 51]
[422, 550, 196]
[425, 576, 57]
[458, 541, 171]
[473, 578, 14]
[465, 105, -74]
[457, 95, -67]
[456, 95, -67]
[456, 94, -67]
[454, 95, -88]
[452, 96, -88]
[449, 96, -88]
[443, 101, -21]
[435, 105, -115]
[464, 117, -54]
[460, 118, -81]
[439, 168, 49]
[431, 173, -151]
[447, 246, 76]
[441, 261, -156]
[502, 283, 17]
[514, 281, -122]
[517, 291, 9]
[530, 286, -136]
[523, 284, -4]
[533, 277, -136]
[516, 281, 8]
[527, 275, -120]
[458, 327, 59]
[447, 331, -59]
[470, 439, 117]
[467, 454, -29]
[444, 526, 194]
[440, 557, 53]
[423, 550, 199]
[425, 576, 60]
[459, 541, 173]
[473, 578, 16]
[465, 105, -86]
[457, 95, -78]
[456, 94, -78]
[456, 94, -78]
[454, 95, -99]
[452, 96, -99]
[449, 96, -99]
[443, 101, -30]
[435, 105, -125]
[464, 117, -65]
[460, 118, -93]
[442, 168, 42]
[430, 174, -161]
[452, 246, 74]
[441, 261, -173]
[518, 286, 18]
[514, 284, -156]
[534, 294, 11]
[529, 291, -173]
[536, 282, -4]
[533, 281, -174]
[528, 279, 8]
[527, 279, -155]
[462, 328, 59]
[446, 331, -59]
[471, 438, 112]
[467, 453, -38]
[446, 521, 194]
[440, 557, 53]
[427, 550, 199]
[425, 574, 60]
[466, 552, 172]
[474, 578, 15]
[465, 105, -91]
[457, 95, -84]
[456, 94, -84]
[456, 94, -84]
[454, 95, -105]
[452, 96, -105]
[449, 96, -105]
[443, 101, -36]
[435, 105, -132]
[464, 117, -71]
[460, 118, -98]
[444, 168, 38]
[429, 174, -168]
[454, 246, 72]
[441, 262, -187]
[518, 285, 19]
[514, 290, -180]
[541, 299, 13]
[529, 299, -199]
[541, 283, -3]
[533, 290, -199]
[536, 280, 9]
[527, 287, -178]
[463, 328, 60]
[445, 331, -60]
[472, 438, 114]
[467, 453, -36]
[447, 521, 194]
[439, 556, 53]
[429, 550, 199]
[425, 573, 60]
[472, 556, 171]
[476, 578, 14]
[466, 105, -91]
[457, 95, -84]
[456, 94, -84]
[456, 94, -84]
[454, 95, -105]
[452, 96, -105]
[449, 96, -105]
[443, 101, -36]
[435, 105, -133]
[464, 117, -71]
[461, 118, -99]
[445, 168, 38]
[428, 175, -169]
[456, 247, 72]
[441, 262, -189]
[519, 284, 21]
[514, 291, -183]
[543, 301, 16]
[529, 300, -203]
[542, 285, -2]
[533, 291, -203]
[538, 281, 11]
[527, 287, -182]
[464, 328, 61]
[444, 331, -61]
[473, 438, 114]
[466, 453, -37]
[448, 522, 193]
[439, 556, 52]
[430, 550, 198]
[424, 573, 60]
[474, 558, 170]
[476, 579, 11]
[466, 105, -88]
[457, 95, -80]
[457, 94, -80]
[456, 94, -80]
[454, 95, -102]
[452, 96, -102]
[449, 96, -102]
[443, 101, -32]
[435, 104, -128]
[465, 117, -67]
[461, 118, -95]
[447, 168, 41]
[427, 175, -166]
[458, 247, 72]
[440, 262, -185]
[523, 294, 22]
[513, 295, -177]
[542, 306, 16]
[527, 305, -197]
[543, 287, -1]
[532, 296, -196]
[535, 287, 11]
[527, 293, -176]
[465, 328, 61]
[444, 331, -61]
[473, 438, 114]
[466, 454, -39]
[448, 522, 191]
[439, 557, 50]
[431, 550, 196]
[424, 573, 57]
[474, 560, 167]
[477, 580, 9]
[466, 105, -84]
[457, 94, -77]
[457, 94, -77]
[456, 94, -77]
[455, 95, -98]
[452, 96, -98]
[449, 96, -98]
[443, 101, -30]
[435, 104, -128]
[465, 117, -64]
[461, 118, -92]
[447, 168, 43]
[427, 175, -169]
[458, 247, 79]
[440, 263, -191]
[523, 297, 31]
[513, 298, -185]
[540, 307, 27]
[527, 310, -205]
[542, 290, 9]
[532, 302, -204]
[534, 290, 21]
[527, 298, -183]
[464, 329, 62]
[444, 332, -62]
[473, 438, 116]
[466, 455, -40]
[448, 523, 192]
[439, 558, 50]
[431, 551, 197]
[424, 574, 57]
[475, 562, 170]
[479, 582, 9]
[467, 104, -86]
[458, 94, -78]
[457, 94, -78]
[457, 94, -78]
[455, 95, -100]
[453, 95, -100]
[450, 96, -100]
[444, 101, -31]
[436, 104, -129]
[465, 117, -65]
[461, 118, -94]
[448, 168, 44]
[427, 176, -170]
[459, 247, 78]
[440, 263, -190]
[521, 296, 29]
[513, 302, -178]
[540, 311, 24]
[527, 314, -198]
[543, 304, 6]
[532, 307, -197]
[535, 301, 18]
[527, 303, -177]
[464, 330, 63]
[444, 333, -63]
[473, 438, 118]
[465, 455, -38]
[448, 523, 196]
[439, 559, 55]
[432, 552, 201]
[425, 575, 62]
[475, 562, 174]
[479, 582, 15]
[467, 104, -95]
[459, 94, -87]
[458, 94, -87]
[458, 93, -87]
[456, 95, -109]
[453, 95, -109]
[451, 96, -109]
[444, 101, -41]
[436, 104, -139]
[466, 117, -74]
[462, 118, -103]
[451, 167, 34]
[427, 177, -176]
[460, 247, 68]
[441, 263, -195]
[521, 296, 26]
[513, 306, -186]
[538, 312, 22]
[526, 319, -206]
[542, 300, 5]
[531, 311, -204]
[535, 297, 17]
[526, 306, -185]
[464, 327, 62]
[443, 332, -62]
[474, 430, 122]
[465, 455, -37]
[449, 523, 205]
[439, 559, 54]
[435, 543, 211]
[426, 574, 62]
[477, 556, 186]
[481, 581, 13]
[468, 104, -96]
[459, 94, -89]
[459, 93, -89]
[458, 93, -89]
[456, 94, -111]
[454, 95, -111]
[451, 95, -111]
[445, 100, -42]
[437, 103, -140]
[466, 117, -76]
[462, 118, -104]
[452, 167, 34]
[427, 177, -178]
[460, 247, 67]
[442, 263, -197]
[520, 296, 26]
[513, 307, -190]
[538, 313, 20]
[526, 319, -209]
[542, 298, 4]
[531, 311, -208]
[534, 296, 16]
[526, 307, -188]
[465, 326, 62]
[442, 332, -62]
[475, 427, 122]
[465, 454, -37]
[449, 523, 205]
[440, 558, 54]
[435, 541, 211]
[426, 573, 62]
[477, 554, 185]
[482, 580, 12]
[468, 104, -107]
[460, 94, -100]
[459, 93, -100]
[458, 93, -100]
[457, 94, -122]
[454, 95, -122]
[451, 95, -122]
[445, 100, -54]
[437, 103, -151]
[467, 117, -87]
[463, 118, -115]
[453, 167, 21]
[428, 178, -186]
[462, 248, 54]
[444, 265, -201]
[520, 299, 14]
[513, 313, -189]
[537, 311, 9]
[526, 326, -208]
[542, 300, -7]
[531, 318, -207]
[535, 299, 4]
[526, 313, -187]
[465, 326, 62]
[442, 332, -62]
[475, 428, 121]
[466, 454, -29]
[450, 517, 204]
[440, 546, 62]
[438, 541, 210]
[426, 573, 69]
[480, 554, 184]
[482, 580, 18]
[469, 104, -113]
[460, 94, -106]
[460, 93, -106]
[459, 93, -106]
[458, 94, -127]
[455, 95, -127]
[452, 95, -127]
[446, 100, -60]
[438, 103, -157]
[468, 117, -93]
[464, 117, -121]
[454, 167, 13]
[429, 179, -192]
[465, 248, 45]
[448, 266, -211]
[520, 300, 2]
[514, 315, -204]
[535, 310, -2]
[526, 328, -224]
[542, 301, -18]
[531, 320, -223]
[534, 300, -6]
[526, 315, -203]
[465, 323, 61]
[442, 331, -61]
[505, 407, 128]
[466, 454, -19]
[463, 491, 224]
[441, 541, 62]
[447, 500, 232]
[429, 573, 68]
[488, 521, 209]
[487, 580, 13]
[469, 103, -115]
[461, 93, -108]
[461, 93, -108]
[460, 93, -108]
[459, 94, -129]
[456, 95, -129]
[453, 95, -129]
[447, 100, -63]
[439, 103, -155]
[469, 116, -95]
[465, 117, -122]
[455, 167, 12]
[430, 179, -191]
[467, 250, 42]
[452, 267, -209]
[520, 304, 2]
[515, 320, -201]
[534, 314, -2]
[526, 332, -221]
[541, 305, -18]
[530, 325, -220]
[534, 304, -7]
[527, 320, -200]
[465, 323, 61]
[442, 331, -61]
[497, 414, 132]
[465, 454, -19]
[462, 492, 232]
[441, 541, 62]
[449, 500, 239]
[429, 573, 68]
[486, 520, 219]
[489, 580, 14]
[470, 103, -123]
[463, 93, -116]
[462, 93, -116]
[462, 93, -116]
[459, 94, -136]
[457, 95, -136]
[454, 95, -136]
[449, 100, -71]
[440, 103, -161]
[470, 116, -103]
[466, 117, -129]
[457, 167, 6]
[431, 179, -197]
[470, 250, 37]
[455, 268, -217]
[519, 306, -1]
[515, 324, -212]
[533, 316, -5]
[525, 337, -233]
[541, 311, -22]
[530, 332, -233]
[533, 308, -11]
[527, 327, -212]
[465, 321, 60]
[442, 330, -60]
[505, 407, 134]
[465, 453, -21]
[466, 487, 234]
[441, 540, 44]
[453, 497, 242]
[430, 574, 48]
[491, 516, 221]
[490, 580, -10]
[471, 103, -119]
[463, 93, -112]
[463, 93, -112]
[462, 93, -112]
[460, 94, -133]
[457, 95, -133]
[454, 95, -133]
[449, 100, -68]
[440, 103, -158]
[470, 116, -100]
[466, 117, -126]
[457, 167, 9]
[432, 179, -195]
[471, 251, 37]
[456, 268, -214]
[519, 308, -1]
[516, 326, -209]
[532, 318, -5]
[525, 339, -230]
[539, 314, -21]
[530, 334, -229]
[533, 311, -10]
[527, 329, -208]
[465, 321, 60]
[442, 330, -60]
[511, 400, 133]
[465, 453, -18]
[470, 477, 236]
[442, 541, 56]
[456, 487, 244]
[429, 574, 61]
[495, 505, 225]
[490, 581, -1]
[472, 103, -126]
[464, 93, -120]
[463, 93, -120]
[463, 93, -120]
[460, 94, -139]
[458, 95, -139]
[455, 95, -139]
[450, 100, -75]
[441, 103, -163]
[471, 116, -107]
[467, 117, -132]
[457, 167, 1]
[432, 179, -199]
[473, 252, 29]
[457, 268, -220]
[520, 310, -9]
[515, 326, -215]
[532, 322, -13]
[525, 341, -236]
[538, 318, -29]
[530, 337, -236]
[533, 314, -18]
[527, 331, -215]
[465, 319, 60]
[442, 328, -60]
[518, 389, 144]
[465, 451, -13]
[476, 462, 254]
[442, 540, 66]
[462, 472, 264]
[428, 574, 72]
[501, 489, 248]
[490, 581, 14]
[473, 103, -127]
[465, 93, -120]
[465, 93, -120]
[464, 93, -120]
[462, 94, -140]
[459, 94, -140]
[456, 95, -140]
[451, 100, -75]
[443, 103, -164]
[472, 116, -107]
[468, 117, -133]
[458, 167, 0]
[433, 179, -200]
[474, 252, 29]
[458, 268, -221]
[520, 311, -8]
[515, 328, -215]
[531, 324, -13]
[524, 344, -236]
[537, 320, -29]
[529, 339, -236]
[533, 317, -18]
[526, 333, -215]
[465, 319, 60]
[442, 328, -60]
[515, 391, 145]
[465, 450, -13]
[473, 465, 253]
[442, 539, 66]
[459, 475, 262]
[427, 574, 71]
[497, 492, 246]
[489, 580, 15]
[474, 102, -130]
[466, 93, -123]
[466, 93, -123]
[466, 92, -123]
[463, 94, -143]
[460, 94, -143]
[458, 95, -143]
[453, 99, -77]
[444, 103, -166]
[473, 116, -110]
[469, 117, -136]
[459, 167, 0]
[434, 178, -203]
[475, 252, 27]
[458, 268, -224]
[521, 314, -10]
[515, 333, -220]
[531, 328, -14]
[524, 349, -241]
[536, 323, -30]
[529, 344, -241]
[532, 320, -19]
[526, 338, -220]
[464, 319, 60]
[442, 328, -60]
[519, 395, 140]
[465, 450, -14]
[471, 470, 243]
[442, 539, 68]
[457, 479, 252]
[427, 574, 74]
[492, 499, 234]
[489, 581, 18]
[475, 102, -130]
[467, 93, -123]
[467, 93, -123]
[467, 92, -123]
[464, 94, -142]
[461, 94, -142]
[458, 95, -142]
[454, 99, -76]
[444, 103, -163]
[474, 116, -110]
[470, 117, -135]
[460, 167, 0]
[435, 178, -200]
[478, 252, 29]
[459, 268, -222]
[520, 313, -10]
[514, 333, -220]
[530, 327, -14]
[523, 351, -241]
[534, 323, -30]
[528, 347, -242]
[531, 320, -19]
[525, 339, -220]
[463, 319, 60]
[442, 327, -60]
[521, 397, 135]
[465, 449, -14]
[469, 472, 240]
[442, 537, 59]
[453, 480, 247]
[426, 571, 64]
[485, 503, 228]
[489, 579, 6]
[475, 102, -132]
[468, 93, -125]
[467, 93, -125]
[467, 92, -125]
[464, 94, -144]
[461, 94, -144]
[458, 95, -144]
[454, 99, -78]
[444, 103, -164]
[474, 115, -112]
[470, 117, -137]
[462, 167, 0]
[435, 178, -202]
[479, 252, 26]
[459, 268, -225]
[520, 312, -16]
[513, 333, -227]
[530, 327, -21]
[522, 351, -249]
[533, 323, -37]
[527, 347, -250]
[530, 320, -25]
[523, 340, -227]
[463, 319, 59]
[442, 327, -59]
[525, 394, 135]
[465, 449, -15]
[471, 465, 241]
[441, 536, 59]
[455, 472, 250]
[425, 571, 64]
[486, 496, 232]
[488, 579, 5]
[475, 102, -129]
[468, 92, -122]
[467, 92, -122]
[467, 92, -122]
[464, 93, -142]
[462, 94, -142]
[459, 95, -142]
[454, 99, -77]
[445, 103, -165]
[475, 115, -110]
[471, 116, -135]
[461, 167, 0]
[437, 178, -203]
[478, 253, 24]
[461, 269, -228]
[519, 315, -18]
[512, 337, -228]
[527, 329, -24]
[521, 356, -251]
[531, 327, -39]
[526, 351, -251]
[527, 323, -27]
[522, 344, -228]
[461, 319, 59]
[442, 328, -59]
[520, 386, 134]
[465, 449, -15]
[470, 468, 239]
[439, 550, 61]
[454, 476, 247]
[424, 572, 66]
[476, 494, 228]
[485, 579, 6]
[477, 101, -132]
[469, 92, -125]
[468, 91, -125]
[467, 91, -125]
[466, 93, -145]
[463, 93, -145]
[460, 94, -146]
[454, 99, -80]
[446, 103, -172]
[477, 114, -112]
[473, 115, -139]
[463, 168, -6]
[438, 178, -208]
[480, 254, 17]
[463, 270, -230]
[519, 318, -23]
[511, 339, -226]
[527, 332, -28]
[520, 359, -248]
[530, 330, -44]
[525, 355, -249]
[526, 327, -32]
[522, 347, -227]
[461, 319, 59]
[442, 328, -59]
[518, 384, 132]
[464, 448, -15]
[469, 471, 238]
[439, 551, 63]
[454, 479, 246]
[424, 571, 68]
[477, 497, 227]
[483, 578, 7]
[478, 100, -138]
[469, 90, -131]
[469, 90, -131]
[468, 90, -131]
[467, 91, -152]
[464, 92, -152]
[461, 92, -152]
[455, 98, -86]
[447, 102, -180]
[478, 113, -118]
[474, 114, -145]
[464, 168, -10]
[439, 178, -215]
[479, 255, 14]
[464, 270, -236]
[515, 323, -25]
[511, 342, -230]
[523, 338, -32]
[519, 364, -251]
[526, 337, -46]
[524, 361, -253]
[521, 333, -34]
[521, 352, -231]
[461, 319, 59]
[443, 328, -59]
[503, 392, 134]
[464, 448, -26]
[463, 486, 243]
[439, 553, 37]
[449, 496, 252]
[424, 572, 41]
[478, 516, 229]
[484, 578, -20]
[479, 100, -140]
[470, 90, -133]
[470, 89, -133]
[469, 89, -133]
[467, 90, -154]
[464, 91, -154]
[462, 92, -154]
[456, 98, -86]
[447, 102, -179]
[479, 112, -119]
[475, 114, -146]
[464, 168, -7]
[439, 178, -215]
[479, 257, 17]
[466, 271, -236]
[512, 327, -21]
[510, 348, -229]
[520, 345, -27]
[516, 370, -250]
[523, 344, -42]
[522, 368, -252]
[519, 339, -30]
[519, 359, -229]
[461, 319, 60]
[444, 328, -60]
[489, 411, 134]
[464, 449, -41]
[455, 510, 241]
[439, 552, 17]
[443, 523, 250]
[423, 570, 20]
[477, 539, 221]
[479, 576, -39]
[479, 99, -139]
[471, 89, -132]
[470, 89, -132]
[470, 89, -132]
[468, 90, -153]
[465, 91, -153]
[462, 91, -153]
[457, 97, -85]
[448, 101, -179]
[479, 112, -119]
[475, 113, -146]
[464, 169, -5]
[442, 177, -216]
[479, 257, 20]
[467, 272, -239]
[510, 328, -19]
[510, 349, -232]
[518, 346, -24]
[516, 371, -253]
[521, 344, -40]
[521, 369, -255]
[517, 340, -28]
[519, 361, -232]
[461, 321, 62]
[446, 328, -62]
[483, 419, 134]
[464, 451, -43]
[452, 520, 240]
[439, 557, 15]
[440, 534, 249]
[423, 575, 17]
[477, 548, 219]
[480, 577, -43]
[479, 99, -138]
[471, 89, -131]
[471, 89, -131]
[470, 89, -131]
[468, 90, -153]
[465, 90, -153]
[462, 91, -153]
[458, 97, -83]
[448, 101, -172]
[480, 112, -118]
[476, 113, -144]
[463, 169, 0]
[443, 176, -212]
[479, 258, 23]
[466, 272, -235]
[507, 330, -13]
[507, 349, -230]
[516, 348, -18]
[512, 372, -250]
[518, 346, -33]
[517, 370, -253]
[515, 341, -22]
[516, 362, -231]
[461, 321, 62]
[447, 327, -62]
[481, 422, 125]
[466, 450, -60]
[449, 521, 224]
[439, 555, -13]
[436, 534, 230]
[423, 572, -11]
[474, 552, 200]
[477, 578, -71]
[480, 99, -137]
[471, 89, -130]
[471, 89, -130]
[471, 89, -130]
[468, 90, -151]
[465, 90, -151]
[463, 91, -151]
[458, 97, -83]
[448, 101, -171]
[480, 112, -117]
[476, 113, -143]
[464, 169, -1]
[443, 176, -210]
[479, 259, 22]
[467, 272, -233]
[505, 330, -13]
[503, 349, -228]
[514, 348, -18]
[507, 372, -248]
[517, 348, -33]
[514, 370, -252]
[512, 342, -22]
[512, 362, -230]
[462, 320, 62]
[448, 326, -62]
[483, 419, 109]
[470, 446, -66]
[449, 524, 200]
[439, 555, -15]
[437, 537, 206]
[422, 570, -12]
[474, 555, 174]
[476, 578, -74]
[480, 98, -140]
[471, 89, -132]
[471, 88, -133]
[471, 88, -133]
[468, 89, -152]
[465, 90, -152]
[462, 91, -152]
[459, 97, -84]
[448, 101, -171]
[480, 111, -119]
[476, 112, -144]
[464, 169, -2]
[444, 176, -209]
[478, 261, 21]
[468, 273, -231]
[504, 331, -13]
[502, 351, -225]
[513, 349, -18]
[506, 374, -244]
[515, 349, -33]
[512, 372, -250]
[511, 345, -22]
[511, 365, -228]
[462, 320, 62]
[450, 326, -62]
[481, 425, 105]
[471, 446, -54]
[447, 528, 195]
[438, 554, 7]
[435, 542, 201]
[421, 569, 10]
[473, 558, 168]
[475, 578, -49]
[480, 98, -131]
[472, 88, -124]
[471, 88, -124]
[471, 88, -124]
[468, 89, -143]
[466, 90, -143]
[462, 91, -143]
[459, 97, -76]
[448, 101, -163]
[481, 111, -111]
[476, 112, -136]
[464, 170, 5]
[446, 176, -202]
[478, 263, 28]
[468, 274, -221]
[502, 335, -4]
[500, 354, -215]
[510, 352, -7]
[502, 376, -234]
[512, 353, -22]
[509, 375, -238]
[509, 347, -12]
[509, 367, -216]
[462, 321, 62]
[453, 326, -62]
[477, 435, 90]
[471, 446, -54]
[446, 536, 167]
[438, 555, 5]
[434, 550, 171]
[420, 571, 8]
[472, 563, 136]
[474, 580, -50]
[481, 97, -121]
[472, 88, -114]
[471, 88, -114]
[471, 88, -114]
[468, 89, -135]
[466, 90, -135]
[463, 91, -135]
[459, 97, -68]
[448, 101, -160]
[481, 110, -101]
[477, 112, -128]
[463, 170, 11]
[448, 175, -200]
[477, 264, 34]
[468, 274, -220]
[501, 336, 0]
[499, 355, -214]
[508, 353, -3]
[502, 377, -233]
[510, 355, -19]
[508, 375, -236]
[507, 348, -9]
[508, 368, -214]
[462, 322, 63]
[455, 326, -63]
[476, 438, 91]
[471, 449, -52]
[445, 538, 171]
[437, 556, 8]
[433, 552, 175]
[420, 572, 11]
[472, 565, 140]
[474, 581, -45]
[481, 97, -122]
[472, 88, -114]
[472, 88, -114]
[471, 88, -114]
[469, 89, -135]
[466, 90, -136]
[463, 91, -136]
[459, 97, -68]
[448, 102, -161]
[482, 110, -102]
[477, 112, -129]
[463, 171, 10]
[449, 175, -200]
[477, 265, 34]
[468, 274, -220]
[501, 336, 0]
[498, 355, -214]
[508, 353, -2]
[500, 378, -234]
[510, 355, -18]
[506, 376, -236]
[507, 349, -8]
[506, 369, -215]
[462, 322, 63]
[455, 325, -63]
[476, 436, 73]
[473, 446, -75]
[446, 537, 141]
[438, 556, -24]
[434, 551, 144]
[420, 572, -22]
[472, 565, 106]
[474, 582, -82]
[482, 97, -123]
[473, 88, -115]
[472, 88, -115]
[472, 88, -115]
[469, 89, -137]
[467, 89, -137]
[463, 90, -137]
[460, 97, -69]
[449, 101, -161]
[482, 109, -102]
[478, 111, -130]
[466, 171, 8]
[448, 175, -197]
[478, 265, 28]
[468, 274, -215]
[502, 336, 0]
[497, 355, -210]
[509, 353, -4]
[499, 378, -230]
[511, 356, -19]
[505, 377, -233]
[508, 349, -9]
[505, 369, -211]
[465, 322, 61]
[455, 323, -61]
[477, 434, 60]
[474, 439, -93]
[446, 536, 121]
[438, 553, -50]
[435, 550, 123]
[420, 569, -49]
[472, 564, 81]
[472, 581, -112]
[482, 97, -123]
[473, 88, -115]
[473, 88, -115]
[473, 88, -115]
[470, 89, -138]
[467, 89, -138]
[464, 90, -138]
[462, 96, -70]
[450, 101, -156]
[483, 109, -102]
[478, 111, -131]
[468, 171, 7]
[448, 174, -191]
[478, 265, 27]
[468, 273, -208]
[502, 335, -2]
[497, 355, -204]
[510, 352, -6]
[498, 377, -223]
[511, 355, -21]
[504, 376, -227]
[508, 349, -11]
[504, 368, -205]
[466, 321, 60]
[455, 322, -60]
[477, 433, 65]
[474, 441, -88]
[446, 535, 128]
[438, 550, -44]
[435, 549, 130]
[420, 566, -42]
[472, 564, 90]
[471, 580, -104]
[483, 96, -124]
[474, 88, -117]
[474, 88, -117]
[473, 88, -117]
[471, 89, -137]
[468, 89, -138]
[465, 90, -138]
[462, 96, -71]
[451, 101, -157]
[483, 108, -104]
[479, 110, -130]
[467, 171, 7]
[448, 173, -193]
[478, 264, 27]
[468, 272, -210]
[502, 335, -3]
[496, 355, -205]
[509, 352, -7]
[498, 377, -224]
[511, 355, -22]
[504, 376, -228]
[508, 349, -12]
[504, 368, -206]
[466, 320, 59]
[455, 321, -59]
[476, 437, 68]
[474, 442, -78]
[447, 535, 132]
[438, 550, -29]
[435, 550, 134]
[420, 566, -27]
[473, 563, 95]
[472, 579, -88]
[483, 96, -124]
[474, 88, -117]
[474, 88, -117]
[474, 87, -117]
[471, 88, -138]
[468, 89, -138]
[465, 90, -138]
[463, 96, -71]
[451, 101, -157]
[484, 108, -104]
[479, 110, -131]
[467, 171, 7]
[448, 173, -194]
[478, 265, 27]
[468, 272, -211]
[502, 335, -3]
[496, 355, -206]
[509, 352, -8]
[499, 377, -226]
[510, 355, -23]
[505, 375, -230]
[507, 349, -12]
[505, 367, -207]
[466, 320, 59]
[455, 321, -59]
[476, 435, 65]
[474, 442, -79]
[447, 535, 127]
[438, 549, -30]
[435, 550, 130]
[420, 566, -29]
[474, 562, 90]
[472, 578, -89]
[483, 96, -132]
[475, 88, -124]
[475, 87, -124]
[474, 87, -124]
[471, 88, -143]
[468, 89, -143]
[465, 90, -143]
[463, 96, -75]
[452, 101, -158]
[484, 108, -111]
[480, 110, -135]
[467, 171, 5]
[448, 173, -194]
[478, 265, 25]
[468, 272, -211]
[502, 334, -6]
[496, 354, -207]
[508, 352, -11]
[499, 377, -226]
[510, 355, -26]
[505, 375, -230]
[507, 349, -15]
[505, 367, -208]
[466, 320, 59]
[455, 321, -59]
[476, 434, 68]
[474, 442, -76]
[447, 535, 133]
[438, 549, -25]
[435, 549, 135]
[420, 566, -23]
[474, 562, 96]
[472, 577, -84]
[484, 96, -135]
[475, 87, -126]
[475, 87, -127]
[475, 87, -127]
[472, 88, -145]
[469, 89, -145]
[465, 90, -145]
[464, 95, -75]
[452, 100, -158]
[485, 108, -114]
[480, 110, -137]
[468, 171, 5]
[448, 173, -194]
[478, 265, 25]
[468, 272, -212]
[502, 334, -8]
[497, 354, -207]
[509, 352, -13]
[499, 376, -227]
[510, 356, -28]
[505, 375, -231]
[507, 349, -17]
[505, 367, -208]
[466, 320, 59]
[455, 321, -59]
[476, 434, 62]
[473, 442, -83]
[447, 535, 124]
[438, 549, -35]
[435, 550, 126]
[421, 566, -34]
[473, 563, 83]
[472, 577, -98]
