[445, 109, -268]
[456, 92, -251]
[462, 93, -251]
[469, 94, -251]
[436, 89, -257]
[428, 88, -257]
[420, 88, -257]
[476, 102, -136]
[406, 96, -162]
[456, 132, -224]
[428, 130, -231]
[526, 219, -66]
[344, 210, -100]
[548, 361, -15]
[316, 360, -68]
[562, 481, -131]
[305, 491, -172]
[572, 511, -161]
[298, 529, -201]
[565, 516, -195]
[311, 530, -236]
[558, 505, -147]
[317, 515, -187]
[489, 504, -3]
[370, 498, 3]
[476, 705, 11]
[368, 703, 35]
[470, 883, 217]
[368, 887, 194]
[470, 907, 232]
[366, 914, 205]
[458, 946, 110]
[379, 949, 60]
[446, 108, -310]
[456, 91, -294]
[463, 91, -294]
[470, 92, -294]
[436, 88, -299]
[428, 87, -299]
[421, 87, -299]
[476, 101, -173]
[406, 95, -193]
[457, 131, -264]
[429, 130, -269]
[526, 218, -92]
[344, 210, -121]
[548, 361, -16]
[317, 364, -83]
[562, 492, -144]
[306, 498, -187]
[573, 522, -173]
[298, 536, -218]
[566, 529, -206]
[311, 538, -253]
[558, 518, -159]
[317, 522, -203]
[489, 505, -6]
[370, 500, 6]
[477, 708, 5]
[368, 707, 49]
[472, 889, 206]
[367, 894, 221]
[471, 915, 220]
[366, 922, 234]
[458, 956, 91]
[378, 954, 87]
[446, 107, -324]
[457, 90, -307]
[463, 91, -307]
[470, 92, -307]
[436, 88, -311]
[428, 87, -311]
[421, 87, -311]
[477, 100, -181]
[406, 95, -199]
[457, 130, -276]
[429, 129, -281]
[526, 218, -102]
[344, 210, -117]
[548, 361, -40]
[317, 366, -81]
[563, 492, -158]
[307, 497, -193]
[574, 523, -192]
[299, 534, -224]
[566, 529, -224]
[313, 535, -260]
[558, 517, -174]
[318, 520, -209]
[491, 505, -12]
[371, 500, 13]
[483, 711, -23]
[371, 712, 45]
[478, 894, 193]
[372, 902, 220]
[478, 919, 207]
[371, 931, 232]
[464, 963, 72]
[380, 961, 82]
[446, 107, -319]
[457, 89, -301]
[463, 90, -302]
[471, 91, -302]
[436, 87, -305]
[428, 86, -305]
[421, 86, -305]
[477, 99, -177]
[406, 95, -193]
[457, 130, -271]
[429, 129, -275]
[526, 217, -99]
[343, 210, -112]
[548, 361, -40]
[317, 368, -80]
[564, 494, -154]
[307, 498, -191]
[576, 524, -185]
[300, 535, -219]
[567, 531, -217]
[314, 536, -258]
[559, 520, -169]
[319, 521, -207]
[491, 505, -15]
[371, 502, 15]
[485, 713, -21]
[373, 715, 48]
[479, 898, 194]
[372, 907, 225]
[479, 922, 208]
[371, 936, 237]
[464, 967, 75]
[379, 965, 86]
[447, 106, -320]
[457, 89, -303]
[463, 89, -303]
[471, 90, -303]
[436, 87, -307]
[428, 86, -307]
[421, 86, -307]
[477, 99, -177]
[406, 94, -196]
[457, 130, -272]
[429, 129, -277]
[526, 216, -97]
[343, 210, -116]
[548, 362, -39]
[317, 369, -83]
[564, 492, -149]
[307, 498, -192]
[576, 522, -179]
[301, 534, -222]
[567, 529, -212]
[315, 535, -259]
[560, 518, -165]
[320, 520, -209]
[493, 505, -14]
[372, 502, 15]
[487, 713, -18]
[375, 715, 55]
[481, 897, 196]
[374, 906, 238]
[482, 921, 210]
[373, 935, 251]
[466, 966, 79]
[380, 964, 101]
[447, 105, -331]
[457, 87, -314]
[463, 88, -314]
[471, 89, -314]
[436, 86, -318]
[428, 85, -318]
[420, 85, -318]
[477, 98, -187]
[406, 94, -203]
[458, 129, -282]
[429, 128, -287]
[527, 216, -104]
[343, 210, -124]
[548, 363, -44]
[317, 370, -91]
[564, 495, -155]
[308, 499, -205]
[577, 528, -186]
[301, 536, -234]
[567, 534, -219]
[315, 539, -274]
[560, 522, -171]
[320, 523, -223]
[493, 506, -14]
[372, 503, 15]
[487, 714, -7]
[376, 716, 72]
[483, 898, 216]
[376, 906, 271]
[483, 923, 231]
[375, 935, 286]
[467, 966, 94]
[382, 964, 134]
[447, 104, -333]
[457, 86, -316]
[463, 87, -316]
[471, 87, -316]
[436, 85, -320]
[428, 84, -321]
[420, 84, -321]
[477, 97, -190]
[406, 93, -210]
[458, 128, -284]
[429, 128, -290]
[527, 216, -104]
[343, 210, -133]
[549, 363, -44]
[317, 370, -101]
[564, 493, -158]
[308, 500, -217]
[577, 525, -189]
[301, 538, -248]
[567, 530, -222]
[315, 541, -287]
[560, 518, -174]
[320, 525, -234]
[493, 506, -11]
[372, 503, 12]
[487, 714, 23]
[375, 716, 76]
[482, 897, 239]
[375, 905, 270]
[482, 922, 254]
[375, 935, 284]
[466, 966, 120]
[382, 964, 136]
[447, 104, -285]
[457, 86, -269]
[463, 86, -269]
[471, 87, -269]
[436, 84, -274]
[428, 84, -274]
[420, 84, -275]
[477, 96, -151]
[406, 93, -175]
[458, 127, -240]
[429, 127, -246]
[528, 216, -72]
[343, 210, -119]
[549, 363, -18]
[317, 369, -96]
[564, 486, -133]
[310, 498, -200]
[577, 519, -163]
[302, 535, -232]
[567, 522, -196]
[315, 537, -265]
[560, 512, -149]
[320, 521, -215]
[493, 504, -5]
[372, 502, 5]
[487, 710, 31]
[375, 712, 67]
[482, 891, 243]
[375, 897, 259]
[482, 917, 258]
[374, 925, 272]
[466, 959, 137]
[382, 958, 119]
[447, 104, -284]
[457, 86, -268]
[463, 86, -268]
[471, 87, -268]
[436, 84, -273]
[428, 84, -273]
[420, 84, -274]
[477, 96, -148]
[406, 93, -173]
[458, 127, -238]
[429, 127, -245]
[528, 216, -63]
[344, 210, -117]
[549, 362, -5]
[318, 365, -93]
[564, 481, -128]
[310, 491, -199]
[577, 513, -160]
[302, 528, -231]
[568, 514, -196]
[314, 529, -266]
[560, 504, -146]
[319, 516, -214]
[493, 504, 0]
[372, 502, 0]
[487, 710, 22]
[375, 711, 41]
[481, 890, 236]
[375, 895, 212]
[481, 915, 251]
[374, 922, 224]
[466, 955, 128]
[384, 957, 79]
[446, 104, -294]
[457, 86, -278]
[463, 86, -278]
[470, 87, -278]
[436, 85, -283]
[428, 84, -283]
[420, 84, -283]
[477, 96, -157]
[406, 93, -180]
[457, 127, -248]
[429, 127, -254]
[528, 216, -67]
[345, 210, -116]
[550, 362, -15]
[318, 361, -93]
[567, 481, -138]
[309, 484, -202]
[578, 512, -170]
[302, 514, -235]
[571, 513, -204]
[313, 515, -271]
[564, 504, -155]
[318, 505, -218]
[493, 503, 0]
[372, 501, 1]
[487, 710, 20]
[375, 710, 40]
[482, 889, 235]
[375, 895, 217]
[482, 914, 250]
[374, 921, 229]
[468, 954, 123]
[384, 957, 81]
[446, 105, -293]
[457, 86, -277]
[463, 87, -277]
[470, 88, -277]
[436, 85, -281]
[427, 84, -281]
[420, 84, -281]
[477, 97, -153]
[405, 93, -170]
[457, 128, -246]
[429, 128, -251]
[528, 216, -68]
[346, 209, -91]
[551, 359, -19]
[319, 356, -64]
[567, 476, -152]
[309, 475, -194]
[578, 505, -192]
[303, 503, -229]
[572, 507, -227]
[313, 503, -267]
[564, 498, -170]
[318, 493, -211]
[493, 502, -3]
[372, 499, 3]
[487, 709, 7]
[376, 708, 35]
[481, 887, 237]
[375, 893, 219]
[480, 911, 253]
[374, 919, 231]
[467, 952, 122]
[384, 954, 81]
[446, 105, -291]
[457, 87, -274]
[463, 87, -274]
[470, 88, -274]
[436, 85, -278]
[427, 85, -278]
[420, 85, -278]
[477, 97, -150]
[405, 94, -168]
[457, 128, -244]
[429, 128, -249]
[527, 217, -70]
[346, 208, -84]
[551, 354, -21]
[318, 349, -56]
[567, 466, -165]
[307, 464, -186]
[578, 494, -207]
[299, 494, -222]
[572, 493, -243]
[306, 494, -261]
[564, 483, -184]
[313, 484, -204]
[493, 499, -3]
[373, 495, 3]
[483, 703, 2]
[374, 700, 35]
[474, 876, 235]
[370, 882, 220]
[472, 897, 251]
[369, 907, 232]
[460, 940, 122]
[376, 941, 82]
[446, 106, -287]
[457, 87, -270]
[463, 88, -270]
[470, 89, -270]
[436, 85, -273]
[427, 85, -273]
[420, 85, -274]
[477, 98, -147]
[405, 94, -161]
[457, 128, -240]
[429, 128, -244]
[527, 217, -71]
[346, 208, -75]
[551, 350, -43]
[318, 350, -47]
[569, 454, -218]
[302, 460, -179]
[582, 477, -261]
[291, 488, -215]
[579, 475, -297]
[300, 486, -253]
[569, 466, -237]
[306, 478, -198]
[493, 499, -4]
[372, 495, 4]
[481, 703, -11]
[373, 700, 20]
[470, 877, 217]
[367, 883, 191]
[470, 899, 232]
[366, 909, 201]
[455, 941, 104]
[369, 942, 52]
[446, 106, -301]
[457, 88, -284]
[463, 89, -284]
[470, 90, -284]
[436, 86, -286]
[427, 85, -286]
[419, 85, -286]
[478, 99, -159]
[405, 94, -168]
[457, 129, -252]
[428, 128, -255]
[527, 216, -87]
[346, 208, -80]
[552, 350, -56]
[316, 351, -54]
[569, 454, -220]
[301, 457, -198]
[583, 477, -262]
[290, 484, -235]
[580, 473, -299]
[299, 477, -275]
[570, 464, -238]
[304, 471, -218]
[493, 499, -8]
[372, 495, 8]
[481, 703, -16]
[374, 701, 31]
[472, 877, 217]
[371, 884, 226]
[473, 900, 233]
[372, 909, 240]
[458, 940, 104]
[370, 943, 92]
[446, 107, -298]
[457, 89, -282]
[463, 90, -282]
[470, 91, -282]
[435, 87, -284]
[427, 86, -284]
[419, 86, -284]
[478, 101, -158]
[405, 94, -166]
[457, 130, -250]
[428, 128, -252]
[527, 216, -86]
[346, 208, -70]
[552, 348, -52]
[312, 351, -57]
[570, 445, -209]
[293, 446, -220]
[583, 470, -250]
[286, 473, -259]
[581, 465, -286]
[291, 465, -296]
[570, 454, -227]
[299, 456, -240]
[493, 499, -9]
[372, 495, 10]
[483, 703, -15]
[377, 701, 36]
[479, 877, 214]
[378, 884, 227]
[481, 899, 230]
[380, 909, 240]
[466, 939, 101]
[376, 943, 93]
[446, 109, -298]
[457, 90, -282]
[463, 91, -282]
[470, 93, -282]
[435, 88, -283]
[427, 87, -283]
[419, 86, -283]
[478, 102, -160]
[405, 95, -165]
[457, 131, -250]
[428, 129, -251]
[527, 217, -90]
[347, 208, -69]
[556, 348, -61]
[310, 352, -58]
[587, 438, -209]
[274, 431, -228]
[585, 463, -246]
[261, 464, -265]
[582, 455, -281]
[266, 453, -301]
[571, 443, -226]
[280, 441, -248]
[493, 499, -10]
[372, 495, 11]
[487, 703, 0]
[378, 701, 60]
[484, 877, 212]
[379, 884, 243]
[486, 900, 226]
[381, 909, 255]
[468, 940, 93]
[378, 944, 106]
[446, 110, -274]
[457, 92, -259]
[463, 93, -259]
[470, 94, -259]
[435, 89, -260]
[427, 88, -260]
[419, 88, -260]
[478, 104, -140]
[405, 97, -141]
[457, 132, -229]
[428, 130, -229]
[527, 219, -78]
[347, 209, -51]
[559, 352, -89]
[306, 354, -111]
[585, 406, -289]
[274, 394, -385]
[585, 426, -336]
[260, 413, -434]
[582, 407, -364]
[266, 392, -462]
[572, 400, -305]
[283, 388, -403]
[493, 500, -10]
[372, 497, 11]
[487, 701, 0]
[376, 700, 67]
[483, 876, 178]
[378, 880, 239]
[485, 899, 188]
[378, 904, 252]
[468, 937, 55]
[379, 941, 102]
[445, 111, -288]
[457, 92, -275]
[462, 93, -275]
[469, 95, -275]
[435, 90, -273]
[427, 89, -272]
[419, 89, -273]
[478, 105, -152]
[405, 98, -149]
[457, 133, -242]
[428, 131, -239]
[527, 219, -89]
[348, 209, -52]
[569, 354, -128]
[302, 354, -132]
[573, 387, -326]
[270, 349, -429]
[580, 412, -370]
[262, 349, -477]
[567, 388, -388]
[265, 327, -499]
[558, 380, -336]
[277, 326, -444]
[493, 500, -13]
[372, 499, 14]
[487, 701, -19]
[373, 700, 85]
[483, 876, 152]
[376, 880, 264]
[485, 899, 162]
[377, 904, 276]
[468, 937, 24]
[376, 940, 130]
[445, 112, -270]
[456, 93, -256]
[462, 94, -256]
[469, 96, -256]
[435, 90, -255]
[427, 90, -255]
[419, 90, -255]
[477, 105, -133]
[405, 99, -132]
[457, 134, -223]
[428, 132, -222]
[525, 219, -56]
[348, 209, -37]
[571, 353, -95]
[300, 351, -147]
[591, 367, -275]
[268, 308, -451]
[594, 379, -312]
[259, 301, -497]
[592, 357, -334]
[265, 274, -511]
[583, 355, -286]
[271, 282, -463]
[494, 501, -13]
[371, 501, 14]
[487, 701, -34]
[373, 702, 84]
[484, 877, 120]
[376, 881, 260]
[486, 900, 129]
[378, 905, 272]
[468, 938, -2]
[376, 941, 132]
[445, 112, -254]
[456, 93, -239]
[462, 94, -239]
[469, 96, -239]
[435, 91, -239]
[426, 90, -239]
[419, 90, -239]
[477, 106, -116]
[405, 99, -117]
[457, 134, -207]
[428, 132, -207]
[524, 219, -34]
[348, 209, -35]
[570, 348, -86]
[295, 347, -168]
[595, 337, -281]
[312, 291, -452]
[598, 338, -317]
[324, 285, -496]
[600, 317, -328]
[327, 260, -497]
[591, 318, -289]
[328, 265, -458]
[494, 501, -12]
[371, 502, 13]
[487, 701, -37]
[373, 702, 82]
[485, 879, 110]
[378, 882, 258]
[487, 903, 117]
[379, 905, 271]
[468, 939, -15]
[381, 943, 132]
[445, 113, -254]
[456, 94, -239]
[462, 95, -239]
[469, 97, -239]
[435, 91, -238]
[427, 91, -238]
[419, 90, -238]
[477, 107, -115]
[405, 99, -111]
[457, 135, -206]
[428, 133, -206]
[524, 219, -42]
[347, 207, -27]
[571, 340, -126]
[288, 340, -155]
[573, 332, -342]
[332, 295, -413]
[578, 320, -383]
[365, 294, -455]
[580, 299, -385]
[371, 270, -453]
[574, 301, -347]
[368, 273, -417]
[493, 502, -14]
[371, 504, 15]
[488, 702, -32]
[373, 703, 87]
[485, 883, 139]
[379, 882, 273]
[488, 907, 149]
[380, 905, 287]
[468, 944, 13]
[382, 944, 145]
[445, 113, -286]
[456, 94, -267]
[462, 95, -267]
[469, 97, -267]
[435, 91, -264]
[427, 91, -264]
[419, 90, -264]
[477, 108, -125]
[405, 100, -125]
[457, 135, -232]
[428, 133, -228]
[524, 218, -49]
[346, 206, -29]
[571, 331, -143]
[286, 325, -112]
[592, 309, -379]
[334, 293, -322]
[600, 303, -422]
[356, 306, -352]
[602, 285, -429]
[364, 283, -347]
[593, 288, -386]
[359, 281, -321]
[493, 502, -16]
[371, 504, 17]
[491, 703, -38]
[374, 705, 81]
[489, 886, 151]
[382, 885, 273]
[493, 910, 161]
[382, 907, 288]
[469, 950, 28]
[389, 948, 143]
[444, 113, -295]
[456, 94, -277]
[462, 95, -278]
[469, 97, -278]
[434, 91, -275]
[426, 91, -275]
[419, 91, -275]
[477, 108, -139]
[405, 100, -130]
[457, 136, -244]
[427, 133, -240]
[525, 219, -53]
[346, 206, -37]
[573, 333, -134]
[288, 326, -151]
[603, 304, -356]
[326, 291, -416]
[611, 298, -396]
[340, 300, -457]
[612, 281, -405]
[350, 276, -457]
[602, 285, -364]
[347, 279, -421]
[492, 502, -15]
[370, 504, 16]
[490, 703, -33]
[373, 705, 80]
[488, 886, 156]
[382, 885, 266]
[492, 910, 167]
[382, 907, 280]
[469, 950, 32]
[389, 948, 136]
[444, 114, -294]
[456, 94, -277]
[462, 96, -277]
[469, 97, -277]
[434, 92, -274]
[426, 91, -274]
[418, 91, -274]
[477, 109, -146]
[405, 100, -133]
[456, 136, -245]
[427, 133, -240]
[526, 219, -66]
[347, 206, -40]
[564, 353, -175]
[288, 333, -186]
[595, 306, -408]
[332, 282, -486]
[594, 292, -447]
[343, 270, -530]
[607, 272, -448]
[343, 256, -525]
[598, 278, -412]
[349, 265, -490]
[491, 502, -15]
[370, 503, 16]
[490, 703, -38]
[373, 704, 69]
[488, 886, 141]
[382, 885, 239]
[492, 910, 151]
[382, 907, 251]
[468, 950, 9]
[389, 947, 103]
[443, 114, -257]
[456, 95, -239]
[462, 96, -239]
[469, 98, -239]
[434, 92, -237]
[425, 91, -237]
[418, 91, -237]
[477, 109, -114]
[405, 100, -105]
[456, 136, -211]
[427, 133, -208]
[526, 220, -40]
[348, 206, -33]
[562, 355, -147]
[290, 338, -185]
[583, 276, -372]
[330, 267, -467]
[610, 254, -409]
[339, 249, -510]
[620, 237, -410]
[338, 236, -504]
[608, 246, -377]
[343, 248, -471]
[491, 503, -10]
[370, 503, 11]
[490, 704, -36]
[372, 704, 57]
[487, 887, 135]
[382, 885, 213]
[490, 910, 144]
[381, 907, 225]
[466, 952, 10]
[389, 947, 82]
[443, 114, -192]
[456, 95, -179]
[462, 96, -179]
[469, 98, -179]
[434, 92, -177]
[425, 91, -177]
[418, 91, -178]
[477, 109, -78]
[405, 100, -69]
[456, 136, -155]
[427, 134, -153]
[526, 220, -26]
[348, 207, -17]
[561, 355, -140]
[290, 348, -168]
[574, 258, -348]
[317, 258, -428]
[598, 240, -390]
[308, 233, -468]
[604, 222, -374]
[308, 219, -468]
[594, 230, -365]
[316, 229, -433]
[491, 506, -8]
[370, 505, 8]
[490, 707, -35]
[373, 707, 56]
[486, 891, 99]
[381, 891, 183]
[490, 913, 105]
[380, 914, 192]
[465, 956, -7]
[389, 952, 71]
[443, 114, -191]
[456, 95, -176]
[462, 96, -176]
[468, 98, -176]
[434, 92, -174]
[425, 91, -174]
[418, 91, -174]
[477, 109, -74]
[405, 100, -65]
[456, 136, -154]
[427, 134, -151]
[526, 223, -28]
[347, 211, -12]
[560, 363, -150]
[291, 354, -161]
[565, 249, -346]
[314, 256, -414]
[570, 227, -382]
[304, 232, -456]
[576, 209, -371]
[304, 220, -447]
[568, 220, -352]
[311, 229, -423]
[491, 508, -6]
[370, 508, 7]
[490, 710, -33]
[372, 711, 58]
[486, 897, 102]
[380, 897, 193]
[490, 919, 108]
[378, 921, 203]
[465, 961, -7]
[389, 959, 78]
[443, 114, -205]
[456, 95, -189]
[462, 96, -189]
[468, 98, -189]
[434, 92, -187]
[425, 91, -187]
[418, 91, -187]
[477, 109, -82]
[405, 100, -72]
[456, 136, -166]
[426, 134, -163]
[526, 224, -34]
[347, 211, -13]
[559, 368, -160]
[291, 356, -161]
[566, 246, -358]
[311, 247, -415]
[571, 220, -394]
[301, 222, -455]
[577, 210, -379]
[302, 212, -447]
[569, 222, -358]
[308, 222, -421]
[490, 509, -8]
[370, 509, 8]
[488, 712, -29]
[372, 712, 65]
[483, 898, 115]
[379, 898, 206]
[488, 921, 122]
[377, 921, 217]
[461, 962, 0]
[386, 959, 86]
[443, 114, -194]
[456, 95, -179]
[462, 96, -179]
[468, 98, -179]
[434, 92, -176]
[425, 91, -176]
[418, 91, -176]
[477, 109, -75]
[405, 100, -61]
[456, 136, -157]
[426, 134, -153]
[526, 226, -37]
[346, 213, -3]
[559, 368, -175]
[291, 357, -159]
[563, 241, -372]
[309, 243, -411]
[560, 212, -409]
[299, 221, -448]
[561, 207, -391]
[299, 211, -433]
[554, 218, -370]
[305, 220, -413]
[490, 511, -13]
[370, 510, 13]
[487, 712, -31]
[372, 713, 74]
[482, 900, 104]
[377, 898, 211]
[486, 923, 111]
[375, 922, 223]
[459, 963, -11]
[383, 959, 89]
[443, 115, -175]
[456, 96, -160]
[462, 97, -160]
[468, 99, -160]
[434, 92, -157]
[425, 92, -157]
[418, 91, -157]
[477, 110, -61]
[405, 102, -46]
[456, 137, -140]
[426, 135, -136]
[527, 228, -28]
[346, 215, 5]
[559, 369, -161]
[290, 358, -143]
[561, 242, -365]
[309, 242, -380]
[558, 214, -407]
[298, 218, -417]
[558, 209, -373]
[300, 208, -405]
[550, 219, -360]
[306, 218, -382]
[490, 512, -13]
[369, 511, 13]
[487, 715, -30]
[371, 714, 73]
[481, 905, 102]
[376, 901, 203]
[485, 928, 110]
[373, 925, 213]
[457, 967, -8]
[383, 963, 87]
[443, 116, -179]
[456, 96, -165]
[462, 98, -165]
[468, 99, -165]
[434, 93, -162]
[425, 92, -162]
[418, 92, -162]
[477, 111, -64]
[405, 103, -51]
[456, 138, -143]
[426, 135, -140]
[527, 228, -24]
[345, 215, 2]
[558, 369, -156]
[291, 359, -142]
[562, 244, -360]
[305, 246, -384]
[562, 217, -402]
[293, 222, -422]
[560, 212, -371]
[298, 212, -414]
[552, 222, -359]
[304, 221, -387]
[490, 513, -12]
[369, 512, 13]
[487, 716, -29]
[371, 715, 73]
[480, 906, 106]
[375, 902, 200]
[485, 929, 113]
[373, 925, 210]
[457, 968, -4]
[383, 964, 85]
[443, 116, -182]
[456, 96, -168]
[461, 98, -168]
[468, 100, -168]
[433, 93, -166]
[425, 92, -166]
[418, 92, -166]
[477, 111, -68]
[405, 103, -57]
[456, 138, -146]
[426, 136, -143]
[526, 228, -26]
[345, 217, -2]
[558, 368, -153]
[291, 362, -143]
[563, 247, -355]
[297, 253, -395]
[564, 228, -397]
[286, 231, -433]
[563, 214, -370]
[289, 219, -426]
[555, 224, -358]
[296, 227, -399]
[490, 513, -11]
[369, 513, 11]
[487, 716, -27]
[371, 716, 72]
[480, 905, 108]
[376, 902, 203]
[485, 928, 115]
[373, 925, 213]
[457, 967, -2]
[384, 964, 86]
[443, 116, -184]
[456, 96, -171]
[461, 98, -171]
[468, 100, -171]
[433, 93, -168]
[425, 92, -168]
[418, 92, -168]
[477, 111, -73]
[405, 103, -61]
[456, 138, -148]
[426, 136, -145]
[526, 228, -28]
[345, 217, -3]
[558, 369, -152]
[291, 363, -138]
[563, 252, -352]
[294, 255, -388]
[561, 229, -391]
[281, 234, -425]
[559, 216, -370]
[283, 222, -419]
[551, 226, -354]
[290, 229, -392]
[490, 514, -9]
[369, 513, 10]
[487, 716, -24]
[371, 716, 66]
[480, 905, 110]
[376, 902, 194]
[485, 927, 118]
[373, 925, 204]
[457, 967, 0]
[384, 963, 84]
[442, 116, -190]
[455, 96, -176]
[461, 98, -176]
[467, 100, -176]
[433, 93, -173]
[424, 93, -173]
[417, 93, -173]
[476, 111, -75]
[404, 103, -62]
[455, 138, -153]
[426, 136, -150]
[525, 225, -23]
[345, 216, -8]
[558, 356, -126]
[291, 363, -149]
[620, 255, -340]
[294, 257, -416]
[630, 234, -376]
[283, 236, -455]
[630, 221, -368]
[284, 222, -452]
[618, 230, -345]
[292, 231, -421]
[490, 514, -8]
[369, 513, 9]
[488, 716, -24]
[372, 716, 60]
[481, 904, 112]
[377, 901, 195]
[486, 926, 119]
[373, 924, 205]
[459, 967, 1]
[387, 963, 78]
[442, 116, -202]
[455, 97, -190]
[461, 98, -190]
[467, 100, -190]
[433, 93, -187]
[424, 93, -187]
[417, 93, -187]
[476, 111, -87]
[404, 103, -75]
[455, 139, -163]
[425, 136, -160]
[525, 225, -33]
[346, 215, -9]
[559, 353, -154]
[291, 357, -149]
[567, 265, -372]
[302, 263, -411]
[561, 240, -410]
[308, 241, -449]
[578, 221, -401]
[310, 224, -446]
[552, 242, -373]
[304, 238, -415]
[490, 513, -8]
[369, 513, 9]
[488, 715, -25]
[372, 715, 60]
[481, 901, 110]
[377, 900, 198]
[485, 924, 118]
[374, 922, 209]
[459, 963, -3]
[386, 961, 80]
[442, 116, -234]
[454, 97, -220]
[460, 98, -220]
[466, 100, -220]
[432, 94, -217]
[423, 93, -216]
[416, 93, -217]
[475, 111, -108]
[404, 103, -92]
[455, 139, -192]
[425, 136, -187]
[525, 224, -52]
[346, 214, -9]
[558, 353, -179]
[292, 347, -149]
[564, 276, -409]
[305, 270, -422]
[562, 249, -450]
[316, 263, -464]
[577, 222, -447]
[311, 244, -462]
[554, 251, -412]
[309, 251, -428]
[490, 513, -9]
[369, 512, 9]
[487, 714, -22]
[372, 713, 66]
[481, 899, 135]
[377, 898, 229]
[485, 922, 144]
[374, 921, 240]
[459, 961, 7]
[385, 960, 97]
[441, 116, -265]
[454, 97, -250]
[460, 98, -250]
[465, 100, -250]
[431, 94, -248]
[423, 93, -248]
[416, 93, -248]
[475, 111, -126]
[403, 103, -116]
[455, 139, -218]
[424, 136, -215]
[525, 222, -55]
[345, 212, -12]
[558, 347, -173]
[292, 345, -42]
[586, 285, -387]
[314, 285, -197]
[591, 270, -429]
[339, 313, -220]
[595, 248, -434]
[341, 293, -225]
[582, 259, -393]
[341, 291, -201]
[490, 511, -12]
[369, 510, 13]
[486, 713, -22]
[370, 711, 69]
[480, 896, 149]
[376, 895, 247]
[484, 920, 160]
[373, 918, 260]
[459, 959, 21]
[384, 959, 111]
[440, 116, -246]
[453, 97, -230]
[459, 98, -230]
[465, 100, -230]
[431, 94, -228]
[423, 93, -228]
[415, 93, -228]
[474, 111, -115]
[403, 103, -105]
[454, 138, -203]
[424, 136, -200]
[525, 220, -52]
[345, 211, -10]
[558, 338, -166]
[288, 328, -92]
[577, 290, -379]
[314, 294, -312]
[575, 280, -420]
[330, 305, -346]
[576, 260, -422]
[334, 284, -346]
[569, 265, -384]
[335, 285, -317]
[489, 510, -12]
[368, 510, 13]
[486, 711, -21]
[370, 709, 67]
[482, 894, 146]
[376, 894, 236]
[485, 918, 156]
[375, 917, 247]
[460, 957, 23]
[385, 957, 107]
[440, 115, -239]
[453, 96, -224]
[459, 98, -224]
[465, 99, -224]
[431, 93, -223]
[423, 93, -223]
[415, 93, -223]
[474, 111, -110]
[403, 103, -105]
[454, 138, -196]
[424, 135, -194]
[524, 219, -50]
[345, 210, -20]
[566, 328, -128]
[285, 328, -93]
[557, 320, -321]
[328, 307, -334]
[546, 323, -359]
[350, 321, -371]
[540, 301, -361]
[361, 300, -368]
[539, 301, -324]
[359, 299, -337]
[489, 509, -11]
[368, 510, 12]
[486, 710, -16]
[370, 708, 69]
[482, 889, 153]
[376, 891, 238]
[485, 913, 164]
[375, 914, 250]
[462, 953, 31]
[383, 955, 109]
[440, 115, -251]
[453, 96, -237]
[459, 97, -237]
[465, 99, -237]
[431, 93, -235]
[423, 93, -235]
[415, 93, -235]
[474, 110, -118]
[403, 103, -111]
[454, 137, -205]
[424, 135, -203]
[525, 219, -54]
[344, 210, -21]
[566, 329, -150]
[283, 331, -127]
[559, 314, -379]
[310, 301, -399]
[554, 305, -421]
[320, 308, -440]
[552, 285, -425]
[302, 274, -441]
[552, 289, -385]
[307, 287, -405]
[489, 509, -11]
[367, 510, 12]
[486, 710, -15]
[369, 709, 69]
[483, 890, 163]
[376, 893, 242]
[485, 915, 174]
[374, 917, 254]
[462, 956, 37]
[383, 957, 108]
[441, 115, -274]
[453, 96, -258]
[459, 97, -258]
[465, 99, -258]
[431, 93, -257]
[423, 93, -257]
[416, 93, -257]
[475, 110, -129]
[403, 103, -126]
[455, 137, -226]
[425, 135, -225]
[525, 219, -52]
[344, 210, -34]
[568, 335, -128]
[283, 335, -177]
[599, 320, -367]
[288, 294, -494]
[606, 312, -407]
[275, 274, -540]
[610, 291, -420]
[277, 252, -542]
[601, 295, -378]
[288, 266, -501]
[489, 509, -9]
[367, 510, 10]
[486, 712, -38]
[368, 713, 72]
[483, 895, 156]
[375, 898, 276]
[485, 919, 165]
[373, 921, 291]
[463, 961, 36]
[383, 963, 146]
[441, 115, -290]
[453, 96, -274]
[459, 97, -274]
[465, 99, -274]
[431, 93, -274]
[423, 93, -274]
[416, 93, -274]
[475, 110, -140]
[403, 103, -142]
[455, 137, -239]
[425, 135, -239]
[524, 220, -46]
[344, 210, -52]
[568, 339, -68]
[289, 342, -184]
[626, 328, -267]
[292, 303, -483]
[643, 322, -299]
[284, 296, -527]
[653, 304, -317]
[287, 263, -535]
[638, 307, -279]
[294, 277, -492]
[489, 509, -4]
[367, 510, 5]
[486, 714, -35]
[365, 715, 47]
[483, 897, 161]
[369, 900, 241]
[485, 921, 172]
[367, 924, 256]
[464, 963, 40]
[377, 965, 103]
[441, 115, -276]
[453, 96, -262]
[459, 97, -262]
[465, 99, -262]
[431, 93, -261]
[423, 93, -261]
[416, 93, -261]
[475, 110, -139]
[404, 103, -138]
[455, 137, -229]
[425, 135, -229]
[524, 220, -54]
[345, 211, -45]
[572, 347, -80]
[291, 349, -159]
[589, 328, -287]
[296, 316, -434]
[583, 321, -319]
[285, 316, -478]
[588, 301, -342]
[288, 290, -505]
[582, 304, -303]
[298, 293, -447]
[490, 510, -5]
[367, 510, 6]
[486, 715, -15]
[365, 716, 56]
[482, 897, 171]
[368, 900, 242]
[484, 921, 182]
[367, 924, 255]
[463, 962, 53]
[376, 965, 109]
[441, 115, -288]
[453, 96, -274]
[459, 97, -274]
[465, 99, -274]
[431, 93, -274]
[423, 93, -274]
[416, 93, -274]
[475, 110, -149]
[404, 103, -151]
[455, 137, -241]
[425, 135, -241]
[524, 221, -72]
[345, 212, -46]
[572, 356, -114]
[293, 357, -128]
[568, 345, -340]
[291, 347, -395]
[559, 345, -385]
[286, 356, -438]
[561, 323, -397]
[289, 333, -471]
[557, 323, -350]
[300, 325, -409]
[490, 510, -5]
[367, 510, 6]
[486, 715, 0]
[365, 716, 58]
[480, 897, 194]
[367, 901, 233]
[482, 921, 206]
[365, 925, 245]
[461, 962, 72]
[374, 966, 94]
[441, 115, -313]
[454, 96, -297]
[459, 97, -297]
[465, 99, -297]
[431, 93, -297]
[423, 93, -297]
[416, 93, -297]
[475, 110, -168]
[404, 103, -169]
[455, 137, -264]
[425, 135, -264]
[525, 223, -93]
[345, 212, -62]
[572, 364, -127]
[295, 360, -116]
[576, 386, -360]
[272, 391, -374]
[575, 400, -410]
[263, 414, -419]
[572, 379, -431]
[269, 393, -455]
[566, 373, -374]
[279, 384, -391]
[491, 510, -5]
[367, 510, 6]
[488, 717, 0]
[365, 718, 43]
[481, 899, 213]
[365, 905, 212]
[483, 922, 228]
[363, 930, 222]
[461, 965, 93]
[374, 970, 67]
[441, 115, -304]
[454, 96, -288]
[459, 97, -289]
[465, 99, -289]
[431, 93, -290]
[423, 93, -290]
[416, 93, -290]
[475, 110, -163]
[404, 103, -169]
[455, 137, -256]
[425, 135, -258]
[525, 223, -92]
[344, 213, -70]
[568, 364, -88]
[297, 365, -120]
[579, 416, -249]
[277, 385, -386]
[583, 441, -289]
[272, 405, -437]
[579, 426, -318]
[276, 383, -470]
[572, 417, -264]
[285, 376, -409]
[491, 510, -8]
[367, 510, 9]
[488, 715, 4]
[367, 718, 55]
[481, 895, 202]
[366, 903, 219]
[483, 919, 214]
[365, 928, 228]
[461, 957, 81]
[373, 965, 73]
[441, 115, -323]
[453, 96, -308]
[459, 97, -308]
[465, 99, -308]
[431, 93, -310]
[423, 93, -310]
[416, 93, -310]
[475, 110, -184]
[404, 103, -193]
[455, 137, -276]
[425, 135, -278]
[525, 224, -108]
[344, 213, -100]
[563, 368, -80]
[300, 366, -104]
[575, 447, -231]
[271, 444, -275]
[582, 472, -269]
[263, 478, -313]
[586, 471, -304]
[270, 467, -351]
[568, 454, -249]
[276, 452, -295]
[491, 511, -7]
[367, 510, 8]
[487, 717, 4]
[369, 719, 44]
[480, 896, 222]
[366, 905, 219]
[480, 920, 237]
[366, 930, 230]
[461, 958, 104]
[373, 967, 77]
[441, 115, -306]
[453, 96, -291]
[459, 97, -291]
[465, 99, -291]
[431, 93, -292]
[423, 93, -292]
[416, 93, -292]
[475, 110, -167]
[404, 103, -176]
[455, 137, -259]
[425, 135, -261]
[525, 224, -93]
[343, 214, -88]
[558, 367, -58]
[301, 365, -99]
[575, 444, -210]
[274, 451, -280]
[586, 467, -249]
[268, 486, -320]
[587, 463, -286]
[274, 475, -355]
[571, 452, -229]
[280, 458, -299]
[491, 510, -6]
[367, 509, 6]
[484, 716, 2]
[369, 716, 33]
[477, 892, 218]
[366, 902, 203]
[478, 916, 232]
[366, 927, 213]
[461, 955, 102]
[373, 964, 63]
[441, 115, -304]
[453, 96, -288]
[459, 97, -288]
[465, 99, -288]
[431, 93, -290]
[423, 93, -290]
[416, 93, -290]
[475, 110, -166]
[404, 103, -177]
[454, 137, -257]
[425, 135, -260]
[525, 224, -92]
[343, 214, -89]
[555, 366, -61]
[303, 364, -83]
[572, 454, -218]
[275, 462, -238]
[586, 476, -258]
[271, 499, -276]
[585, 472, -294]
[277, 486, -313]
[570, 463, -236]
[281, 477, -257]
[491, 510, -6]
[367, 508, 6]
[483, 715, 2]
[369, 715, 34]
[477, 892, 219]
[367, 900, 206]
[477, 915, 233]
[367, 925, 218]
[461, 954, 104]
[373, 962, 69]
[441, 115, -280]
[453, 96, -264]
[459, 97, -264]
[465, 99, -264]
[431, 93, -267]
[423, 93, -267]
[416, 93, -267]
[475, 110, -147]
[404, 102, -166]
[454, 137, -235]
[425, 134, -239]
[525, 224, -76]
[343, 213, -81]
[553, 359, -46]
[305, 360, -55]
[571, 452, -213]
[277, 462, -191]
[586, 475, -255]
[269, 494, -226]
[584, 471, -292]
[278, 491, -266]
[570, 462, -232]
[284, 482, -210]
[491, 507, -3]
[368, 503, 3]
[481, 710, 2]
[370, 707, 10]
[475, 885, 210]
[367, 894, 166]
[474, 908, 224]
[367, 919, 175]
[461, 948, 93]
[374, 953, 28]
[441, 115, -276]
[453, 96, -259]
[459, 97, -260]
[465, 99, -260]
[431, 93, -263]
[423, 92, -263]
[416, 92, -263]
[475, 110, -142]
[404, 102, -163]
[454, 136, -230]
[425, 134, -235]
[525, 224, -64]
[343, 212, -77]
[553, 358, -25]
[306, 354, -43]
[571, 459, -183]
[278, 462, -168]
[585, 481, -224]
[270, 493, -203]
[581, 478, -261]
[279, 491, -242]
[569, 470, -202]
[284, 482, -187]
[491, 505, 0]
[368, 499, 1]
[481, 707, 3]
[370, 703, 0]
[475, 883, 209]
[368, 891, 147]
[474, 906, 223]
[367, 917, 156]
[461, 945, 95]
[375, 949, 7]
[441, 114, -224]
[453, 96, -210]
[459, 97, -210]
[465, 99, -210]
[432, 93, -214]
[423, 92, -214]
[416, 92, -214]
[476, 110, -106]
[404, 102, -124]
[454, 136, -184]
[425, 134, -189]
[525, 223, -41]
[343, 211, -70]
[553, 357, -3]
[308, 352, -43]
[570, 464, -129]
[286, 463, -149]
[585, 487, -162]
[276, 492, -179]
[579, 487, -194]
[287, 491, -212]
[569, 478, -145]
[294, 482, -164]
[491, 503, 1]
[369, 498, -1]
[481, 705, 6]
[371, 702, 11]
[475, 881, 207]
[368, 887, 152]
[474, 903, 220]
[367, 912, 161]
[461, 944, 100]
[376, 946, 27]
[441, 114, -247]
[454, 96, -232]
[459, 97, -232]
[465, 99, -232]
[432, 93, -234]
[424, 92, -234]
[416, 92, -234]
[476, 110, -119]
[404, 102, -132]
[455, 136, -203]
[425, 134, -205]
[525, 223, -48]
[343, 211, -74]
[553, 357, -17]
[310, 352, -44]
[571, 471, -141]
[292, 468, -152]
[585, 496, -174]
[286, 498, -182]
[578, 499, -209]
[296, 499, -216]
[569, 489, -158]
[300, 490, -168]
[490, 500, 0]
[369, 494, 0]
[481, 702, 5]
[371, 698, 17]
[475, 880, 200]
[368, 885, 163]
[474, 903, 213]
[367, 912, 172]
[460, 944, 97]
[376, 944, 32]
[442, 114, -246]
[454, 96, -231]
[460, 97, -231]
[466, 99, -231]
[432, 93, -234]
[424, 92, -234]
[417, 92, -234]
[476, 110, -120]
[404, 102, -135]
[455, 136, -203]
[425, 134, -207]
[525, 223, -54]
[343, 211, -73]
[553, 357, -20]
[311, 352, -41]
[570, 476, -137]
[296, 475, -139]
[583, 502, -168]
[291, 506, -167]
[575, 503, -200]
[300, 507, -200]
[567, 495, -152]
[303, 498, -154]
[490, 500, 0]
[369, 495, 0]
[481, 702, 4]
[371, 699, 13]
[475, 881, 200]
[369, 886, 151]
[475, 904, 213]
[368, 912, 160]
[461, 945, 98]
[378, 945, 24]
[442, 113, -210]
[454, 95, -196]
[460, 97, -196]
[466, 98, -196]
[432, 92, -199]
[424, 92, -199]
[417, 92, -199]
[476, 109, -98]
[404, 101, -111]
[455, 135, -172]
[425, 133, -176]
[526, 223, -47]
[343, 212, -66]
[553, 360, -10]
[312, 354, -42]
[570, 486, -102]
[295, 485, -133]
[582, 514, -127]
[290, 519, -158]
[573, 516, -156]
[300, 520, -188]
[566, 506, -116]
[304, 509, -147]
[490, 504, 0]
[369, 497, 0]
[479, 704, 6]
[368, 701, 15]
[473, 884, 189]
[368, 887, 135]
[473, 907, 201]
[367, 913, 143]
[457, 950, 95]
[377, 947, 18]
[442, 113, -230]
[454, 95, -215]
[460, 96, -216]
[466, 98, -216]
[433, 92, -218]
[424, 92, -218]
[417, 91, -219]
[476, 109, -105]
[404, 101, -121]
[455, 135, -188]
[425, 133, -192]
[526, 224, -61]
[343, 212, -68]
[553, 366, -23]
[311, 356, -43]
[568, 499, -123]
[296, 490, -145]
[581, 529, -152]
[290, 523, -171]
[568, 535, -181]
[300, 525, -206]
[562, 522, -137]
[305, 512, -161]
[490, 506, -11]
[369, 499, 11]
[476, 709, 5]
[364, 705, 45]
[470, 894, 189]
[363, 894, 191]
[471, 919, 202]
[362, 922, 201]
[450, 960, 93]
[368, 953, 65]
[442, 113, -238]
[454, 95, -222]
[460, 96, -222]
[467, 98, -222]
[433, 92, -225]
[424, 91, -225]
[417, 91, -225]
[477, 108, -113]
[404, 100, -126]
[455, 135, -196]
[425, 133, -199]
[526, 224, -61]
[343, 212, -68]
[553, 370, -24]
[311, 359, -42]
[567, 504, -117]
[298, 495, -139]
[579, 536, -144]
[292, 529, -163]
[565, 542, -172]
[305, 531, -197]
[558, 528, -130]
[310, 516, -154]
[491, 507, -12]
[369, 501, 13]
[477, 711, 5]
[364, 709, 45]
[471, 898, 189]
[363, 900, 190]
[473, 924, 202]
[362, 929, 200]
[451, 965, 90]
[369, 958, 64]
[442, 112, -254]
[454, 94, -237]
[460, 96, -237]
[467, 97, -237]
[433, 91, -240]
[425, 91, -240]
[417, 91, -241]
[477, 108, -124]
[404, 100, -139]
[455, 134, -211]
[425, 132, -215]
[527, 224, -68]
[342, 212, -76]
[553, 372, -26]
[311, 360, -46]
[566, 504, -125]
[299, 493, -149]
[578, 535, -152]
[293, 526, -175]
[563, 541, -182]
[308, 528, -210]
[557, 528, -138]
[312, 514, -165]
[493, 508, -12]
[370, 504, 13]
[482, 713, 1]
[367, 713, 42]
[476, 900, 190]
[366, 904, 187]
[477, 926, 202]
[366, 934, 197]
[455, 968, 88]
[372, 963, 63]
[443, 112, -256]
[455, 94, -240]
[461, 95, -240]
[468, 97, -240]
[433, 91, -244]
[425, 90, -244]
[417, 90, -244]
[478, 108, -131]
[404, 100, -146]
[455, 134, -214]
[425, 132, -218]
[527, 225, -78]
[342, 214, -87]
[553, 373, -27]
[313, 365, -52]
[565, 507, -126]
[303, 494, -156]
[577, 540, -154]
[298, 528, -182]
[560, 546, -181]
[313, 529, -216]
[554, 532, -139]
[316, 516, -172]
[494, 510, -13]
[370, 506, 13]
[485, 713, 22]
[372, 714, 65]
[481, 900, 222]
[374, 904, 229]
[483, 925, 235]
[374, 932, 242]
[461, 968, 115]
[378, 963, 105]
