[537, 144, -135]
[544, 133, -130]
[548, 133, -130]
[553, 134, -130]
[531, 132, -127]
[527, 132, -127]
[522, 132, -127]
[564, 139, -72]
[522, 138, -60]
[547, 157, -112]
[532, 157, -109]
[611, 208, -52]
[490, 212, -40]
[615, 292, -119]
[470, 289, -150]
[539, 242, -157]
[560, 245, -232]
[522, 238, -177]
[586, 237, -252]
[520, 233, -164]
[586, 228, -238]
[524, 234, -152]
[577, 230, -228]
[571, 439, -3]
[496, 433, 4]
[570, 518, 1]
[502, 512, 79]
[556, 665, 96]
[501, 644, 203]
[555, 680, 102]
[502, 655, 216]
[552, 717, 41]
[491, 695, 173]
[544, 148, -149]
[551, 138, -141]
[555, 138, -141]
[560, 139, -141]
[540, 138, -139]
[537, 138, -139]
[534, 139, -139]
[571, 148, -77]
[533, 146, -63]
[552, 162, -122]
[540, 162, -119]
[622, 220, -50]
[497, 224, -40]
[636, 321, -66]
[487, 299, -107]
[579, 359, -125]
[548, 271, -205]
[547, 377, -147]
[569, 268, -228]
[555, 365, -156]
[567, 255, -227]
[561, 359, -130]
[566, 258, -208]
[585, 440, -1]
[505, 435, 1]
[586, 532, 0]
[515, 543, 66]
[573, 699, 98]
[512, 699, 206]
[565, 714, 104]
[516, 713, 220]
[581, 754, 20]
[505, 753, 142]
[541, 146, -153]
[551, 136, -146]
[557, 136, -146]
[562, 137, -146]
[538, 135, -142]
[534, 135, -142]
[530, 135, -142]
[573, 146, -94]
[531, 143, -63]
[553, 161, -126]
[535, 161, -123]
[616, 217, -90]
[499, 221, -38]
[629, 313, -162]
[492, 294, -53]
[536, 316, -230]
[557, 279, -81]
[523, 303, -256]
[579, 284, -91]
[525, 301, -247]
[579, 273, -89]
[529, 300, -227]
[575, 273, -82]
[584, 433, -7]
[509, 431, 8]
[581, 514, 1]
[514, 517, 102]
[577, 662, 111]
[512, 657, 263]
[573, 678, 119]
[517, 671, 278]
[580, 711, 36]
[496, 706, 215]
[542, 151, -161]
[551, 138, -155]
[556, 138, -155]
[561, 139, -155]
[539, 138, -154]
[535, 138, -154]
[532, 138, -154]
[571, 145, -100]
[530, 145, -87]
[553, 164, -137]
[537, 166, -134]
[618, 215, -78]
[498, 219, -79]
[627, 311, -153]
[493, 292, -180]
[545, 287, -230]
[587, 273, -103]
[513, 287, -256]
[619, 278, -140]
[521, 272, -230]
[614, 255, -205]
[526, 273, -218]
[607, 262, -161]
[586, 425, -2]
[509, 424, 3]
[578, 514, -1]
[512, 518, 82]
[571, 666, 87]
[515, 668, 243]
[570, 682, 93]
[520, 683, 265]
[575, 718, 21]
[499, 718, 164]
[543, 149, -177]
[550, 136, -170]
[555, 136, -170]
[561, 136, -170]
[538, 136, -165]
[535, 137, -165]
[531, 137, -165]
[570, 143, -110]
[529, 145, -85]
[553, 162, -153]
[538, 164, -146]
[620, 214, -100]
[496, 223, -58]
[650, 293, -211]
[475, 292, -138]
[566, 278, -340]
[502, 264, -231]
[536, 283, -378]
[501, 260, -271]
[540, 261, -368]
[505, 247, -290]
[540, 263, -339]
[514, 252, -256]
[585, 426, -12]
[508, 426, 12]
[576, 519, -22]
[508, 518, 118]
[573, 659, 102]
[511, 655, 303]
[569, 675, 111]
[517, 670, 320]
[578, 705, 33]
[494, 701, 250]
[544, 152, -174]
[551, 138, -169]
[555, 138, -169]
[560, 138, -169]
[539, 139, -163]
[536, 139, -163]
[532, 139, -163]
[569, 145, -109]
[529, 147, -83]
[554, 166, -150]
[539, 168, -143]
[622, 214, -84]
[496, 222, -79]
[665, 280, -206]
[472, 287, -233]
[611, 258, -337]
[551, 258, -352]
[596, 261, -373]
[575, 246, -384]
[586, 241, -357]
[579, 245, -369]
[585, 246, -335]
[573, 246, -350]
[588, 428, -11]
[511, 427, 12]
[578, 512, -56]
[510, 516, 96]
[576, 629, 45]
[513, 613, 257]
[572, 645, 52]
[518, 623, 271]
[582, 666, -19]
[500, 653, 206]
[545, 149, -177]
[552, 136, -168]
[557, 137, -168]
[562, 137, -168]
[540, 137, -163]
[536, 137, -163]
[532, 137, -163]
[572, 144, -106]
[529, 146, -83]
[556, 163, -150]
[540, 165, -145]
[622, 215, -78]
[495, 223, -64]
[653, 285, -204]
[468, 287, -197]
[607, 252, -361]
[471, 251, -378]
[594, 243, -398]
[473, 237, -413]
[593, 229, -385]
[479, 232, -406]
[593, 235, -359]
[484, 238, -381]
[586, 428, -10]
[509, 427, 10]
[577, 517, -65]
[507, 521, 93]
[576, 642, 48]
[510, 631, 266]
[571, 658, 56]
[515, 644, 281]
[581, 681, -22]
[498, 673, 213]
[545, 148, -198]
[552, 137, -189]
[557, 137, -189]
[562, 137, -189]
[540, 137, -185]
[536, 137, -185]
[532, 137, -185]
[571, 144, -116]
[527, 145, -98]
[555, 162, -170]
[539, 163, -165]
[621, 216, -85]
[492, 224, -61]
[649, 313, -203]
[465, 297, -191]
[602, 251, -356]
[465, 250, -378]
[589, 240, -391]
[469, 236, -409]
[588, 225, -377]
[472, 229, -403]
[589, 231, -353]
[477, 235, -380]
[585, 426, -11]
[508, 426, 11]
[577, 518, -53]
[506, 522, 99]
[576, 644, 70]
[512, 637, 281]
[573, 659, 79]
[518, 651, 298]
[581, 685, 0]
[499, 679, 229]
[545, 149, -197]
[552, 138, -188]
[557, 138, -189]
[562, 138, -189]
[540, 138, -186]
[536, 138, -186]
[532, 138, -186]
[572, 145, -115]
[527, 145, -103]
[555, 163, -169]
[539, 164, -165]
[620, 216, -85]
[491, 223, -62]
[646, 313, -199]
[463, 296, -197]
[598, 246, -340]
[459, 249, -381]
[586, 232, -373]
[462, 236, -413]
[588, 219, -359]
[459, 227, -406]
[588, 227, -337]
[471, 234, -384]
[585, 423, -10]
[509, 422, 10]
[577, 516, -45]
[505, 519, 93]
[578, 632, 86]
[512, 625, 266]
[575, 647, 96]
[519, 638, 282]
[584, 672, 28]
[497, 669, 217]
[545, 149, -205]
[551, 137, -197]
[556, 137, -197]
[561, 138, -197]
[540, 137, -193]
[536, 137, -193]
[533, 138, -193]
[572, 145, -131]
[529, 145, -112]
[555, 163, -179]
[539, 163, -174]
[620, 220, -102]
[492, 226, -71]
[639, 311, -155]
[477, 299, -167]
[598, 343, -237]
[514, 273, -323]
[584, 355, -263]
[529, 267, -357]
[586, 338, -266]
[526, 253, -366]
[586, 335, -239]
[527, 257, -330]
[584, 424, -11]
[510, 422, 11]
[576, 516, 20]
[505, 520, 95]
[580, 623, 155]
[510, 613, 260]
[578, 638, 165]
[517, 626, 276]
[591, 660, 97]
[492, 655, 207]
[544, 148, -197]
[551, 137, -189]
[556, 137, -189]
[561, 137, -189]
[539, 137, -186]
[536, 137, -186]
[532, 137, -186]
[572, 144, -120]
[529, 144, -104]
[555, 162, -170]
[538, 162, -166]
[619, 220, -93]
[493, 226, -52]
[633, 312, -151]
[475, 298, -124]
[599, 315, -253]
[496, 269, -278]
[586, 317, -280]
[502, 261, -307]
[586, 303, -278]
[498, 247, -311]
[585, 302, -254]
[502, 252, -284]
[584, 424, -14]
[510, 422, 14]
[576, 517, 9]
[504, 519, 105]
[581, 624, 136]
[510, 612, 271]
[579, 641, 144]
[517, 626, 286]
[593, 661, 75]
[487, 653, 225]
[544, 148, -214]
[551, 137, -206]
[555, 137, -206]
[560, 137, -206]
[539, 137, -203]
[536, 137, -202]
[532, 137, -203]
[571, 144, -134]
[529, 144, -118]
[554, 161, -186]
[538, 161, -182]
[618, 222, -98]
[493, 226, -67]
[631, 313, -182]
[474, 298, -152]
[611, 301, -314]
[474, 255, -318]
[602, 305, -343]
[476, 238, -348]
[602, 297, -339]
[473, 225, -347]
[599, 293, -315]
[478, 233, -324]
[583, 424, -13]
[510, 420, 13]
[576, 516, 2]
[504, 517, 106]
[583, 620, 127]
[509, 584, 278]
[580, 637, 135]
[516, 623, 293]
[598, 654, 63]
[485, 650, 230]
[544, 148, -178]
[550, 137, -171]
[555, 137, -171]
[560, 137, -171]
[539, 137, -165]
[535, 137, -165]
[532, 137, -165]
[570, 144, -110]
[528, 144, -85]
[553, 161, -155]
[537, 161, -148]
[617, 221, -82]
[493, 225, -42]
[627, 314, -185]
[467, 297, -141]
[607, 223, -322]
[429, 225, -306]
[601, 202, -350]
[422, 205, -333]
[604, 197, -338]
[426, 196, -330]
[602, 204, -320]
[429, 203, -311]
[583, 423, -13]
[509, 421, 13]
[576, 516, -25]
[504, 515, 92]
[582, 622, 78]
[510, 581, 240]
[580, 638, 85]
[517, 626, 254]
[594, 659, 20]
[489, 653, 201]
[543, 147, -163]
[550, 137, -154]
[555, 137, -154]
[560, 137, -154]
[539, 137, -149]
[535, 137, -149]
[532, 137, -149]
[570, 144, -90]
[528, 144, -71]
[553, 161, -139]
[537, 160, -133]
[613, 221, -68]
[492, 225, -34]
[622, 312, -184]
[463, 287, -143]
[606, 214, -311]
[446, 209, -295]
[601, 192, -330]
[441, 196, -318]
[611, 184, -313]
[442, 192, -312]
[604, 196, -305]
[444, 198, -297]
[582, 423, -13]
[509, 420, 13]
[574, 514, -51]
[503, 510, 92]
[581, 616, 49]
[509, 597, 244]
[579, 631, 56]
[517, 618, 258]
[591, 651, -11]
[489, 642, 207]
[542, 147, -152]
[549, 136, -143]
[554, 136, -143]
[559, 137, -143]
[538, 136, -138]
[534, 136, -138]
[531, 137, -138]
[570, 144, -83]
[527, 144, -61]
[553, 160, -129]
[537, 159, -123]
[611, 221, -60]
[492, 225, -25]
[619, 308, -174]
[459, 288, -125]
[607, 207, -300]
[430, 210, -271]
[609, 185, -319]
[422, 192, -292]
[617, 178, -302]
[429, 186, -287]
[611, 188, -294]
[431, 192, -274]
[581, 423, -14]
[508, 420, 14]
[573, 514, -62]
[503, 509, 101]
[581, 622, 29]
[509, 604, 264]
[579, 638, 35]
[516, 622, 279]
[588, 660, -32]
[489, 645, 230]
[542, 145, -146]
[549, 135, -138]
[554, 135, -138]
[559, 136, -138]
[537, 135, -133]
[533, 136, -133]
[530, 136, -133]
[569, 144, -81]
[527, 144, -57]
[552, 160, -125]
[536, 158, -118]
[610, 220, -65]
[492, 225, -21]
[613, 306, -174]
[456, 286, -129]
[605, 208, -295]
[429, 210, -283]
[606, 185, -315]
[424, 190, -305]
[611, 179, -300]
[429, 186, -299]
[606, 189, -289]
[434, 193, -285]
[580, 422, -14]
[508, 420, 15]
[572, 515, -63]
[503, 510, 100]
[577, 626, 24]
[510, 607, 249]
[577, 641, 29]
[516, 626, 263]
[580, 664, -35]
[489, 649, 226]
[542, 145, -146]
[549, 134, -138]
[554, 135, -138]
[559, 135, -138]
[537, 135, -132]
[533, 135, -132]
[530, 135, -132]
[569, 143, -80]
[526, 143, -55]
[552, 159, -124]
[535, 158, -117]
[610, 220, -65]
[492, 224, -20]
[611, 305, -176]
[454, 286, -131]
[605, 207, -298]
[427, 211, -288]
[603, 184, -320]
[423, 190, -310]
[608, 178, -303]
[428, 186, -305]
[604, 188, -293]
[431, 193, -290]
[579, 422, -15]
[507, 419, 15]
[572, 516, -68]
[503, 511, 99]
[577, 628, 19]
[510, 608, 250]
[576, 643, 25]
[517, 629, 264]
[580, 666, -41]
[490, 652, 219]
[542, 144, -146]
[549, 134, -138]
[554, 134, -139]
[559, 135, -139]
[537, 134, -133]
[533, 134, -133]
[530, 135, -133]
[569, 143, -82]
[526, 143, -57]
[552, 158, -125]
[535, 157, -117]
[608, 218, -67]
[492, 223, -18]
[607, 299, -176]
[449, 284, -126]
[604, 202, -288]
[431, 208, -274]
[602, 179, -309]
[429, 190, -294]
[607, 177, -294]
[433, 185, -286]
[604, 183, -284]
[436, 192, -276]
[578, 420, -18]
[507, 418, 18]
[570, 516, -62]
[503, 510, 100]
[577, 625, 27]
[510, 608, 250]
[576, 640, 33]
[517, 626, 264]
[579, 665, -31]
[489, 646, 217]
[542, 142, -149]
[549, 133, -141]
[554, 133, -141]
[559, 134, -142]
[536, 133, -136]
[533, 133, -136]
[529, 134, -136]
[569, 142, -85]
[526, 142, -60]
[552, 156, -128]
[535, 156, -121]
[607, 214, -74]
[492, 222, -23]
[601, 289, -184]
[446, 282, -137]
[598, 202, -290]
[432, 203, -295]
[597, 182, -310]
[432, 185, -317]
[603, 178, -297]
[438, 183, -300]
[600, 186, -285]
[441, 190, -294]
[578, 418, -19]
[507, 417, 19]
[569, 516, -56]
[503, 508, 99]
[577, 621, 41]
[510, 574, 250]
[576, 635, 48]
[516, 620, 264]
[574, 661, -20]
[489, 642, 216]
[540, 142, -152]
[549, 133, -144]
[554, 133, -144]
[559, 133, -144]
[536, 133, -138]
[532, 133, -138]
[528, 133, -138]
[569, 142, -86]
[526, 142, -61]
[551, 156, -130]
[533, 156, -123]
[606, 212, -72]
[492, 219, -21]
[603, 291, -183]
[445, 280, -136]
[593, 208, -293]
[434, 203, -295]
[592, 189, -316]
[433, 188, -317]
[599, 183, -300]
[439, 185, -304]
[596, 191, -288]
[443, 191, -294]
[578, 413, -18]
[507, 414, 19]
[569, 516, -54]
[503, 509, 96]
[577, 623, 42]
[510, 587, 240]
[576, 637, 48]
[516, 622, 254]
[574, 663, -18]
[489, 644, 203]
[538, 143, -149]
[547, 133, -142]
[552, 133, -142]
[557, 134, -142]
[534, 133, -136]
[530, 133, -136]
[527, 134, -136]
[568, 142, -85]
[525, 142, -60]
[548, 157, -128]
[531, 156, -120]
[604, 212, -71]
[492, 217, -21]
[605, 292, -182]
[445, 272, -136]
[593, 211, -297]
[437, 203, -291]
[590, 193, -321]
[441, 189, -314]
[595, 186, -305]
[452, 187, -301]
[593, 194, -293]
[453, 193, -290]
[578, 414, -18]
[507, 414, 19]
[570, 516, -51]
[502, 509, 100]
[579, 622, 43]
[511, 593, 242]
[578, 637, 48]
[518, 621, 256]
[580, 661, -16]
[489, 641, 209]
[536, 144, -148]
[546, 134, -141]
[551, 134, -141]
[556, 134, -141]
[532, 134, -136]
[529, 134, -136]
[526, 134, -136]
[567, 142, -84]
[524, 142, -60]
[547, 158, -127]
[529, 157, -120]
[603, 212, -68]
[491, 216, -22]
[605, 296, -181]
[444, 274, -138]
[590, 212, -301]
[440, 203, -292]
[588, 195, -327]
[447, 190, -314]
[594, 188, -310]
[457, 187, -303]
[591, 196, -297]
[458, 194, -291]
[579, 414, -18]
[507, 414, 18]
[570, 517, -51]
[502, 509, 99]
[579, 622, 43]
[511, 600, 242]
[578, 637, 48]
[518, 622, 256]
[580, 662, -15]
[489, 643, 208]
[536, 145, -150]
[545, 134, -143]
[550, 134, -143]
[556, 135, -143]
[532, 134, -137]
[528, 134, -137]
[525, 134, -137]
[567, 142, -84]
[524, 142, -60]
[547, 159, -128]
[529, 157, -121]
[603, 212, -62]
[490, 216, -18]
[606, 306, -176]
[444, 275, -132]
[592, 213, -306]
[441, 202, -287]
[594, 196, -334]
[448, 188, -310]
[598, 189, -318]
[456, 185, -298]
[595, 197, -302]
[458, 193, -287]
[579, 415, -18]
[507, 414, 18]
[570, 517, -55]
[502, 510, 97]
[579, 625, 41]
[511, 609, 245]
[579, 641, 47]
[517, 626, 259]
[581, 664, -20]
[490, 645, 208]
[534, 145, -150]
[544, 134, -142]
[549, 134, -142]
[555, 135, -143]
[530, 133, -137]
[527, 133, -137]
[523, 133, -137]
[566, 142, -82]
[523, 142, -58]
[545, 158, -128]
[527, 157, -121]
[601, 212, -62]
[489, 216, -13]
[606, 308, -176]
[444, 276, -128]
[594, 215, -307]
[441, 203, -288]
[597, 195, -334]
[446, 186, -311]
[601, 187, -318]
[452, 184, -300]
[598, 196, -303]
[455, 192, -288]
[578, 415, -19]
[507, 414, 19]
[570, 519, -63]
[502, 512, 100]
[580, 628, 26]
[511, 614, 257]
[581, 644, 32]
[517, 629, 272]
[582, 667, -35]
[491, 648, 219]
[531, 144, -149]
[541, 133, -142]
[547, 133, -142]
[552, 134, -142]
[528, 132, -135]
[524, 132, -135]
[521, 133, -135]
[565, 142, -85]
[521, 141, -55]
[542, 158, -128]
[524, 157, -119]
[598, 212, -74]
[488, 216, -7]
[600, 311, -183]
[444, 276, -115]
[593, 216, -306]
[440, 203, -279]
[595, 193, -329]
[441, 186, -300]
[601, 187, -314]
[445, 183, -290]
[597, 197, -301]
[452, 192, -280]
[578, 415, -22]
[507, 414, 22]
[570, 520, -62]
[502, 512, 105]
[582, 628, 29]
[511, 615, 263]
[584, 644, 34]
[517, 629, 278]
[581, 669, -33]
[491, 649, 227]
[529, 144, -149]
[539, 132, -143]
[545, 133, -143]
[551, 134, -143]
[526, 132, -135]
[522, 132, -135]
[518, 132, -135]
[563, 142, -92]
[518, 141, -56]
[540, 158, -128]
[522, 157, -119]
[593, 212, -86]
[487, 216, -3]
[591, 311, -183]
[444, 276, -93]
[585, 213, -277]
[440, 204, -240]
[581, 192, -297]
[443, 186, -257]
[594, 187, -284]
[445, 184, -248]
[593, 195, -273]
[452, 192, -241]
[576, 415, -24]
[507, 415, 24]
[570, 520, -60]
[501, 512, 113]
[584, 628, 31]
[511, 615, 273]
[587, 643, 36]
[517, 628, 288]
[581, 669, -31]
[489, 649, 239]
[530, 143, -147]
[539, 132, -140]
[545, 132, -140]
[551, 133, -140]
[526, 131, -133]
[522, 131, -133]
[518, 132, -133]
[563, 141, -86]
[517, 140, -55]
[541, 158, -126]
[523, 156, -118]
[593, 212, -76]
[486, 215, -7]
[591, 305, -182]
[444, 276, -98]
[587, 213, -291]
[440, 202, -245]
[587, 190, -314]
[443, 184, -264]
[596, 184, -299]
[446, 180, -254]
[594, 193, -287]
[452, 189, -245]
[576, 415, -23]
[506, 415, 24]
[570, 520, -61]
[501, 512, 114]
[584, 628, 29]
[511, 615, 281]
[586, 643, 34]
[517, 629, 297]
[582, 669, -34]
[489, 649, 246]
[530, 143, -148]
[539, 131, -141]
[545, 132, -141]
[551, 133, -141]
[526, 131, -134]
[522, 131, -134]
[518, 131, -134]
[561, 141, -85]
[515, 140, -56]
[541, 157, -127]
[522, 156, -118]
[592, 213, -76]
[485, 215, -10]
[592, 305, -183]
[444, 274, -109]
[587, 213, -291]
[442, 201, -253]
[588, 181, -315]
[443, 185, -273]
[597, 183, -299]
[446, 180, -263]
[594, 192, -287]
[454, 189, -254]
[576, 416, -23]
[506, 415, 23]
[570, 520, -51]
[500, 512, 113]
[584, 628, 43]
[510, 615, 286]
[586, 643, 49]
[517, 628, 302]
[584, 669, -20]
[488, 649, 249]
[530, 142, -150]
[539, 131, -143]
[545, 131, -143]
[550, 132, -143]
[525, 130, -137]
[521, 131, -137]
[517, 131, -137]
[560, 140, -85]
[514, 140, -58]
[540, 157, -127]
[522, 156, -120]
[592, 213, -65]
[482, 215, -13]
[593, 305, -177]
[440, 277, -128]
[590, 213, -301]
[435, 201, -288]
[592, 183, -328]
[434, 184, -313]
[602, 184, -313]
[439, 179, -302]
[596, 193, -298]
[443, 188, -289]
[576, 416, -21]
[505, 415, 21]
[570, 520, -53]
[500, 512, 112]
[583, 628, 48]
[510, 616, 298]
[584, 643, 55]
[517, 629, 315]
[583, 670, -13]
[489, 652, 259]
[528, 142, -155]
[538, 130, -146]
[543, 131, -146]
[549, 132, -146]
[523, 130, -142]
[519, 130, -142]
[515, 131, -142]
[559, 140, -85]
[511, 140, -61]
[539, 157, -131]
[520, 156, -124]
[593, 213, -63]
[480, 215, -16]
[594, 306, -174]
[440, 281, -131]
[590, 216, -302]
[430, 201, -297]
[592, 189, -329]
[425, 184, -323]
[602, 185, -315]
[434, 180, -313]
[596, 194, -299]
[438, 188, -298]
[576, 416, -19]
[505, 415, 19]
[570, 519, -55]
[498, 512, 112]
[583, 625, 49]
[510, 613, 298]
[584, 641, 56]
[517, 626, 316]
[585, 665, -12]
[489, 650, 262]
[527, 142, -157]
[536, 130, -148]
[542, 130, -149]
[548, 131, -149]
[522, 129, -143]
[518, 130, -143]
[514, 130, -143]
[558, 139, -87]
[510, 139, -62]
[538, 156, -133]
[519, 155, -127]
[592, 213, -67]
[480, 215, -16]
[593, 308, -175]
[440, 281, -126]
[590, 219, -303]
[430, 201, -292]
[593, 193, -330]
[425, 184, -316]
[602, 186, -317]
[432, 180, -307]
[596, 195, -301]
[435, 188, -293]
[575, 416, -19]
[505, 416, 20]
[569, 518, -53]
[497, 511, 113]
[583, 623, 52]
[510, 611, 293]
[584, 638, 59]
[517, 623, 310]
[585, 662, -9]
[490, 649, 256]
[526, 141, -156]
[536, 129, -148]
[542, 130, -148]
[547, 131, -149]
[521, 129, -143]
[518, 129, -143]
[514, 129, -143]
[557, 138, -88]
[511, 138, -62]
[538, 155, -134]
[519, 154, -126]
[592, 213, -73]
[480, 214, -9]
[592, 308, -181]
[440, 281, -111]
[591, 219, -308]
[429, 201, -279]
[594, 194, -335]
[425, 184, -301]
[604, 186, -323]
[430, 180, -294]
[597, 195, -306]
[434, 188, -281]
[574, 416, -20]
[505, 415, 20]
[569, 517, -52]
[497, 511, 112]
[582, 622, 55]
[510, 610, 290]
[584, 637, 62]
[517, 623, 307]
[581, 662, -6]
[490, 649, 255]
[526, 140, -155]
[536, 129, -147]
[541, 129, -148]
[547, 130, -148]
[521, 128, -141]
[517, 129, -141]
[514, 129, -141]
[557, 138, -89]
[511, 137, -61]
[537, 155, -133]
[518, 154, -125]
[592, 213, -75]
[480, 214, -8]
[592, 308, -174]
[441, 281, -106]
[590, 220, -280]
[430, 202, -267]
[590, 193, -303]
[425, 185, -289]
[602, 187, -292]
[430, 181, -282]
[596, 197, -277]
[434, 188, -270]
[574, 416, -20]
[505, 415, 20]
[568, 517, -43]
[497, 511, 111]
[581, 620, 64]
[510, 609, 284]
[583, 634, 71]
[517, 622, 300]
[579, 661, 5]
[490, 648, 250]
[526, 139, -153]
[536, 128, -146]
[541, 129, -146]
[547, 130, -146]
[521, 128, -139]
[517, 128, -139]
[513, 128, -139]
[556, 137, -90]
[511, 137, -60]
[537, 154, -133]
[518, 153, -123]
[592, 213, -79]
[480, 214, -6]
[590, 310, -174]
[440, 281, -98]
[586, 221, -278]
[428, 203, -254]
[585, 191, -300]
[425, 185, -274]
[601, 188, -289]
[430, 181, -266]
[591, 199, -275]
[433, 189, -256]
[574, 416, -20]
[505, 415, 21]
[567, 516, -45]
[496, 510, 107]
[580, 617, 65]
[510, 607, 276]
[583, 630, 73]
[517, 620, 292]
[576, 659, 7]
[491, 647, 242]
[525, 139, -150]
[535, 128, -144]
[541, 129, -144]
[546, 130, -144]
[521, 128, -136]
[517, 128, -136]
[513, 128, -136]
[556, 137, -90]
[511, 137, -58]
[537, 154, -131]
[518, 153, -121]
[592, 213, -78]
[480, 214, -6]
[589, 309, -175]
[440, 281, -102]
[586, 222, -283]
[428, 204, -261]
[586, 197, -306]
[425, 186, -282]
[600, 190, -295]
[430, 182, -274]
[592, 199, -280]
[434, 190, -263]
[573, 415, -20]
[505, 414, 21]
[566, 514, -46]
[496, 510, 100]
[579, 616, 61]
[510, 606, 261]
[582, 629, 69]
[517, 619, 276]
[574, 657, 2]
[491, 646, 224]
[525, 139, -151]
[535, 128, -144]
[541, 129, -144]
[546, 130, -144]
[521, 128, -137]
[517, 128, -137]
[513, 128, -137]
[556, 137, -89]
[511, 137, -59]
[537, 153, -131]
[518, 152, -122]
[592, 213, -77]
[480, 213, -11]
[589, 308, -175]
[442, 281, -118]
[588, 222, -288]
[429, 205, -288]
[590, 197, -313]
[427, 188, -312]
[603, 189, -304]
[430, 183, -304]
[596, 199, -286]
[435, 191, -290]
[573, 414, -20]
[504, 414, 20]
[565, 514, -46]
[496, 510, 99]
[579, 615, 59]
[509, 604, 261]
[581, 628, 66]
[516, 617, 276]
[574, 656, 0]
[491, 643, 224]
[525, 139, -151]
[535, 128, -144]
[541, 129, -144]
[546, 130, -144]
[521, 128, -138]
[517, 128, -138]
[513, 128, -138]
[556, 137, -89]
[511, 137, -61]
[537, 153, -131]
[518, 152, -122]
[592, 213, -75]
[481, 213, -16]
[589, 308, -175]
[443, 281, -128]
[588, 222, -293]
[430, 207, -297]
[590, 199, -319]
[429, 189, -321]
[603, 190, -308]
[431, 184, -313]
[596, 200, -291]
[436, 192, -299]
[572, 414, -20]
[504, 413, 20]
[564, 514, -46]
[496, 509, 100]
[577, 615, 59]
[509, 604, 263]
[580, 629, 66]
[516, 616, 278]
[574, 656, -1]
[491, 642, 226]
[525, 139, -151]
[535, 128, -144]
[541, 129, -144]
[546, 130, -144]
[521, 128, -138]
[517, 128, -138]
[513, 128, -138]
[556, 137, -85]
[510, 137, -61]
[537, 153, -131]
[518, 152, -123]
[592, 213, -66]
[481, 214, -16]
[594, 309, -171]
[443, 282, -131]
[589, 224, -300]
[430, 207, -303]
[592, 201, -327]
[429, 189, -328]
[603, 191, -315]
[432, 184, -318]
[596, 201, -297]
[436, 193, -304]
[572, 413, -19]
[504, 413, 19]
[564, 514, -47]
[497, 510, 99]
[576, 619, 57]
[509, 606, 265]
[578, 634, 63]
[516, 619, 280]
[574, 659, -2]
[492, 644, 227]
[525, 139, -157]
[535, 128, -148]
[541, 129, -148]
[546, 130, -149]
[520, 128, -143]
[517, 128, -143]
[513, 129, -143]
[556, 137, -85]
[510, 137, -63]
[537, 154, -134]
[518, 153, -127]
[593, 214, -65]
[480, 217, -19]
[600, 311, -177]
[443, 287, -138]
[590, 224, -322]
[432, 210, -314]
[593, 202, -352]
[431, 190, -340]
[603, 191, -337]
[434, 185, -330]
[596, 201, -319]
[439, 194, -315]
[573, 414, -19]
[504, 413, 19]
[564, 514, -47]
[497, 510, 99]
[573, 623, 56]
[510, 607, 265]
[574, 637, 63]
[516, 620, 281]
[572, 661, -2]
[494, 645, 228]
[524, 142, -159]
[535, 130, -151]
[540, 130, -151]
[546, 131, -151]
[520, 130, -145]
[516, 130, -145]
[512, 130, -145]
[556, 138, -90]
[510, 138, -64]
[536, 155, -136]
[517, 154, -128]
[595, 215, -66]
[480, 219, -19]
[606, 314, -185]
[443, 296, -135]
[592, 224, -334]
[433, 214, -304]
[593, 202, -362]
[431, 192, -329]
[602, 192, -345]
[435, 187, -319]
[596, 201, -329]
[441, 197, -305]
[573, 415, -19]
[504, 414, 20]
[564, 515, -40]
[497, 510, 93]
[569, 624, 71]
[510, 608, 260]
[571, 638, 78]
[516, 620, 276]
[566, 661, 16]
[495, 645, 224]
[524, 143, -158]
[534, 130, -150]
[540, 131, -150]
[546, 131, -150]
[519, 130, -144]
[516, 131, -144]
[512, 131, -144]
[556, 138, -90]
[510, 139, -64]
[536, 156, -136]
[517, 156, -128]
[596, 215, -66]
[482, 220, -19]
[607, 314, -189]
[443, 296, -133]
[592, 225, -335]
[433, 215, -304]
[592, 202, -362]
[433, 195, -329]
[600, 193, -347]
[437, 190, -320]
[595, 202, -331]
[442, 198, -305]
[573, 416, -19]
[504, 415, 20]
[564, 515, -34]
[497, 509, 94]
[567, 622, 77]
[510, 604, 259]
[568, 636, 85]
[516, 617, 275]
[564, 660, 24]
[495, 642, 224]
[524, 143, -160]
[534, 131, -153]
[540, 131, -153]
[546, 132, -153]
[519, 131, -146]
[516, 131, -146]
[512, 132, -146]
[556, 139, -92]
[510, 140, -65]
[536, 157, -137]
[517, 156, -129]
[597, 215, -67]
[483, 220, -20]
[608, 315, -192]
[437, 294, -136]
[593, 225, -341]
[434, 216, -312]
[591, 202, -370]
[435, 197, -338]
[599, 193, -354]
[439, 192, -328]
[595, 202, -337]
[443, 200, -313]
[573, 416, -19]
[504, 415, 20]
[564, 515, -33]
[497, 508, 93]
[565, 621, 79]
[509, 603, 259]
[566, 635, 87]
[516, 615, 275]
[562, 660, 24]
[495, 641, 223]
[524, 144, -159]
[534, 131, -152]
[540, 131, -152]
[546, 132, -152]
[520, 131, -146]
[516, 132, -146]
[512, 132, -146]
[556, 139, -90]
[510, 140, -65]
[536, 157, -137]
[517, 157, -129]
[598, 215, -67]
[483, 220, -25]
[608, 315, -190]
[445, 294, -145]
[592, 222, -334]
[440, 217, -314]
[589, 201, -363]
[443, 197, -339]
[596, 192, -344]
[445, 192, -329]
[593, 201, -330]
[449, 201, -314]
[573, 417, -19]
[504, 415, 19]
[564, 515, -32]
[497, 507, 93]
[564, 621, 78]
[509, 603, 259]
[564, 635, 86]
[515, 615, 275]
[561, 660, 22]
[495, 641, 224]
[525, 143, -165]
[535, 131, -157]
[540, 131, -157]
[546, 132, -157]
[520, 131, -151]
[516, 132, -151]
[513, 132, -151]
[557, 139, -95]
[510, 140, -72]
[537, 157, -142]
[518, 157, -135]
[600, 215, -72]
[483, 221, -34]
[610, 315, -198]
[446, 297, -153]
[594, 220, -342]
[440, 217, -322]
[590, 198, -371]
[435, 196, -348]
[597, 190, -354]
[440, 192, -339]
[594, 199, -338]
[445, 201, -323]
[574, 418, -18]
[504, 417, 18]
[564, 515, -31]
[497, 507, 97]
[564, 624, 81]
[509, 604, 273]
[564, 637, 89]
[515, 616, 289]
[560, 664, 28]
[495, 642, 239]
[526, 143, -164]
[535, 131, -156]
[541, 131, -156]
[547, 132, -156]
[521, 131, -150]
[517, 131, -150]
[513, 132, -150]
[557, 139, -94]
[510, 140, -70]
[538, 156, -141]
[518, 156, -134]
[601, 216, -71]
[483, 221, -32]
[612, 313, -194]
[448, 299, -148]
[594, 214, -334]
[438, 217, -317]
[592, 194, -363]
[428, 197, -343]
[599, 185, -347]
[432, 192, -335]
[596, 195, -331]
[438, 200, -318]
[576, 419, -16]
[505, 417, 16]
[567, 515, -32]
[497, 507, 97]
[564, 626, 83]
[509, 606, 278]
[564, 639, 92]
[515, 619, 295]
[562, 666, 29]
[495, 646, 242]
[526, 143, -163]
[536, 131, -155]
[541, 131, -155]
[547, 132, -155]
[521, 131, -150]
[517, 131, -150]
[514, 132, -150]
[557, 140, -94]
[511, 140, -70]
[538, 156, -140]
[519, 156, -133]
[602, 216, -70]
[483, 222, -30]
[613, 311, -193]
[449, 301, -145]
[595, 215, -331]
[438, 218, -315]
[592, 194, -359]
[428, 198, -340]
[599, 186, -344]
[432, 192, -331]
[594, 196, -328]
[438, 201, -316]
[577, 420, -16]
[505, 419, 16]
[567, 516, -30]
[498, 508, 104]
[566, 627, 80]
[509, 608, 284]
[566, 641, 88]
[515, 621, 301]
[566, 667, 25]
[495, 648, 247]
[527, 143, -165]
[536, 131, -157]
[542, 131, -157]
[547, 132, -157]
[522, 131, -152]
[518, 132, -152]
[515, 132, -152]
[557, 140, -94]
[512, 140, -72]
[538, 156, -141]
[520, 156, -135]
[602, 216, -70]
[483, 222, -33]
[614, 309, -192]
[450, 302, -145]
[595, 215, -334]
[438, 218, -313]
[589, 194, -362]
[428, 199, -339]
[598, 186, -347]
[432, 193, -331]
[592, 196, -331]
[438, 201, -314]
[577, 421, -16]
[505, 419, 16]
[569, 516, -24]
[498, 508, 107]
[570, 628, 83]
[509, 608, 287]
[569, 641, 91]
[515, 621, 304]
[574, 667, 25]
[495, 649, 249]
[528, 143, -188]
[537, 131, -180]
[542, 132, -180]
[548, 132, -180]
[524, 132, -175]
[520, 132, -175]
[516, 132, -176]
[558, 140, -114]
[513, 141, -93]
[539, 157, -162]
[522, 157, -156]
[604, 218, -82]
[483, 222, -42]
[617, 309, -174]
[455, 302, -141]
[595, 267, -308]
[443, 222, -312]
[600, 270, -337]
[442, 203, -340]
[601, 256, -332]
[436, 196, -337]
[597, 260, -309]
[441, 204, -315]
[578, 421, -16]
[506, 419, 16]
[570, 516, -23]
[499, 508, 107]
[574, 630, 88]
[509, 612, 285]
[572, 645, 95]
[515, 625, 302]
[581, 668, 25]
[492, 653, 247]
[529, 143, -188]
[538, 131, -179]
[544, 132, -179]
[549, 132, -179]
[525, 132, -175]
[520, 132, -175]
[516, 132, -175]
[559, 140, -111]
[514, 141, -93]
[541, 157, -162]
[523, 157, -157]
[604, 218, -80]
[484, 222, -47]
[619, 309, -176]
[459, 302, -152]
[600, 255, -319]
[447, 225, -334]
[599, 252, -350]
[449, 207, -363]
[605, 234, -342]
[438, 197, -359]
[599, 247, -319]
[452, 205, -336]
[578, 421, -16]
[506, 419, 16]
[570, 516, -22]
[499, 508, 107]
[574, 630, 86]
[509, 612, 285]
[573, 645, 93]
[515, 625, 302]
[581, 668, 24]
[492, 653, 245]
[530, 144, -194]
[539, 132, -186]
[545, 132, -186]
[550, 133, -186]
[525, 132, -182]
[521, 132, -182]
[517, 133, -182]
[560, 141, -118]
[515, 141, -98]
[542, 158, -168]
[523, 158, -162]
[605, 221, -81]
[485, 223, -46]
[622, 310, -178]
[462, 306, -149]
[605, 253, -330]
[446, 233, -335]
[606, 242, -361]
[441, 213, -366]
[609, 240, -353]
[435, 201, -364]
[605, 248, -330]
[448, 210, -339]
[578, 421, -15]
[507, 419, 16]
[571, 516, -16]
[500, 508, 102]
[576, 631, 98]
[509, 613, 282]
[575, 646, 105]
[515, 625, 298]
[584, 668, 33]
[492, 654, 234]
[531, 144, -188]
[541, 132, -180]
[547, 133, -180]
[552, 134, -180]
[526, 132, -175]
[522, 133, -175]
[518, 133, -176]
[561, 142, -113]
[516, 141, -92]
[543, 159, -163]
[524, 159, -157]
[605, 222, -81]
[485, 224, -45]
[623, 312, -161]
[461, 305, -121]
[604, 272, -310]
[440, 238, -317]
[605, 256, -341]
[425, 217, -354]
[608, 265, -337]
[425, 205, -355]
[604, 268, -312]
[434, 212, -325]
[579, 421, -15]
[507, 419, 16]
[571, 516, -17]
[500, 508, 92]
[577, 631, 97]
[509, 613, 266]
[576, 647, 104]
[516, 625, 282]
[585, 668, 32]
[492, 655, 219]
[531, 145, -200]
[541, 133, -192]
[547, 134, -192]
[552, 134, -192]
[527, 133, -187]
[522, 134, -187]
[518, 134, -187]
[562, 142, -123]
[516, 142, -100]
[543, 159, -173]
[525, 159, -167]
[606, 223, -83]
[486, 225, -44]
[623, 313, -169]
[460, 307, -126]
[605, 261, -336]
[433, 239, -322]
[606, 264, -367]
[417, 219, -356]
[607, 254, -360]
[419, 207, -357]
[604, 259, -336]
[426, 213, -329]
[579, 421, -15]
[507, 419, 16]
[572, 516, -18]
[500, 509, 94]
[578, 632, 99]
[509, 613, 273]
[577, 648, 106]
[516, 626, 290]
[586, 668, 31]
[492, 656, 223]
[532, 145, -187]
[542, 133, -177]
[548, 134, -177]
[553, 135, -177]
[527, 133, -172]
[523, 134, -172]
[518, 134, -172]
[563, 143, -108]
[516, 142, -88]
[544, 159, -161]
[525, 159, -155]
[606, 223, -78]
[486, 225, -36]
[623, 313, -177]
[461, 307, -129]
[601, 243, -334]
[430, 242, -320]
[596, 231, -365]
[419, 225, -352]
[598, 221, -355]
[417, 211, -356]
[597, 228, -333]
[424, 217, -327]
[579, 418, -15]
[506, 417, 15]
[572, 516, -23]
[499, 508, 91]
[577, 632, 94]
[509, 613, 261]
[576, 648, 102]
[516, 626, 276]
[585, 668, 28]
[492, 656, 214]
[533, 145, -181]
[543, 133, -171]
[549, 134, -171]
[554, 135, -171]
[529, 133, -166]
[524, 134, -166]
[520, 134, -166]
[564, 143, -102]
[518, 142, -80]
[545, 159, -155]
[526, 160, -149]
[608, 223, -76]
[488, 224, -34]
[624, 312, -195]
[460, 304, -138]
[600, 237, -354]
[431, 241, -322]
[591, 223, -386]
[432, 224, -353]
[596, 213, -371]
[419, 213, -352]
[595, 221, -351]
[427, 219, -327]
[579, 417, -15]
[506, 415, 15]
[572, 516, -34]
[499, 508, 89]
[577, 630, 84]
[509, 612, 260]
[576, 646, 91]
[516, 625, 275]
[585, 665, 18]
[492, 652, 213]
[535, 146, -167]
[546, 134, -157]
[551, 134, -158]
[556, 135, -158]
[531, 134, -153]
[526, 134, -153]
[522, 135, -153]
[566, 143, -91]
[520, 143, -71]
[547, 160, -142]
[528, 160, -137]
[611, 222, -69]
[490, 223, -34]
[628, 295, -182]
[461, 295, -144]
[602, 248, -322]
[448, 246, -322]
[592, 238, -354]
[460, 229, -353]
[593, 224, -342]
[461, 217, -350]
[592, 230, -320]
[466, 224, -326]
[579, 416, -15]
[506, 413, 15]
[572, 516, -42]
[499, 508, 86]
[577, 629, 69]
[509, 611, 251]
[575, 645, 76]
[516, 624, 266]
[584, 664, 6]
[491, 650, 208]
[538, 145, -152]
[548, 134, -142]
[553, 134, -142]
[558, 135, -142]
[533, 134, -139]
[528, 134, -139]
[524, 134, -139]
[568, 143, -79]
[522, 143, -62]
[550, 159, -128]
[531, 159, -124]
[613, 220, -64]
[490, 221, -35]
[641, 287, -177]
[457, 287, -155]
[596, 249, -300]
[481, 244, -313]
[580, 241, -330]
[493, 230, -342]
[575, 227, -315]
[497, 219, -333]
[576, 233, -297]
[498, 226, -313]
[579, 415, -15]
[506, 413, 15]
[572, 516, -39]
[499, 509, 87]
[576, 623, 72]
[509, 607, 236]
[574, 639, 79]
[516, 621, 250]
[583, 657, 10]
[490, 644, 197]
[539, 144, -154]
[549, 133, -145]
[555, 134, -145]
[559, 135, -145]
[534, 133, -141]
[529, 134, -141]
[525, 134, -141]
[568, 143, -82]
[522, 143, -63]
[551, 159, -131]
[532, 159, -126]
[614, 219, -66]
[490, 221, -35]
[637, 285, -177]
[458, 289, -151]
[588, 249, -305]
[473, 244, -313]
[570, 241, -335]
[478, 233, -343]
[565, 228, -321]
[481, 221, -335]
[566, 233, -301]
[485, 228, -315]
[579, 415, -15]
[506, 413, 15]
[572, 516, -36]
[499, 509, 86]
[576, 620, 84]
[509, 605, 238]
[574, 636, 93]
[516, 619, 252]
[582, 654, 31]
[490, 642, 199]
[542, 142, -166]
[551, 133, -155]
[557, 133, -155]
[561, 134, -155]
[536, 133, -152]
[531, 133, -152]
[527, 134, -152]
[569, 142, -87]
[524, 142, -73]
[553, 158, -140]
[534, 158, -136]
[617, 218, -72]
[492, 219, -51]
[636, 286, -181]
[465, 282, -177]
[588, 258, -306]
[516, 245, -327]
[575, 250, -336]
[533, 237, -355]
[573, 235, -323]
[534, 226, -344]
[572, 240, -303]
[533, 232, -327]
[580, 415, -15]
[506, 412, 15]
[572, 516, -35]
[499, 510, 89]
[576, 617, 91]
[509, 602, 250]
[574, 633, 99]
[517, 615, 265]
[584, 652, 33]
[490, 640, 210]
[543, 142, -177]
[552, 132, -170]
[557, 133, -170]
[562, 134, -170]
[537, 132, -165]
[533, 133, -165]
[528, 133, -165]
[570, 142, -114]
[526, 142, -91]
[554, 157, -155]
[535, 158, -148]
[617, 217, -112]
[496, 218, -62]
[584, 301, -160]
[492, 274, -160]
[482, 258, -175]
[577, 244, -240]
[457, 260, -191]
[601, 236, -258]
[456, 250, -180]
[603, 224, -247]
[465, 257, -169]
[593, 229, -237]
[580, 415, -15]
[506, 412, 15]
[573, 516, -19]
[499, 511, 84]
[578, 622, 124]
[511, 614, 246]
[576, 638, 135]
[519, 628, 260]
[588, 659, 74]
[490, 653, 205]
[542, 142, -186]
[552, 132, -182]
[557, 133, -182]
[562, 134, -182]
[537, 132, -175]
[533, 133, -175]
[529, 134, -175]
[570, 142, -131]
[528, 143, -100]
[554, 157, -166]
[535, 158, -157]
[618, 217, -134]
[498, 218, -61]
[569, 304, -170]
[493, 277, -137]
[476, 264, -190]
[582, 251, -214]
[435, 285, -205]
[617, 251, -230]
[442, 268, -194]
[611, 237, -219]
[452, 269, -184]
[603, 240, -212]
[580, 416, -19]
[505, 412, 19]
[573, 514, -14]
[499, 510, 91]
[580, 621, 127]
[511, 613, 249]
[579, 637, 137]
[519, 627, 263]
[590, 659, 76]
[486, 653, 207]
[543, 144, -143]
[552, 134, -137]
[557, 135, -137]
[562, 135, -137]
[538, 134, -132]
[535, 135, -132]
[531, 135, -132]
[570, 143, -82]
[531, 144, -61]
[554, 158, -121]
[536, 159, -115]
[617, 217, -83]
[500, 217, -36]
[572, 295, -136]
[493, 274, -129]
[519, 276, -170]
[584, 254, -217]
[495, 279, -187]
[614, 253, -236]
[499, 265, -175]
[614, 241, -224]
[503, 267, -165]
[606, 244, -214]
[580, 417, -20]
[505, 412, 20]
[573, 514, -28]
[499, 509, 93]
[584, 619, 77]
[511, 608, 241]
[583, 636, 84]
[519, 624, 254]
[593, 654, 20]
[483, 643, 202]
[542, 146, -142]
[552, 136, -135]
[557, 136, -135]
[561, 137, -135]
[539, 136, -131]
[535, 136, -131]
[532, 137, -131]
[570, 144, -79]
[531, 145, -59]
[553, 159, -119]
[536, 160, -114]
[617, 217, -73]
[501, 217, -33]
[582, 293, -132]
[495, 274, -126]
[532, 282, -171]
[585, 256, -214]
[511, 282, -188]
[613, 255, -233]
[513, 268, -176]
[613, 243, -220]
[517, 270, -166]
[606, 246, -211]
[580, 418, -20]
[506, 413, 20]
[573, 514, -31]
[500, 509, 92]
[587, 618, 75]
[510, 608, 233]
[586, 635, 82]
[519, 624, 245]
[597, 652, 19]
[482, 642, 193]
[542, 146, -167]
[551, 136, -163]
[557, 136, -163]
[561, 136, -163]
[539, 136, -156]
[535, 136, -156]
[532, 137, -156]
[570, 144, -111]
[532, 145, -81]
[553, 159, -146]
[536, 160, -137]
[617, 217, -109]
[502, 217, -36]
[592, 303, -160]
[490, 275, -123]
[531, 306, -214]
[562, 259, -232]
[509, 313, -235]
[588, 259, -254]
[510, 296, -222]
[588, 246, -245]
[514, 295, -209]
[583, 249, -231]
[580, 417, -24]
[506, 413, 24]
[573, 514, -20]
[500, 509, 112]
[588, 617, 94]
[510, 603, 264]
[587, 634, 102]
[519, 619, 278]
[595, 652, 38]
[480, 637, 228]
[542, 146, -172]
[551, 135, -168]
[556, 136, -168]
[561, 136, -168]
[539, 136, -160]
[535, 136, -160]
[532, 136, -160]
[570, 144, -116]
[533, 145, -83]
[553, 159, -151]
[536, 160, -141]
[617, 217, -107]
[502, 217, -27]
[621, 302, -163]
[480, 279, -88]
[545, 311, -235]
[528, 269, -219]
[517, 318, -261]
[548, 270, -241]
[511, 299, -252]
[551, 257, -237]
[520, 299, -231]
[549, 260, -221]
[580, 417, -25]
[506, 413, 26]
[573, 514, -21]
[500, 509, 108]
[587, 617, 99]
[510, 602, 258]
[587, 633, 108]
[519, 617, 271]
[595, 653, 45]
[480, 635, 224]
[542, 146, -171]
[551, 135, -166]
[556, 136, -166]
[561, 136, -166]
[539, 136, -159]
[536, 136, -159]
[532, 136, -159]
[570, 144, -113]
[533, 145, -82]
[553, 159, -150]
[536, 160, -140]
[617, 217, -104]
[502, 218, -10]
[632, 305, -154]
[474, 285, -12]
[560, 314, -251]
[433, 290, -138]
[534, 331, -281]
[426, 297, -158]
[526, 310, -279]
[425, 286, -174]
[533, 307, -251]
[434, 285, -148]
[580, 417, -24]
[506, 413, 25]
[573, 513, -4]
[500, 510, 74]
[587, 615, 145]
[510, 602, 212]
[586, 630, 157]
[518, 617, 224]
[593, 652, 99]
[481, 636, 169]
[542, 144, -160]
[551, 134, -155]
[557, 135, -155]
[562, 135, -155]
[539, 134, -148]
[536, 135, -148]
[532, 135, -148]
[571, 144, -104]
[532, 145, -72]
[554, 158, -140]
[536, 159, -131]
[618, 217, -92]
[502, 219, -3]
[633, 305, -132]
[472, 290, 31]
[574, 324, -247]
[414, 304, -52]
[556, 342, -276]
[398, 308, -67]
[550, 323, -275]
[392, 298, -89]
[552, 318, -247]
[402, 300, -64]
[580, 417, -23]
[506, 413, 23]
[573, 514, 2]
[500, 511, 67]
[587, 610, 161]
[510, 602, 212]
[586, 623, 174]
[518, 616, 225]
[592, 647, 120]
[483, 637, 169]
[543, 143, -155]
[552, 134, -149]
[557, 134, -149]
[562, 135, -149]
[539, 134, -142]
[535, 134, -142]
[532, 135, -142]
[571, 143, -95]
[532, 144, -67]
[554, 157, -134]
[536, 158, -126]
[618, 217, -84]
[502, 219, 0]
[631, 304, -127]
[472, 293, 44]
[572, 323, -242]
[416, 308, -26]
[556, 341, -275]
[400, 311, -40]
[552, 323, -271]
[399, 303, -61]
[553, 319, -247]
[409, 305, -37]
[580, 417, -22]
[506, 413, 22]
[573, 514, 0]
[500, 511, 66]
[587, 608, 157]
[510, 600, 213]
[586, 621, 170]
[518, 613, 226]
[590, 644, 114]
[484, 636, 170]
[543, 142, -157]
[552, 133, -151]
[557, 134, -151]
[562, 135, -151]
[539, 133, -145]
[536, 133, -145]
[532, 134, -145]
[571, 143, -97]
[532, 143, -67]
[554, 156, -136]
[536, 156, -128]
[618, 217, -87]
[502, 219, -3]
[632, 304, -127]
[469, 293, 1]
[583, 334, -224]
[432, 316, -110]
[571, 352, -255]
[422, 324, -130]
[562, 340, -261]
[426, 321, -145]
[567, 327, -228]
[430, 316, -120]
[580, 416, -22]
[506, 411, 22]
[573, 513, 1]
[500, 510, 68]
[587, 604, 158]
[510, 596, 211]
[586, 617, 171]
[518, 610, 223]
[590, 641, 114]
[484, 631, 166]
[543, 142, -158]
[552, 133, -152]
[557, 134, -152]
[562, 135, -152]
[539, 133, -145]
[536, 133, -145]
[532, 134, -145]
[572, 143, -97]
[532, 143, -67]
[554, 156, -137]
[536, 156, -128]
[618, 216, -88]
[502, 219, -3]
[630, 303, -128]
[469, 295, 24]
[582, 338, -226]
[426, 325, -65]
[565, 360, -261]
[411, 333, -84]
[558, 344, -271]
[409, 327, -106]
[562, 332, -235]
[419, 325, -78]
[580, 414, -21]
[506, 411, 21]
[573, 512, 5]
[500, 510, 62]
[587, 603, 170]
[510, 569, 204]
[585, 615, 184]
[517, 610, 217]
[589, 641, 129]
[485, 632, 160]
[543, 141, -163]
[552, 133, -156]
[557, 133, -156]
[563, 134, -156]
[539, 132, -149]
[536, 132, -149]
[532, 133, -149]
[572, 143, -102]
[532, 142, -72]
[554, 155, -142]
[536, 155, -133]
[618, 216, -92]
[501, 220, -6]
[629, 302, -127]
[469, 300, 8]
[588, 349, -229]
[420, 338, -84]
[579, 368, -261]
[400, 352, -104]
[564, 359, -271]
[401, 346, -127]
[572, 346, -235]
[409, 342, -97]
[580, 412, -20]
[506, 411, 20]
[573, 512, 12]
[500, 510, 64]
[586, 602, 183]
[509, 563, 206]
[585, 614, 197]
[517, 610, 219]
[589, 641, 145]
[486, 633, 163]
[543, 139, -171]
[553, 132, -164]
[558, 133, -164]
[563, 134, -164]
[539, 131, -157]
[536, 131, -157]
[532, 131, -157]
[572, 142, -112]
[532, 140, -80]
[554, 154, -151]
[536, 153, -141]
[618, 216, -102]
[501, 220, -15]
[629, 302, -132]
[469, 302, 14]
[588, 354, -231]
[418, 343, -63]
[577, 373, -262]
[398, 357, -82]
[568, 361, -273]
[398, 352, -106]
[572, 353, -236]
[405, 348, -77]
[580, 411, -19]
[506, 411, 19]
[573, 511, 11]
[500, 510, 63]
[586, 601, 189]
[509, 560, 210]
[585, 612, 204]
[517, 610, 223]
[589, 640, 150]
[487, 633, 166]
[543, 139, -171]
[553, 131, -165]
[558, 132, -165]
[563, 133, -165]
[539, 130, -158]
[536, 130, -158]
[532, 131, -158]
[572, 141, -113]
[532, 139, -82]
[554, 153, -151]
[536, 152, -142]
[618, 216, -102]
[501, 220, -19]
[629, 302, -133]
[468, 303, 9]
[589, 354, -231]
[417, 344, -70]
[576, 373, -263]
[397, 357, -89]
[569, 361, -274]
[394, 352, -113]
[572, 354, -238]
[403, 348, -83]
[581, 411, -18]
[506, 411, 18]
[573, 511, 13]
[500, 510, 63]
[585, 599, 193]
[509, 560, 210]
[583, 610, 208]
[517, 611, 223]
[588, 639, 155]
[488, 634, 166]
[543, 138, -180]
[553, 131, -173]
[558, 132, -174]
[563, 133, -174]
[539, 130, -166]
[536, 130, -166]
[532, 130, -166]
[572, 141, -120]
[532, 139, -88]
[554, 153, -160]
[536, 152, -150]
[618, 216, -111]
[501, 220, -22]
[631, 303, -134]
[468, 303, 13]
[593, 360, -224]
[415, 349, -63]
[581, 381, -254]
[397, 363, -80]
[573, 369, -266]
[394, 359, -106]
[576, 362, -230]
[401, 355, -76]
[581, 409, -19]
[506, 409, 19]
[573, 510, 10]
[500, 509, 65]
[585, 595, 189]
[509, 559, 211]
[583, 606, 205]
[518, 610, 224]
[587, 636, 151]
[488, 634, 167]
[543, 138, -186]
[553, 130, -179]
[558, 131, -179]
[563, 132, -179]
[539, 129, -172]
[536, 129, -172]
[532, 129, -172]
[572, 141, -126]
[532, 138, -94]
[554, 153, -165]
[536, 152, -156]
[618, 216, -117]
[500, 221, -26]
[632, 305, -134]
[468, 303, 4]
[591, 362, -213]
[419, 349, -83]
[578, 384, -241]
[400, 363, -101]
[571, 372, -252]
[399, 359, -122]
[573, 364, -218]
[408, 355, -95]
[581, 408, -20]
[506, 408, 20]
[573, 509, 8]
[500, 509, 66]
[585, 594, 184]
[509, 559, 212]
[583, 605, 199]
[518, 610, 225]
[587, 634, 144]
[488, 633, 168]
[543, 137, -182]
[552, 129, -176]
[557, 129, -176]
[563, 130, -176]
[539, 128, -170]
[535, 128, -170]
[532, 128, -170]
[572, 139, -121]
[531, 137, -93]
[554, 152, -161]
[536, 151, -152]
[618, 216, -113]
[499, 221, -23]
[631, 305, -126]
[469, 302, 14]
[594, 370, -195]
[422, 353, -67]
[582, 394, -223]
[405, 365, -85]
[574, 382, -235]
[403, 361, -109]
[575, 373, -201]
[412, 357, -80]
[581, 408, -21]
[505, 407, 21]
[573, 509, 7]
[499, 509, 68]
[584, 592, 183]
[509, 557, 218]
[583, 603, 198]
[518, 608, 230]
[586, 632, 143]
[486, 630, 172]
[542, 136, -179]
[552, 128, -173]
[557, 129, -173]
[562, 130, -173]
[538, 127, -167]
[535, 127, -167]
[531, 128, -167]
[572, 139, -119]
[531, 137, -91]
[554, 151, -158]
[535, 150, -150]
[618, 216, -114]
[499, 221, -14]
[631, 307, -122]
[469, 302, 37]
[592, 375, -190]
[423, 352, -33]
[579, 399, -217]
[408, 365, -49]
[572, 389, -231]
[406, 362, -74]
[574, 381, -195]
[415, 358, -46]
[580, 408, -22]
[505, 406, 22]
[573, 509, 3]
[499, 510, 67]
[583, 593, 180]
[509, 560, 216]
[582, 604, 195]
[519, 612, 228]
[586, 633, 140]
[486, 632, 169]
[542, 136, -179]
[551, 128, -173]
[556, 128, -173]
[562, 129, -173]
[537, 127, -166]
[534, 127, -166]
[531, 127, -166]
[572, 139, -121]
[530, 137, -89]
[553, 151, -159]
[535, 150, -149]
[618, 216, -115]
[498, 221, -14]
[631, 308, -122]
[469, 302, 32]
[591, 377, -191]
[425, 352, -45]
[578, 401, -219]
[409, 365, -62]
[571, 392, -232]
[407, 362, -87]
[573, 382, -196]
[416, 358, -58]
[580, 408, -22]
[505, 406, 22]
[573, 509, 1]
[499, 510, 66]
[582, 594, 181]
[509, 562, 213]
[582, 605, 197]
[519, 615, 226]
[586, 634, 141]
[486, 636, 165]
[542, 136, -178]
[551, 127, -171]
[556, 128, -171]
[561, 129, -171]
[537, 127, -163]
[534, 127, -163]
[530, 127, -163]
[571, 138, -116]
[529, 136, -80]
[553, 151, -157]
[534, 150, -147]
[617, 215, -109]
[497, 221, -6]
[631, 309, -108]
[469, 302, 48]
[591, 383, -181]
[425, 355, -25]
[579, 408, -210]
[410, 369, -41]
[570, 398, -225]
[408, 367, -68]
[572, 389, -187]
[417, 362, -39]
[580, 408, -23]
[505, 406, 23]
[573, 513, -10]
[499, 512, 63]
[582, 602, 180]
[509, 562, 213]
[582, 613, 195]
[519, 624, 225]
[585, 643, 139]
[486, 643, 163]
[540, 135, -177]
[549, 127, -169]
[555, 127, -169]
[560, 128, -169]
[536, 126, -160]
[533, 126, -160]
[529, 126, -161]
[571, 138, -114]
[528, 136, -76]
[552, 151, -156]
[533, 150, -144]
[617, 215, -109]
[495, 221, -3]
[631, 308, -110]
[469, 302, 57]
[590, 382, -182]
[426, 359, -7]
[579, 405, -212]
[410, 374, -21]
[570, 396, -225]
[411, 371, -48]
[572, 388, -188]
[420, 368, -20]
[580, 408, -24]
[505, 406, 24]
[573, 514, -11]
[499, 513, 61]
[581, 605, 180]
[509, 606, 211]
[581, 617, 194]
[519, 627, 223]
[584, 646, 138]
[487, 646, 159]
[537, 134, -171]
[546, 125, -165]
[552, 126, -165]
[557, 127, -165]
[534, 125, -156]
[530, 125, -156]
[526, 126, -156]
[569, 138, -114]
[526, 136, -74]
[548, 150, -153]
[530, 149, -141]
[617, 215, -109]
[493, 221, -6]
[630, 308, -111]
[468, 303, 50]
[594, 386, -182]
[427, 365, -5]
[587, 407, -211]
[412, 381, -19]
[578, 400, -224]
[415, 378, -47]
[578, 393, -188]
[425, 374, -19]
[580, 409, -24]
[504, 406, 25]
[573, 515, -10]
[499, 513, 65]
[579, 607, 177]
[510, 608, 214]
[580, 618, 192]
[519, 626, 227]
[582, 647, 134]
[486, 645, 163]
[534, 133, -174]
[543, 124, -169]
[549, 125, -169]
[555, 126, -169]
[531, 124, -160]
[528, 124, -160]
[524, 125, -160]
[569, 137, -121]
[525, 135, -80]
[545, 149, -156]
[528, 148, -144]
[616, 215, -110]
[492, 221, -20]
[629, 306, -113]
[467, 304, 41]
[601, 386, -181]
[429, 368, -18]
[596, 407, -208]
[416, 384, -32]
[586, 402, -222]
[421, 382, -59]
[586, 394, -188]
[429, 378, -31]
[580, 409, -24]
[503, 406, 24]
[573, 515, -9]
[498, 512, 65]
[576, 607, 177]
[510, 604, 216]
[576, 619, 191]
[519, 625, 228]
[581, 647, 131]
[484, 643, 164]
[533, 132, -175]
[542, 123, -169]
[548, 124, -169]
[554, 125, -169]
[530, 123, -161]
[527, 123, -160]
[523, 124, -161]
[568, 137, -122]
[524, 135, -81]
[544, 148, -157]
[526, 148, -144]
[616, 215, -110]
[491, 221, -23]
[627, 304, -113]
[467, 305, 37]
[603, 385, -180]
[430, 368, -19]
[599, 406, -207]
[419, 385, -33]
[589, 401, -220]
[423, 382, -60]
[588, 394, -187]
[431, 378, -32]
[580, 410, -24]
[503, 406, 24]
[573, 515, -9]
[498, 511, 65]
[575, 607, 176]
[510, 602, 216]
[574, 618, 191]
[519, 622, 229]
[581, 647, 131]
[484, 641, 164]
[531, 132, -174]
[541, 123, -169]
[547, 124, -169]
[553, 125, -169]
[529, 123, -160]
[525, 123, -160]
[521, 124, -160]
[568, 137, -121]
[524, 135, -78]
[543, 148, -156]
[525, 148, -143]
[616, 216, -110]
[490, 221, -22]
[626, 306, -114]
[466, 306, 39]
[602, 394, -184]
[434, 374, -18]
[598, 416, -212]
[423, 391, -32]
[588, 411, -225]
[428, 389, -60]
[587, 403, -190]
[436, 384, -31]
[579, 415, -24]
[501, 409, 24]
[572, 519, -15]
[498, 514, 69]
[574, 619, 171]
[510, 614, 233]
[572, 631, 186]
[519, 629, 247]
[579, 661, 123]
[484, 648, 183]
[530, 132, -174]
[540, 123, -169]
[546, 124, -169]
[553, 125, -169]
[527, 122, -160]
[524, 123, -160]
[520, 123, -160]
[567, 136, -121]
[523, 134, -77]
[542, 148, -156]
[524, 147, -143]
[616, 216, -108]
[489, 221, -21]
[624, 306, -114]
[465, 308, 37]
[602, 397, -186]
[435, 376, -25]
[599, 420, -214]
[424, 393, -40]
[589, 416, -226]
[429, 391, -66]
[588, 408, -192]
[437, 386, -38]
[579, 417, -24]
[500, 411, 24]
[573, 522, -16]
[498, 518, 71]
[574, 624, 173]
[510, 621, 241]
[573, 636, 188]
[519, 635, 256]
[579, 667, 123]
[487, 656, 190]
[530, 132, -174]
[539, 123, -169]
[545, 124, -169]
[552, 125, -169]
[526, 122, -160]
[523, 123, -160]
[519, 124, -160]
[567, 136, -121]
[521, 134, -77]
[542, 148, -156]
[523, 147, -143]
[616, 216, -105]
[487, 222, -20]
[623, 308, -111]
[465, 309, 35]
[604, 400, -187]
[436, 379, -25]
[602, 425, -215]
[426, 396, -42]
[592, 421, -227]
[430, 395, -70]
[590, 412, -193]
[438, 390, -39]
[579, 418, -24]
[500, 413, 24]
[573, 525, -18]
[497, 520, 74]
[573, 629, 169]
[511, 622, 248]
[572, 641, 185]
[519, 636, 264]
[577, 672, 120]
[489, 657, 199]
[529, 132, -176]
[538, 123, -171]
[544, 124, -171]
[551, 125, -171]
[525, 122, -161]
[522, 123, -161]
[518, 124, -162]
[566, 136, -121]
[520, 134, -78]
[540, 148, -157]
[522, 147, -145]
[615, 216, -105]
[486, 222, -20]
[622, 310, -112]
[465, 310, 32]
[605, 401, -188]
[437, 382, -33]
[606, 427, -216]
[425, 399, -50]
[595, 423, -229]
[429, 398, -79]
[592, 415, -193]
[438, 393, -47]
[579, 420, -24]
[500, 414, 24]
[573, 527, -20]
[497, 521, 78]
[573, 632, 170]
[511, 626, 255]
[572, 644, 186]
[519, 640, 271]
[577, 675, 122]
[491, 661, 205]
[529, 132, -176]
[538, 123, -171]
[544, 124, -171]
[551, 125, -171]
[525, 122, -162]
[521, 123, -162]
[518, 124, -162]
[566, 136, -121]
[520, 134, -78]
[541, 148, -157]
[522, 148, -145]
[615, 217, -105]
[486, 222, -20]
[622, 310, -110]
[465, 310, 31]
[606, 401, -187]
[437, 380, -33]
[607, 427, -216]
[425, 398, -49]
[596, 423, -230]
[429, 396, -79]
[593, 415, -194]
[438, 391, -47]
[579, 420, -24]
[500, 415, 24]
[573, 527, -20]
[497, 522, 76]
[573, 633, 170]
[511, 627, 248]
[572, 644, 186]
[519, 641, 263]
[576, 676, 122]
[492, 662, 197]
[528, 132, -177]
[537, 123, -172]
[543, 124, -172]
[550, 125, -172]
[524, 122, -162]
[520, 123, -162]
[517, 124, -162]
[565, 136, -122]
[518, 134, -78]
[539, 148, -158]
[521, 148, -145]
[613, 217, -107]
[485, 222, -18]
[620, 312, -112]
[465, 310, 33]
[606, 406, -188]
[438, 381, -36]
[607, 435, -217]
[426, 399, -51]
[596, 432, -232]
[430, 398, -80]
[593, 421, -195]
[438, 393, -50]
[579, 421, -24]
[500, 416, 24]
[573, 529, -23]
[497, 524, 81]
[573, 634, 170]
[511, 630, 260]
[571, 646, 186]
[519, 645, 276]
[576, 679, 122]
[492, 666, 210]
[527, 132, -179]
[536, 123, -173]
[542, 123, -173]
[548, 125, -173]
[523, 122, -164]
[519, 123, -164]
[516, 123, -164]
[563, 136, -122]
[517, 134, -79]
[538, 148, -159]
[521, 148, -147]
[612, 217, -107]
[484, 223, -18]
[619, 313, -107]
[465, 310, 27]
[606, 408, -176]
[440, 383, -44]
[607, 438, -204]
[432, 402, -60]
[596, 434, -220]
[435, 400, -87]
[593, 424, -183]
[443, 395, -58]
[579, 422, -24]
[499, 416, 24]
[575, 529, -26]
[497, 526, 80]
[574, 634, 172]
[512, 632, 255]
[572, 646, 188]
[519, 647, 271]
[577, 680, 122]
[492, 668, 203]
[526, 132, -179]
[535, 123, -173]
[541, 123, -173]
[547, 124, -173]
[522, 122, -164]
[518, 123, -164]
[515, 123, -164]
[562, 136, -122]
[516, 134, -79]
[536, 148, -159]
[519, 148, -147]
[611, 217, -107]
[484, 223, -17]
[617, 313, -106]
[465, 308, 28]
[607, 409, -165]
[444, 381, -39]
[608, 438, -191]
[444, 407, -52]
[597, 436, -207]
[443, 399, -79]
[593, 425, -172]
[447, 393, -52]
[579, 422, -24]
[499, 416, 24]
[576, 529, -25]
[497, 526, 79]
[574, 633, 166]
[512, 629, 253]
[572, 644, 181]
[520, 645, 268]
[578, 678, 115]
[492, 666, 202]
[524, 132, -179]
[534, 123, -173]
[539, 123, -173]
[546, 124, -173]
[521, 122, -164]
[517, 123, -164]
[514, 124, -164]
[561, 136, -122]
[516, 134, -79]
[535, 148, -159]
[518, 148, -147]
[609, 217, -107]
[483, 223, -17]
[616, 315, -106]
[465, 308, 26]
[607, 413, -167]
[445, 382, -46]
[609, 443, -193]
[443, 405, -60]
[598, 442, -209]
[445, 400, -87]
[594, 432, -174]
[449, 395, -59]
[579, 422, -24]
[499, 416, 24]
[576, 529, -33]
[496, 527, 79]
[572, 634, 146]
[512, 631, 250]
[570, 646, 160]
[520, 647, 266]
[578, 679, 91]
[492, 668, 199]
[523, 132, -179]
[533, 123, -173]
[538, 123, -173]
[545, 124, -173]
[520, 122, -164]
[517, 123, -164]
[513, 123, -164]
[560, 136, -121]
[515, 134, -79]
[534, 148, -159]
[517, 148, -147]
[608, 217, -107]
[482, 223, -17]
[616, 316, -107]
[465, 308, 26]
[608, 415, -166]
[446, 382, -46]
[610, 445, -192]
[442, 404, -60]
[598, 443, -208]
[445, 401, -87]
[594, 433, -173]
[449, 395, -59]
[579, 422, -24]
[499, 416, 24]
[576, 529, -30]
[496, 527, 78]
[571, 633, 152]
[512, 630, 250]
[569, 645, 166]
[520, 646, 265]
[577, 678, 99]
[492, 667, 198]
[522, 132, -179]
[532, 123, -173]
[537, 123, -173]
[544, 124, -173]
[519, 122, -164]
[516, 123, -164]
[512, 123, -164]
[559, 136, -122]
[514, 134, -79]
[532, 148, -159]
[516, 148, -147]
[607, 217, -108]
[482, 223, -14]
[615, 318, -107]
[465, 308, 27]
[608, 418, -168]
[446, 383, -47]
[610, 448, -195]
[442, 405, -61]
[598, 447, -210]
[444, 403, -88]
[595, 437, -175]
[449, 397, -60]
[579, 422, -25]
[499, 417, 25]
[576, 530, -48]
[496, 529, 79]
[570, 640, 125]
[513, 636, 254]
[568, 653, 138]
[521, 652, 269]
[576, 687, 67]
[492, 673, 200]
[522, 132, -180]
[531, 123, -175]
[537, 123, -175]
[544, 124, -175]
[519, 122, -165]
[515, 123, -165]
[511, 123, -165]
[559, 136, -124]
[514, 134, -79]
[532, 148, -160]
[516, 148, -147]
[607, 217, -109]
[482, 223, -14]
[615, 318, -107]
[465, 309, 25]
[608, 417, -170]
[446, 386, -51]
[610, 447, -197]
[442, 407, -66]
[598, 446, -213]
[445, 406, -94]
[594, 436, -177]
[449, 400, -65]
[579, 422, -25]
[499, 417, 25]
[576, 531, -53]
[496, 531, 79]
[570, 646, 118]
[514, 640, 256]
[568, 659, 131]
[521, 657, 271]
[576, 692, 57]
[492, 677, 200]
[520, 133, -180]
[530, 123, -175]
[535, 123, -175]
[542, 124, -175]
[517, 122, -165]
[514, 123, -165]
[510, 123, -165]
[558, 136, -125]
[514, 134, -79]
[530, 148, -160]
[515, 148, -147]
[607, 218, -109]
[482, 223, -14]
[615, 321, -107]
[465, 310, 24]
[607, 420, -169]
[448, 388, -53]
[609, 449, -195]
[446, 409, -67]
[598, 448, -210]
[448, 409, -94]
[594, 438, -175]
[452, 402, -66]
[578, 423, -25]
[499, 419, 25]
[576, 533, -53]
[496, 533, 74]
[570, 651, 121]
[514, 647, 249]
[568, 663, 134]
[521, 663, 263]
[576, 698, 60]
[494, 685, 189]
[518, 133, -179]
[528, 123, -174]
[534, 123, -174]
[540, 124, -175]
[516, 122, -164]
[512, 123, -164]
[509, 123, -164]
[557, 136, -126]
[513, 134, -77]
[528, 148, -160]
[513, 148, -146]
[607, 218, -110]
[482, 223, -14]
[615, 322, -108]
[465, 310, 24]
[607, 419, -166]
[448, 389, -51]
[609, 449, -191]
[446, 410, -66]
[597, 447, -207]
[448, 410, -93]
[594, 437, -172]
[452, 403, -65]
[578, 423, -25]
[498, 419, 25]
[577, 533, -48]
[496, 533, 71]
[571, 649, 128]
[514, 646, 241]
[568, 662, 142]
[521, 662, 255]
[577, 696, 70]
[495, 684, 182]
[516, 133, -177]
[527, 122, -173]
[532, 123, -173]
[539, 124, -174]
[514, 122, -162]
[511, 123, -162]
[508, 123, -162]
[556, 135, -127]
[513, 134, -76]
[526, 148, -160]
[512, 148, -144]
[606, 218, -112]
[482, 223, -13]
[615, 322, -111]
[465, 311, 25]
[607, 419, -166]
[448, 389, -51]
[609, 449, -191]
[446, 412, -65]
[597, 447, -206]
[449, 411, -92]
[594, 437, -172]
[452, 404, -64]
[578, 423, -25]
[498, 419, 25]
[577, 533, -45]
[496, 533, 70]
[572, 649, 133]
[515, 646, 239]
[569, 661, 147]
[521, 662, 254]
[577, 695, 76]
[496, 685, 183]
[515, 133, -177]
[526, 122, -173]
[532, 123, -173]
[538, 124, -174]
[514, 122, -162]
[511, 122, -162]
[507, 123, -162]
[555, 135, -127]
[513, 133, -75]
[525, 148, -160]
[511, 148, -144]
[606, 218, -114]
[482, 223, -13]
[615, 322, -113]
[465, 312, 29]
[607, 419, -167]
[448, 390, -46]
[609, 448, -192]
[447, 413, -59]
[598, 447, -207]
[449, 412, -86]
[594, 437, -173]
[452, 405, -59]
[578, 423, -25]
[498, 419, 25]
[577, 532, -45]
[496, 533, 71]
[573, 647, 133]
[515, 644, 238]
[570, 660, 147]
[522, 660, 253]
[578, 694, 77]
[497, 683, 183]
