[654, 432, -38]
[650, 426, -40]
[650, 424, -40]
[650, 422, -40]
[650, 430, -36]
[650, 431, -36]
[650, 432, -36]
[652, 418, -38]
[652, 432, -21]
[659, 429, -35]
[659, 435, -29]
[668, 412, -42]
[670, 441, -4]
[654, 398, -64]
[657, 441, 1]
[642, 395, -78]
[639, 437, -8]
[641, 392, -86]
[636, 435, -9]
[639, 395, -84]
[635, 435, -14]
[640, 396, -77]
[636, 435, -11]
[768, 405, -14]
[769, 424, 14]
[815, 412, -26]
[809, 424, 22]
[859, 411, -6]
[855, 421, 42]
[863, 410, -5]
[860, 417, 44]
[877, 407, -21]
[876, 425, 31]
[217, 357, 127]
[218, 354, 123]
[218, 354, 123]
[212, 357, 123]
[222, 352, 127]
[222, 352, 127]
[222, 352, 127]
[214, 359, 99]
[227, 352, 119]
[219, 361, 118]
[222, 359, 124]
[221, 379, 51]
[256, 358, 108]
[223, 415, 20]
[277, 375, 90]
[225, 422, 19]
[275, 391, 79]
[224, 425, 16]
[276, 393, 82]
[227, 420, 20]
[272, 395, 83]
[228, 418, 21]
[272, 395, 80]
[267, 421, -23]
[290, 409, 23]
[280, 473, -19]
[293, 455, 22]
[328, 482, -128]
[329, 483, -87]
[336, 480, -140]
[337, 485, -100]
[346, 497, -142]
[335, 501, -109]
