[307, 85, -129]
[317, 71, -137]
[322, 70, -137]
[327, 69, -137]
[308, 73, -115]
[307, 73, -115]
[305, 74, -115]
[351, 77, -139]
[321, 80, -39]
[318, 100, -128]
[308, 101, -99]
[411, 159, -162]
[305, 172, 43]
[430, 269, -188]
[311, 268, 85]
[383, 360, -191]
[302, 328, 8]
[375, 388, -216]
[300, 351, 1]
[361, 380, -212]
[298, 343, -19]
[364, 369, -189]
[300, 335, -3]
[394, 347, -63]
[324, 345, 63]
[382, 482, -76]
[327, 480, 110]
[393, 604, 61]
[330, 602, 217]
[405, 625, 69]
[334, 624, 225]
[367, 640, -15]
[312, 640, 147]
[309, 85, -117]
[319, 71, -119]
[324, 70, -119]
[329, 69, -120]
[310, 73, -102]
[308, 73, -102]
[306, 74, -102]
[352, 77, -106]
[322, 79, -25]
[321, 99, -111]
[310, 101, -87]
[413, 158, -123]
[305, 173, 47]
[432, 264, -157]
[306, 268, 86]
[383, 346, -189]
[296, 318, 17]
[376, 371, -215]
[295, 336, 9]
[362, 361, -212]
[291, 326, -12]
[364, 352, -188]
[294, 320, 5]
[393, 347, -54]
[323, 348, 55]
[382, 397, -108]
[309, 419, 0]
[384, 551, -17]
[321, 556, 65]
[393, 578, -12]
[327, 579, 68]
[360, 585, -84]
[294, 592, 4]
[310, 84, -106]
[320, 70, -110]
[325, 69, -110]
[330, 69, -110]
[311, 72, -91]
[309, 73, -91]
[308, 73, -91]
[353, 76, -107]
[323, 78, -20]
[322, 98, -103]
[311, 100, -78]
[414, 158, -129]
[306, 173, 47]
[433, 264, -162]
[304, 268, 86]
[383, 348, -188]
[299, 319, 23]
[382, 376, -214]
[296, 337, 17]
[367, 367, -211]
[293, 326, -2]
[368, 356, -188]
[295, 321, 12]
[393, 349, -55]
[323, 351, 56]
[382, 432, -127]
[310, 427, 25]
[384, 566, -34]
[317, 584, 74]
[394, 602, -30]
[324, 608, 75]
[359, 597, -113]
[290, 620, 0]
[310, 84, -112]
[321, 70, -117]
[325, 69, -117]
[331, 69, -117]
[312, 72, -97]
[310, 72, -97]
[308, 73, -97]
[354, 76, -114]
[325, 78, -24]
[322, 98, -109]
[312, 100, -83]
[414, 158, -137]
[307, 173, 46]
[435, 264, -166]
[304, 268, 85]
[383, 349, -187]
[300, 320, 27]
[384, 382, -212]
[298, 339, 23]
[369, 373, -210]
[295, 327, 3]
[369, 363, -186]
[297, 322, 16]
[392, 351, -56]
[325, 356, 56]
[383, 419, -120]
[310, 428, 15]
[384, 569, -26]
[318, 574, 76]
[395, 599, -21]
[328, 598, 79]
[359, 599, -89]
[292, 611, 19]
[310, 84, -105]
[321, 70, -112]
[325, 69, -112]
[331, 68, -113]
[312, 72, -92]
[310, 72, -92]
[309, 73, -92]
[354, 76, -117]
[326, 78, -23]
[322, 98, -106]
[312, 100, -78]
[416, 158, -141]
[308, 175, 47]
[436, 265, -169]
[305, 268, 92]
[386, 354, -187]
[293, 319, 37]
[384, 384, -212]
[291, 336, 34]
[368, 374, -210]
[284, 327, 11]
[369, 363, -186]
[288, 322, 25]
[392, 352, -56]
[325, 361, 56]
[384, 433, -111]
[312, 441, 43]
[385, 572, 0]
[318, 575, 113]
[395, 600, 5]
[329, 599, 117]
[359, 606, -72]
[293, 612, 55]
[310, 84, -96]
[321, 70, -100]
[325, 69, -100]
[331, 69, -100]
[312, 72, -82]
[311, 73, -82]
[309, 73, -82]
[354, 76, -99]
[326, 78, -14]
[322, 98, -94]
[312, 100, -69]
[416, 158, -119]
[308, 175, 48]
[437, 262, -147]
[302, 269, 90]
[387, 347, -170]
[288, 312, 36]
[383, 371, -193]
[279, 332, 32]
[368, 360, -190]
[274, 323, 12]
[369, 352, -169]
[278, 318, 25]
[387, 352, -51]
[324, 361, 51]
[386, 353, -111]
[300, 388, 9]
[379, 495, -13]
[314, 503, 79]
[387, 523, -6]
[323, 523, 84]
[356, 517, -63]
[286, 525, 40]
[311, 84, -97]
[321, 71, -100]
[326, 70, -100]
[332, 69, -101]
[312, 72, -83]
[311, 73, -83]
[309, 73, -83]
[356, 76, -92]
[326, 78, -14]
[323, 98, -93]
[313, 101, -70]
[417, 158, -113]
[308, 175, 49]
[437, 262, -139]
[298, 269, 87]
[380, 344, -160]
[284, 302, 31]
[382, 370, -180]
[274, 327, 27]
[367, 360, -180]
[269, 317, 6]
[367, 351, -159]
[274, 312, 20]
[385, 353, -49]
[322, 363, 49]
[372, 347, -121]
[272, 388, -30]
[371, 500, -47]
[292, 509, 23]
[381, 530, -42]
[302, 531, 27]
[342, 522, -92]
[257, 530, -19]
[312, 85, -102]
[323, 71, -105]
[328, 70, -105]
[334, 69, -105]
[313, 73, -87]
[311, 73, -87]
[310, 74, -87]
[358, 76, -91]
[326, 78, -14]
[324, 99, -97]
[313, 102, -74]
[416, 157, -115]
[310, 175, 57]
[436, 262, -144]
[300, 268, 98]
[373, 344, -166]
[281, 298, 41]
[370, 373, -187]
[269, 319, 35]
[353, 362, -187]
[263, 308, 15]
[355, 353, -166]
[269, 304, 30]
[385, 353, -50]
[322, 363, 51]
[370, 322, -124]
[261, 363, -16]
[364, 454, -47]
[278, 452, 33]
[373, 482, -41]
[286, 471, 37]
[335, 473, -87]
[245, 461, -3]
[313, 85, -96]
[324, 71, -98]
[330, 70, -98]
[336, 69, -98]
[314, 73, -82]
[312, 73, -82]
[310, 74, -82]
[359, 76, -83]
[326, 79, -10]
[326, 100, -89]
[314, 102, -68]
[416, 155, -110]
[311, 175, 62]
[435, 262, -138]
[301, 265, 93]
[370, 337, -152]
[282, 289, 28]
[361, 361, -168]
[270, 305, 20]
[347, 351, -169]
[265, 293, 9]
[350, 343, -151]
[270, 289, 21]
[384, 353, -51]
[324, 363, 51]
[370, 290, -101]
[258, 354, 39]
[356, 383, -25]
[256, 381, 72]
[359, 405, -19]
[259, 394, 75]
[331, 391, -51]
[223, 369, 36]
[314, 86, -73]
[325, 71, -76]
[331, 70, -76]
[337, 69, -77]
[315, 73, -59]
[312, 74, -59]
[311, 74, -59]
[360, 76, -70]
[326, 79, 7]
[327, 100, -70]
[315, 102, -47]
[416, 155, -107]
[312, 175, 75]
[431, 264, -134]
[302, 267, 98]
[361, 339, -131]
[269, 292, 46]
[350, 364, -144]
[260, 313, 39]
[337, 354, -145]
[256, 302, 26]
[341, 346, -129]
[263, 297, 38]
[385, 354, -52]
[328, 367, 52]
[371, 304, -106]
[253, 376, 39]
[338, 407, -50]
[240, 408, 48]
[342, 429, -44]
[241, 423, 49]
[291, 421, -79]
[201, 392, 22]
[315, 86, -61]
[325, 72, -61]
[331, 71, -61]
[338, 70, -61]
[315, 74, -49]
[313, 74, -49]
[311, 75, -49]
[361, 76, -46]
[326, 80, 13]
[328, 101, -54]
[316, 103, -37]
[416, 152, -68]
[312, 175, 70]
[436, 256, -132]
[289, 273, 80]
[400, 288, -194]
[230, 310, 43]
[396, 302, -207]
[211, 325, 37]
[389, 289, -212]
[209, 319, 26]
[388, 286, -196]
[221, 316, 36]
[392, 354, -41]
[328, 366, 41]
[394, 274, -111]
[227, 353, 7]
[349, 367, -86]
[223, 385, -17]
[353, 389, -82]
[227, 399, -19]
[308, 372, -114]
[191, 372, -44]
[315, 86, -45]
[325, 72, -42]
[331, 71, -42]
[337, 70, -42]
[315, 74, -30]
[313, 74, -30]
[311, 75, -30]
[360, 76, -13]
[326, 80, 41]
[328, 101, -34]
[316, 103, -18]
[415, 151, -20]
[312, 175, 80]
[439, 243, -111]
[284, 274, 75]
[417, 256, -206]
[233, 319, 0]
[418, 265, -218]
[208, 335, -5]
[411, 253, -222]
[210, 332, -19]
[408, 252, -208]
[222, 327, -8]
[395, 353, -32]
[325, 366, 32]
[413, 269, -175]
[243, 351, -28]
[393, 327, -271]
[234, 356, -105]
[395, 353, -281]
[235, 375, -113]
[372, 300, -336]
[215, 313, -157]
[315, 86, -34]
[325, 72, -31]
[331, 71, -31]
[337, 70, -31]
[315, 74, -18]
[313, 74, -18]
[311, 75, -18]
[360, 76, 0]
[326, 80, 58]
[327, 101, -22]
[315, 103, -6]
[415, 150, -8]
[310, 176, 101]
[443, 241, -92]
[285, 276, 79]
[429, 285, -193]
[223, 328, -16]
[439, 300, -212]
[204, 339, -28]
[421, 295, -212]
[203, 335, -44]
[415, 289, -194]
[215, 331, -27]
[395, 352, -32]
[321, 358, 32]
[416, 268, -188]
[220, 340, -49]
[405, 337, -291]
[217, 356, -137]
[408, 366, -301]
[221, 378, -146]
[384, 314, -360]
[197, 319, -190]
[314, 86, -38]
[325, 72, -35]
[331, 71, -35]
[337, 70, -35]
[315, 74, -23]
[313, 74, -23]
[311, 75, -23]
[360, 76, -3]
[326, 80, 55]
[327, 101, -26]
[315, 103, -9]
[415, 150, -7]
[309, 178, 99]
[442, 245, -94]
[282, 281, 71]
[433, 281, -194]
[217, 329, -49]
[437, 291, -209]
[193, 339, -59]
[426, 280, -215]
[191, 335, -76]
[422, 277, -197]
[202, 332, -59]
[399, 348, -33]
[321, 356, 33]
[416, 275, -231]
[226, 341, -18]
[427, 334, -350]
[233, 354, -79]
[428, 363, -362]
[237, 377, -86]
[423, 302, -424]
[212, 309, -131]
[314, 86, -21]
[325, 72, -20]
[331, 71, -20]
[337, 70, -20]
[314, 74, -5]
[312, 74, -5]
[311, 75, -5]
[360, 76, 1]
[326, 80, 68]
[327, 100, -13]
[314, 102, 5]
[415, 150, -10]
[307, 181, 105]
[442, 245, -88]
[283, 287, 74]
[427, 288, -172]
[221, 327, -39]
[431, 299, -186]
[199, 339, -50]
[422, 289, -190]
[197, 335, -65]
[417, 285, -174]
[206, 330, -49]
[398, 346, -35]
[320, 360, 35]
[416, 276, -238]
[236, 350, 12]
[427, 337, -330]
[241, 350, -25]
[429, 362, -339]
[244, 367, -28]
[423, 316, -400]
[238, 309, -58]
[314, 86, -38]
[324, 72, -39]
[330, 71, -39]
[336, 70, -39]
[314, 74, -24]
[312, 74, -24]
[310, 75, -24]
[359, 75, -19]
[326, 80, 46]
[327, 100, -33]
[314, 102, -13]
[415, 150, -34]
[307, 181, 90]
[441, 248, -93]
[284, 285, 72]
[422, 285, -180]
[225, 323, -21]
[425, 296, -191]
[202, 331, -29]
[416, 284, -192]
[200, 326, -46]
[412, 281, -181]
[208, 324, -31]
[398, 347, -37]
[321, 364, 37]
[412, 272, -195]
[268, 345, 23]
[418, 326, -231]
[285, 333, -18]
[421, 349, -235]
[285, 349, -21]
[414, 307, -286]
[282, 287, -57]
[313, 86, -45]
[324, 72, -46]
[330, 71, -46]
[336, 70, -46]
[314, 74, -31]
[312, 74, -31]
[310, 75, -31]
[359, 75, -29]
[326, 80, 43]
[327, 100, -40]
[314, 102, -20]
[415, 150, -41]
[307, 181, 74]
[441, 249, -112]
[286, 283, 63]
[423, 281, -198]
[220, 314, -28]
[425, 293, -210]
[201, 322, -39]
[417, 280, -215]
[198, 314, -54]
[413, 277, -200]
[207, 313, -38]
[398, 347, -37]
[323, 365, 37]
[410, 256, -124]
[274, 327, 14]
[414, 322, -129]
[303, 327, -33]
[419, 345, -129]
[306, 342, -35]
[405, 308, -161]
[299, 291, -61]
[313, 86, -42]
[324, 72, -43]
[329, 71, -43]
[335, 70, -43]
[313, 74, -28]
[312, 74, -29]
[310, 75, -29]
[359, 75, -29]
[326, 80, 39]
[326, 100, -37]
[314, 102, -18]
[415, 150, -47]
[307, 181, 75]
[440, 250, -121]
[287, 281, 68]
[423, 275, -204]
[221, 305, -23]
[426, 285, -216]
[201, 312, -32]
[419, 271, -220]
[199, 304, -47]
[415, 269, -205]
[208, 302, -33]
[399, 347, -37]
[325, 366, 37]
[408, 257, -130]
[280, 327, 11]
[412, 314, -148]
[315, 324, -41]
[414, 343, -149]
[319, 338, -44]
[397, 308, -188]
[316, 288, -72]
[313, 86, -35]
[323, 72, -36]
[329, 71, -36]
[335, 70, -36]
[313, 74, -22]
[311, 75, -22]
[310, 75, -22]
[358, 75, -25]
[326, 80, 40]
[326, 100, -30]
[314, 102, -11]
[416, 151, -41]
[307, 181, 75]
[440, 255, -115]
[288, 281, 67]
[422, 269, -199]
[219, 298, -25]
[423, 275, -214]
[200, 303, -34]
[416, 259, -214]
[197, 294, -48]
[413, 258, -201]
[206, 294, -35]
[400, 349, -36]
[327, 367, 37]
[401, 261, -123]
[290, 336, 11]
[410, 331, -141]
[335, 338, -32]
[412, 354, -142]
[340, 350, -35]
[394, 325, -182]
[338, 308, -66]
[312, 86, -36]
[323, 72, -38]
[328, 71, -38]
[334, 70, -38]
[313, 74, -23]
[311, 75, -23]
[310, 75, -23]
[357, 75, -28]
[326, 80, 38]
[325, 100, -32]
[313, 102, -12]
[415, 151, -45]
[307, 181, 75]
[439, 258, -120]
[288, 280, 80]
[419, 266, -210]
[213, 292, 10]
[418, 272, -225]
[190, 293, 4]
[415, 255, -225]
[188, 282, -11]
[412, 255, -211]
[196, 283, 0]
[398, 353, -37]
[327, 370, 37]
[391, 259, -102]
[298, 338, 21]
[400, 328, -66]
[346, 339, 25]
[403, 346, -63]
[351, 344, 26]
[392, 329, -101]
[352, 318, 0]
[311, 86, -38]
[322, 72, -41]
[328, 71, -41]
[334, 70, -41]
[313, 74, -25]
[311, 75, -25]
[310, 75, -25]
[357, 75, -33]
[326, 80, 37]
[325, 101, -34]
[313, 103, -14]
[415, 151, -51]
[307, 181, 79]
[439, 260, -132]
[286, 280, 86]
[418, 260, -231]
[210, 285, 3]
[415, 264, -253]
[191, 285, 0]
[415, 246, -251]
[184, 275, -15]
[411, 245, -232]
[192, 276, -5]
[397, 364, -41]
[327, 374, 41]
[380, 337, -87]
[296, 419, 23]
[392, 470, -11]
[341, 491, 71]
[400, 494, -5]
[351, 499, 75]
[377, 496, -46]
[333, 515, 36]
[311, 86, -41]
[322, 72, -44]
[328, 71, -44]
[334, 70, -44]
[312, 74, -30]
[311, 75, -30]
[309, 75, -30]
[356, 75, -34]
[325, 81, 31]
[325, 101, -35]
[313, 103, -17]
[414, 151, -56]
[307, 181, 78]
[426, 261, -143]
[286, 280, 84]
[393, 253, -246]
[211, 278, 0]
[386, 255, -269]
[193, 278, -2]
[386, 237, -266]
[185, 268, -18]
[385, 237, -247]
[194, 269, -7]
[388, 368, -42]
[323, 378, 42]
[375, 322, -71]
[298, 410, 28]
[374, 431, 11]
[334, 447, 92]
[379, 453, 17]
[340, 455, 98]
[363, 449, -13]
[324, 452, 72]
[311, 87, -47]
[322, 72, -51]
[327, 71, -51]
[333, 69, -51]
[312, 75, -37]
[310, 75, -37]
[309, 76, -37]
[356, 75, -41]
[324, 81, 23]
[325, 101, -41]
[313, 103, -23]
[411, 151, -67]
[307, 181, 73]
[404, 261, -153]
[286, 280, 84]
[360, 244, -244]
[218, 275, 0]
[351, 244, -264]
[196, 274, -7]
[352, 227, -261]
[189, 265, -23]
[354, 228, -244]
[197, 265, -10]
[382, 372, -43]
[321, 383, 43]
[367, 314, -45]
[300, 402, 38]
[368, 411, 33]
[331, 426, 109]
[372, 439, 39]
[335, 453, 116]
[362, 419, 12]
[325, 417, 100]
[310, 87, -50]
[321, 72, -55]
[326, 71, -55]
[332, 70, -55]
[311, 75, -40]
[310, 75, -40]
[308, 76, -40]
[354, 75, -52]
[324, 81, 18]
[324, 101, -47]
[312, 103, -26]
[407, 151, -76]
[308, 181, 67]
[405, 261, -158]
[287, 277, 79]
[367, 231, -238]
[216, 266, -1]
[359, 227, -257]
[196, 263, -9]
[361, 211, -253]
[191, 255, -25]
[362, 213, -238]
[197, 256, -11]
[381, 373, -44]
[321, 385, 44]
[368, 300, -42]
[302, 393, 45]
[368, 365, 39]
[328, 377, 113]
[370, 380, 46]
[330, 382, 120]
[364, 371, 18]
[325, 361, 105]
[309, 87, -47]
[319, 73, -55]
[325, 71, -55]
[330, 70, -55]
[310, 75, -37]
[308, 76, -37]
[307, 76, -37]
[353, 75, -56]
[324, 81, 20]
[322, 102, -46]
[311, 104, -23]
[399, 151, -94]
[309, 181, 80]
[344, 264, -152]
[285, 274, 89]
[262, 239, -156]
[217, 262, 5]
[238, 239, -170]
[197, 259, -3]
[242, 228, -166]
[193, 250, -18]
[253, 228, -153]
[199, 252, -4]
[379, 378, -49]
[320, 389, 49]
[371, 285, -60]
[301, 383, 53]
[362, 361, 19]
[325, 379, 106]
[360, 379, 24]
[329, 385, 112]
[356, 365, -8]
[320, 365, 92]
[308, 87, -72]
[318, 73, -80]
[324, 71, -80]
[330, 70, -80]
[309, 75, -61]
[307, 76, -61]
[306, 76, -61]
[353, 75, -79]
[322, 81, 3]
[321, 102, -70]
[310, 104, -46]
[400, 153, -103]
[309, 181, 67]
[370, 274, -167]
[283, 274, 56]
[303, 242, -217]
[219, 260, -64]
[282, 241, -237]
[199, 256, -78]
[290, 223, -231]
[199, 245, -89]
[296, 223, -214]
[207, 248, -73]
[384, 382, -49]
[320, 388, 50]
[373, 408, -68]
[301, 462, 50]
[379, 549, 22]
[331, 556, 114]
[390, 575, 28]
[339, 570, 119]
[359, 573, -29]
[318, 579, 71]
[307, 87, -83]
[318, 72, -89]
[323, 71, -89]
[330, 70, -89]
[307, 75, -71]
[305, 76, -71]
[304, 76, -71]
[352, 75, -79]
[320, 81, 0]
[321, 102, -78]
[309, 104, -55]
[401, 153, -93]
[306, 181, 63]
[378, 272, -177]
[281, 275, 33]
[336, 239, -273]
[221, 256, -116]
[314, 237, -295]
[201, 249, -133]
[332, 219, -290]
[201, 235, -139]
[335, 220, -272]
[210, 239, -124]
[386, 380, -49]
[319, 387, 49]
[382, 470, -64]
[310, 498, 86]
[393, 622, 21]
[331, 631, 157]
[403, 647, 26]
[338, 651, 162]
[368, 655, -46]
[317, 670, 96]
[305, 87, -98]
[317, 72, -105]
[322, 71, -105]
[329, 69, -105]
[305, 75, -85]
[303, 76, -85]
[301, 76, -86]
[352, 75, -97]
[317, 81, -9]
[321, 102, -93]
[308, 104, -68]
[405, 154, -104]
[303, 181, 55]
[407, 271, -204]
[278, 278, -3]
[368, 228, -304]
[221, 251, -194]
[350, 223, -328]
[201, 240, -217]
[361, 204, -320]
[202, 226, -220]
[364, 207, -302]
[211, 230, -202]
[393, 379, -49]
[318, 386, 50]
[394, 512, -48]
[316, 520, 108]
[403, 658, 52]
[329, 660, 198]
[413, 682, 56]
[336, 682, 204]
[377, 692, -35]
[316, 701, 124]
[305, 87, -86]
[316, 72, -92]
[322, 70, -93]
[329, 69, -93]
[304, 75, -74]
[302, 76, -74]
[300, 76, -74]
[352, 73, -86]
[315, 81, 0]
[321, 102, -82]
[307, 104, -58]
[409, 154, -95]
[303, 181, 58]
[420, 270, -184]
[279, 285, -1]
[372, 224, -277]
[223, 247, -188]
[353, 219, -299]
[203, 238, -212]
[362, 200, -292]
[204, 223, -215]
[365, 203, -275]
[214, 227, -196]
[398, 378, -49]
[318, 385, 49]
[398, 500, -45]
[318, 514, 97]
[409, 649, 52]
[329, 655, 170]
[419, 674, 56]
[335, 677, 175]
[383, 685, -32]
[316, 697, 98]
[304, 87, -73]
[315, 72, -75]
[321, 70, -75]
[327, 69, -75]
[303, 75, -61]
[301, 76, -61]
[299, 76, -61]
[350, 73, -57]
[315, 81, 4]
[319, 102, -64]
[307, 104, -46]
[394, 157, -82]
[310, 181, 66]
[405, 270, -158]
[277, 285, 16]
[365, 230, -225]
[232, 240, -103]
[351, 220, -241]
[212, 233, -114]
[360, 202, -238]
[214, 219, -115]
[362, 207, -225]
[225, 224, -107]
[388, 378, -49]
[327, 385, 49]
[387, 294, -51]
[318, 342, 69]
[385, 346, 33]
[337, 360, 126]
[389, 362, 39]
[340, 369, 132]
[378, 342, 3]
[329, 348, 91]
[302, 88, -75]
[313, 72, -79]
[319, 70, -79]
[325, 69, -79]
[302, 75, -62]
[300, 76, -62]
[298, 76, -62]
[349, 73, -68]
[315, 81, 5]
[318, 102, -68]
[306, 104, -47]
[396, 157, -92]
[311, 180, 70]
[402, 272, -167]
[282, 283, 28]
[353, 233, -233]
[237, 237, -110]
[338, 228, -252]
[217, 230, -125]
[346, 210, -246]
[217, 215, -129]
[350, 213, -231]
[229, 221, -117]
[388, 379, -54]
[326, 384, 55]
[377, 384, -73]
[313, 386, 55]
[384, 523, 22]
[330, 522, 124]
[389, 551, 26]
[337, 542, 130]
[360, 541, -15]
[299, 546, 87]
[301, 88, -79]
[312, 72, -87]
[318, 70, -87]
[324, 69, -87]
[301, 75, -67]
[299, 76, -67]
[298, 76, -68]
[349, 73, -87]
[315, 81, 3]
[317, 102, -76]
[305, 104, -51]
[404, 157, -101]
[311, 179, 69]
[410, 272, -176]
[281, 280, 7]
[351, 227, -231]
[240, 231, -173]
[331, 229, -250]
[219, 223, -196]
[338, 211, -242]
[220, 211, -196]
[344, 213, -228]
[232, 216, -181]
[391, 379, -55]
[325, 384, 56]
[377, 474, -75]
[312, 480, 80]
[386, 627, 16]
[321, 626, 146]
[395, 656, 20]
[329, 649, 149]
[360, 654, -56]
[289, 662, 86]
[300, 88, -91]
[311, 72, -100]
[317, 70, -100]
[324, 69, -100]
[300, 75, -79]
[298, 76, -79]
[297, 76, -79]
[349, 72, -99]
[315, 81, -4]
[316, 102, -88]
[304, 104, -61]
[405, 157, -113]
[310, 178, 67]
[412, 273, -198]
[279, 273, 14]
[349, 230, -260]
[239, 228, -157]
[327, 230, -281]
[218, 220, -177]
[333, 210, -269]
[219, 210, -180]
[339, 213, -255]
[230, 213, -165]
[392, 381, -59]
[323, 383, 59]
[377, 483, -77]
[307, 495, 88]
[386, 637, 15]
[312, 637, 150]
[395, 666, 19]
[320, 660, 153]
[355, 664, -61]
[280, 672, 86]
[300, 88, -71]
[310, 72, -81]
[316, 70, -81]
[323, 69, -81]
[300, 75, -58]
[298, 76, -58]
[297, 76, -59]
[348, 72, -95]
[315, 81, 12]
[315, 103, -70]
[304, 104, -42]
[405, 157, -105]
[311, 176, 82]
[412, 266, -189]
[276, 273, 36]
[347, 230, -256]
[238, 226, -155]
[327, 230, -277]
[217, 218, -163]
[331, 211, -268]
[218, 208, -177]
[337, 212, -253]
[228, 211, -161]
[391, 381, -61]
[322, 381, 61]
[371, 447, -87]
[296, 492, 70]
[378, 592, 5]
[304, 593, 124]
[390, 620, 10]
[314, 614, 125]
[341, 617, -61]
[267, 622, 68]
[300, 88, -64]
[310, 72, -71]
[316, 71, -71]
[323, 69, -71]
[300, 75, -52]
[298, 76, -52]
[297, 76, -52]
[348, 72, -75]
[315, 81, 17]
[315, 103, -62]
[304, 105, -36]
[405, 157, -101]
[312, 175, 84]
[412, 262, -184]
[275, 273, 49]
[345, 231, -253]
[238, 224, -95]
[327, 230, -274]
[216, 215, -109]
[330, 211, -266]
[217, 206, -116]
[335, 212, -250]
[227, 210, -102]
[390, 381, -60]
[322, 379, 60]
[367, 402, -89]
[289, 426, 44]
[372, 556, -1]
[300, 552, 90]
[385, 589, 3]
[309, 577, 92]
[338, 580, -60]
[262, 580, 47]
[300, 88, -65]
[310, 72, -72]
[316, 71, -72]
[323, 69, -72]
[300, 75, -53]
[298, 76, -53]
[297, 76, -53]
[348, 72, -76]
[315, 81, 16]
[315, 103, -63]
[304, 105, -37]
[407, 156, -100]
[312, 174, 83]
[412, 260, -186]
[275, 268, 45]
[344, 227, -254]
[234, 221, -123]
[324, 226, -275]
[216, 213, -143]
[327, 207, -267]
[213, 204, -147]
[333, 209, -251]
[226, 208, -131]
[391, 380, -60]
[322, 378, 60]
[369, 438, -89]
[289, 449, 45]
[374, 597, -2]
[298, 597, 92]
[386, 627, 1]
[307, 620, 94]
[340, 624, -70]
[261, 630, 37]
[300, 89, -70]
[311, 73, -79]
[316, 71, -79]
[323, 69, -79]
[300, 75, -57]
[298, 76, -57]
[297, 76, -57]
[348, 72, -84]
[315, 81, 15]
[316, 103, -69]
[304, 105, -41]
[411, 156, -102]
[311, 174, 81]
[424, 260, -193]
[275, 267, 28]
[347, 225, -261]
[233, 220, -155]
[326, 223, -282]
[216, 211, -176]
[329, 203, -270]
[212, 202, -177]
[334, 205, -256]
[225, 206, -162]
[391, 381, -60]
[321, 378, 60]
[370, 476, -87]
[290, 485, 59]
[375, 633, 3]
[296, 634, 104]
[387, 662, 7]
[304, 657, 103]
[342, 661, -69]
[262, 669, 46]
[300, 89, -70]
[311, 73, -80]
[317, 72, -80]
[323, 70, -80]
[300, 76, -57]
[298, 76, -57]
[297, 77, -58]
[348, 73, -86]
[316, 81, 14]
[316, 104, -70]
[304, 105, -41]
[414, 156, -102]
[310, 175, 80]
[427, 261, -191]
[276, 267, 28]
[347, 222, -259]
[231, 218, -145]
[327, 221, -281]
[215, 209, -165]
[330, 201, -265]
[212, 201, -167]
[336, 203, -254]
[225, 205, -152]
[392, 382, -60]
[319, 378, 60]
[371, 488, -86]
[291, 494, 66]
[376, 642, 5]
[293, 642, 109]
[387, 670, 8]
[301, 666, 108]
[342, 671, -71]
[261, 678, 47]
[300, 89, -67]
[311, 74, -78]
[317, 72, -78]
[323, 71, -78]
[300, 76, -55]
[299, 77, -55]
[297, 77, -55]
[348, 73, -84]
[316, 81, 15]
[316, 104, -68]
[304, 106, -39]
[416, 156, -101]
[310, 175, 80]
[425, 261, -188]
[276, 266, 29]
[347, 220, -242]
[227, 215, -139]
[324, 218, -261]
[214, 210, -160]
[328, 199, -249]
[210, 199, -161]
[334, 201, -237]
[223, 203, -146]
[392, 383, -59]
[319, 379, 60]
[370, 490, -86]
[291, 493, 66]
[375, 644, 5]
[292, 642, 108]
[387, 672, 8]
[299, 666, 108]
[338, 673, -73]
[260, 678, 40]
[301, 90, -68]
[311, 74, -78]
[317, 73, -78]
[323, 71, -78]
[301, 76, -56]
[299, 77, -56]
[298, 77, -56]
[349, 73, -85]
[317, 81, 15]
[316, 104, -68]
[305, 106, -39]
[417, 156, -102]
[310, 175, 79]
[432, 263, -188]
[276, 266, 24]
[339, 219, -225]
[227, 215, -156]
[317, 218, -242]
[214, 212, -178]
[322, 198, -230]
[209, 199, -179]
[330, 200, -219]
[223, 203, -164]
[393, 385, -59]
[317, 381, 59]
[371, 502, -80]
[291, 503, 72]
[375, 656, 9]
[293, 653, 112]
[387, 684, 11]
[299, 677, 112]
[340, 685, -73]
[262, 690, 42]
[301, 90, -68]
[311, 74, -78]
[317, 73, -78]
[323, 71, -78]
[302, 76, -56]
[300, 77, -56]
[299, 77, -56]
[349, 73, -88]
[319, 81, 15]
[316, 104, -68]
[305, 106, -39]
[418, 156, -104]
[311, 175, 79]
[436, 265, -185]
[276, 266, 23]
[339, 219, -217]
[230, 217, -156]
[318, 218, -233]
[214, 210, -177]
[323, 198, -220]
[213, 199, -178]
[331, 200, -211]
[223, 203, -164]
[394, 386, -59]
[317, 382, 59]
[373, 510, -77]
[293, 511, 77]
[380, 663, 12]
[294, 659, 119]
[392, 691, 15]
[301, 683, 119]
[343, 692, -72]
[265, 697, 45]
[301, 90, -68]
[311, 74, -79]
[317, 73, -79]
[323, 71, -79]
[302, 76, -56]
[300, 77, -56]
[299, 77, -56]
[349, 73, -92]
[319, 81, 14]
[316, 104, -70]
[305, 106, -40]
[418, 156, -107]
[311, 175, 79]
[438, 265, -186]
[277, 266, 25]
[339, 219, -222]
[232, 217, -151]
[319, 218, -238]
[214, 209, -171]
[324, 197, -224]
[214, 199, -173]
[332, 200, -215]
[223, 203, -159]
[396, 386, -59]
[317, 383, 59]
[377, 516, -75]
[297, 518, 84]
[387, 668, 16]
[299, 664, 133]
[400, 695, 18]
[306, 687, 134]
[351, 698, -71]
[277, 703, 55]
[301, 90, -69]
[312, 74, -81]
[318, 73, -81]
[324, 71, -81]
[303, 76, -57]
[301, 77, -57]
[300, 77, -58]
[349, 73, -94]
[320, 81, 13]
[316, 104, -72]
[305, 106, -41]
[419, 156, -110]
[311, 175, 79]
[439, 266, -187]
[278, 269, 25]
[340, 219, -225]
[234, 218, -156]
[319, 218, -241]
[214, 210, -176]
[324, 197, -227]
[216, 200, -177]
[332, 200, -218]
[223, 203, -164]
[398, 387, -59]
[317, 384, 59]
[381, 518, -75]
[300, 519, 87]
[392, 670, 16]
[304, 665, 140]
[405, 697, 18]
[310, 688, 143]
[358, 700, -72]
[285, 705, 64]
[302, 90, -70]
[313, 74, -82]
[318, 73, -82]
[325, 71, -82]
[303, 76, -58]
[302, 77, -58]
[301, 77, -58]
[350, 73, -94]
[320, 81, 13]
[317, 104, -73]
[306, 106, -42]
[418, 157, -112]
[311, 175, 79]
[438, 267, -189]
[278, 270, 25]
[337, 219, -224]
[235, 219, -160]
[314, 218, -240]
[214, 210, -181]
[320, 197, -226]
[216, 200, -181]
[329, 200, -217]
[223, 203, -168]
[398, 388, -59]
[317, 386, 60]
[381, 520, -74]
[300, 521, 89]
[392, 672, 17]
[306, 668, 142]
[405, 700, 20]
[311, 691, 144]
[358, 702, -71]
[286, 708, 66]
[303, 90, -73]
[314, 74, -85]
[320, 73, -85]
[326, 71, -85]
[304, 76, -61]
[302, 77, -61]
[301, 77, -61]
[351, 74, -95]
[321, 81, 11]
[318, 104, -75]
[306, 106, -45]
[418, 157, -116]
[312, 176, 79]
[432, 268, -196]
[278, 271, 27]
[334, 219, -229]
[235, 219, -155]
[308, 218, -245]
[214, 210, -176]
[315, 197, -227]
[216, 200, -177]
[324, 200, -221]
[223, 204, -163]
[398, 390, -60]
[317, 388, 61]
[382, 523, -73]
[301, 525, 90]
[392, 675, 22]
[307, 671, 145]
[405, 702, 25]
[312, 694, 147]
[358, 705, -67]
[286, 710, 69]
[304, 90, -73]
[315, 74, -84]
[321, 73, -84]
[327, 71, -84]
[305, 76, -61]
[303, 77, -61]
[302, 77, -61]
[352, 74, -94]
[321, 81, 11]
[319, 104, -75]
[307, 106, -45]
[418, 159, -117]
[313, 176, 81]
[423, 268, -201]
[278, 269, 41]
[332, 219, -238]
[237, 219, -124]
[308, 218, -254]
[215, 210, -141]
[315, 197, -239]
[216, 201, -143]
[323, 200, -231]
[226, 204, -132]
[398, 392, -62]
[317, 390, 62]
[382, 525, -73]
[302, 527, 90]
[392, 676, 23]
[307, 673, 142]
[404, 703, 26]
[312, 696, 144]
[358, 705, -63]
[286, 710, 68]
[304, 90, -60]
[315, 75, -73]
[321, 73, -73]
[327, 72, -73]
[305, 77, -50]
[303, 77, -50]
[302, 77, -50]
[352, 75, -88]
[322, 81, 15]
[319, 105, -63]
[308, 106, -34]
[411, 160, -116]
[317, 176, 85]
[404, 268, -200]
[282, 268, 61]
[326, 222, -235]
[237, 218, -78]
[302, 219, -252]
[215, 210, -92]
[310, 199, -239]
[215, 201, -98]
[318, 201, -229]
[226, 204, -86]
[397, 392, -62]
[318, 390, 62]
[379, 518, -71]
[306, 522, 88]
[391, 668, 25]
[308, 666, 135]
[404, 694, 29]
[314, 690, 135]
[357, 698, -51]
[285, 703, 64]
[304, 91, -55]
[315, 75, -68]
[321, 74, -68]
[326, 72, -68]
[305, 77, -45]
[304, 77, -45]
[303, 77, -45]
[351, 75, -87]
[323, 81, 17]
[319, 105, -59]
[308, 107, -29]
[409, 162, -114]
[320, 176, 85]
[401, 272, -199]
[280, 269, 65]
[326, 224, -234]
[233, 218, -66]
[302, 220, -252]
[208, 210, -80]
[310, 200, -239]
[212, 201, -87]
[318, 202, -229]
[224, 204, -75]
[396, 392, -62]
[319, 390, 62]
[381, 514, -69]
[312, 518, 87]
[392, 664, 27]
[313, 663, 134]
[404, 691, 31]
[319, 687, 135]
[359, 693, -45]
[287, 699, 64]
[304, 91, -60]
[315, 75, -74]
[321, 74, -74]
[327, 72, -74]
[306, 77, -51]
[304, 77, -51]
[304, 77, -51]
[352, 75, -91]
[324, 81, 12]
[319, 105, -64]
[308, 107, -34]
[408, 162, -117]
[320, 175, 84]
[404, 274, -204]
[279, 269, 64]
[329, 227, -252]
[233, 217, -67]
[308, 222, -270]
[207, 210, -78]
[316, 202, -258]
[211, 201, -84]
[323, 205, -247]
[224, 204, -75]
[395, 391, -61]
[319, 390, 62]
[383, 515, -69]
[313, 521, 96]
[394, 664, 25]
[318, 667, 154]
[406, 691, 29]
[324, 691, 156]
[362, 694, -49]
[294, 702, 86]
[305, 91, -64]
[315, 75, -78]
[321, 74, -78]
[327, 72, -78]
[306, 77, -55]
[305, 77, -55]
[304, 77, -55]
[352, 75, -94]
[324, 81, 8]
[320, 106, -67]
[309, 107, -37]
[409, 165, -119]
[322, 174, 84]
[401, 276, -204]
[279, 269, 67]
[330, 230, -253]
[235, 218, -60]
[308, 224, -271]
[210, 210, -71]
[316, 204, -260]
[211, 201, -77]
[323, 207, -248]
[224, 205, -68]
[393, 391, -62]
[320, 389, 62]
[383, 514, -67]
[314, 521, 100]
[394, 663, 31]
[320, 667, 161]
[406, 689, 37]
[327, 690, 164]
[363, 693, -38]
[295, 701, 97]
[305, 91, -64]
[316, 75, -77]
[321, 74, -77]
[327, 72, -77]
[306, 77, -55]
[305, 77, -55]
[304, 77, -55]
[352, 75, -89]
[324, 81, 9]
[320, 106, -66]
[309, 107, -37]
[409, 166, -116]
[323, 173, 85]
[397, 276, -199]
[278, 269, 69]
[330, 231, -253]
[236, 218, -56]
[309, 225, -270]
[212, 210, -67]
[317, 206, -257]
[211, 201, -73]
[323, 209, -246]
[224, 205, -64]
[391, 389, -61]
[320, 388, 62]
[383, 501, -67]
[314, 514, 96]
[394, 652, 29]
[320, 659, 153]
[405, 678, 34]
[327, 682, 156]
[362, 681, -41]
[293, 691, 87]
[306, 91, -62]
[316, 75, -73]
[321, 74, -73]
[327, 73, -73]
[306, 77, -52]
[305, 77, -52]
[304, 78, -52]
[352, 76, -81]
[324, 82, 12]
[321, 106, -62]
[310, 107, -34]
[409, 166, -109]
[323, 172, 87]
[397, 276, -191]
[278, 268, 75]
[332, 234, -249]
[237, 218, -41]
[314, 229, -267]
[213, 210, -51]
[321, 210, -254]
[211, 201, -58]
[327, 212, -243]
[224, 206, -49]
[388, 386, -60]
[320, 384, 61]
[381, 484, -67]
[314, 494, 93]
[391, 633, 27]
[320, 638, 145]
[402, 658, 32]
[327, 661, 146]
[361, 663, -41]
[293, 670, 83]
[306, 91, -68]
[316, 75, -80]
[321, 74, -80]
[327, 73, -80]
[306, 77, -58]
[305, 78, -58]
[304, 78, -58]
[352, 76, -87]
[323, 82, 7]
[321, 106, -68]
[310, 108, -41]
[409, 167, -114]
[323, 173, 84]
[398, 276, -206]
[278, 268, 74]
[335, 236, -270]
[234, 218, -38]
[317, 231, -290]
[213, 218, -47]
[324, 212, -280]
[210, 202, -55]
[329, 215, -266]
[223, 206, -46]
[386, 386, -60]
[318, 384, 61]
[381, 501, -66]
[313, 510, 94]
[389, 646, 27]
[319, 653, 149]
[400, 673, 33]
[326, 676, 151]
[359, 673, -40]
[292, 684, 85]
[306, 92, -65]
[316, 76, -75]
[321, 74, -75]
[327, 73, -75]
[306, 78, -54]
[305, 78, -54]
[304, 79, -55]
[352, 76, -83]
[323, 82, 10]
[321, 106, -64]
[310, 108, -37]
[409, 167, -111]
[323, 173, 85]
[399, 274, -203]
[278, 268, 81]
[339, 235, -265]
[233, 218, -24]
[323, 231, -284]
[213, 221, -33]
[329, 213, -275]
[210, 203, -41]
[333, 215, -261]
[223, 207, -33]
[387, 384, -60]
[319, 384, 61]
[381, 495, -66]
[313, 507, 92]
[389, 643, 26]
[320, 650, 138]
[400, 670, 32]
[327, 673, 139]
[359, 671, -41]
[292, 681, 78]
[306, 92, -65]
[316, 76, -76]
[321, 74, -76]
[327, 73, -76]
[306, 78, -55]
[305, 78, -55]
[304, 79, -55]
[351, 76, -86]
[323, 82, 10]
[321, 106, -65]
[310, 108, -38]
[409, 167, -113]
[323, 173, 85]
[400, 273, -208]
[278, 267, 78]
[340, 235, -271]
[234, 218, -33]
[323, 232, -291]
[214, 221, -42]
[329, 213, -281]
[210, 203, -49]
[334, 215, -268]
[223, 207, -41]
[387, 385, -61]
[319, 384, 61]
[381, 502, -68]
[313, 512, 92]
[389, 651, 24]
[320, 656, 138]
[400, 678, 30]
[326, 679, 139]
[359, 678, -45]
[292, 688, 75]
[306, 92, -66]
[316, 76, -77]
[321, 74, -77]
[327, 73, -77]
[306, 78, -56]
[305, 78, -56]
[304, 79, -56]
[351, 76, -89]
[323, 82, 9]
[321, 106, -67]
[310, 108, -39]
[410, 167, -115]
[323, 173, 81]
[400, 273, -206]
[278, 267, 75]
[340, 236, -269]
[236, 218, -43]
[323, 232, -290]
[217, 221, -53]
[330, 214, -277]
[213, 203, -60]
[334, 216, -263]
[223, 207, -51]
[387, 385, -61]
[319, 384, 61]
[383, 507, -68]
[313, 516, 91]
[392, 656, 24]
[321, 660, 137]
[403, 683, 29]
[328, 683, 138]
[362, 683, -45]
[295, 694, 72]
[306, 92, -69]
[316, 76, -81]
[321, 74, -81]
[327, 73, -81]
[306, 78, -59]
[305, 78, -59]
[304, 79, -59]
[351, 76, -92]
[323, 82, 6]
[321, 106, -70]
[310, 108, -42]
[411, 167, -117]
[323, 173, 78]
[400, 273, -206]
[278, 267, 71]
[341, 236, -263]
[236, 218, -46]
[324, 233, -284]
[218, 221, -57]
[330, 215, -271]
[214, 204, -64]
[335, 217, -259]
[223, 207, -54]
[387, 385, -61]
[318, 384, 62]
[383, 510, -70]
[313, 518, 91]
[392, 659, 18]
[321, 662, 137]
[403, 686, 22]
[328, 685, 139]
[363, 687, -56]
[296, 697, 71]
[306, 92, -76]
[316, 76, -89]
[321, 74, -90]
[327, 73, -90]
[306, 78, -66]
[305, 78, -66]
[304, 79, -66]
[351, 76, -104]
[323, 82, 2]
[321, 106, -78]
[310, 108, -48]
[411, 167, -131]
[323, 173, 77]
[395, 275, -223]
[278, 267, 66]
[335, 238, -273]
[237, 218, -57]
[318, 235, -292]
[218, 217, -67]
[325, 216, -281]
[216, 204, -73]
[331, 218, -269]
[228, 207, -65]
[387, 385, -65]
[318, 385, 65]
[384, 516, -73]
[312, 524, 107]
[393, 665, 17]
[321, 667, 167]
[404, 692, 21]
[327, 690, 170]
[363, 692, -61]
[296, 703, 99]
[306, 92, -78]
[316, 75, -91]
[321, 74, -91]
[327, 73, -91]
[306, 78, -68]
[305, 78, -68]
[304, 78, -68]
[351, 76, -106]
[323, 82, 0]
[321, 106, -80]
[310, 108, -50]
[411, 167, -134]
[323, 173, 77]
[393, 276, -222]
[279, 267, 63]
[332, 238, -268]
[238, 218, -64]
[314, 236, -286]
[223, 219, -74]
[323, 217, -276]
[217, 204, -80]
[328, 218, -264]
[231, 207, -72]
[388, 386, -66]
[318, 385, 67]
[385, 518, -75]
[312, 526, 108]
[395, 666, 15]
[323, 669, 167]
[406, 693, 19]
[329, 691, 170]
[365, 693, -63]
[299, 704, 100]
[306, 91, -82]
[316, 75, -96]
[321, 74, -96]
[327, 73, -96]
[306, 77, -72]
[305, 78, -72]
[304, 78, -72]
[351, 76, -110]
[323, 82, -1]
[321, 106, -84]
[310, 108, -53]
[407, 166, -137]
[323, 173, 74]
[394, 277, -227]
[278, 267, 48]
[333, 238, -273]
[238, 218, -99]
[314, 236, -291]
[222, 221, -113]
[323, 217, -282]
[217, 204, -118]
[328, 218, -268]
[229, 207, -107]
[390, 387, -67]
[318, 386, 67]
[387, 522, -75]
[312, 528, 111]
[398, 670, 16]
[324, 671, 174]
[411, 697, 20]
[331, 693, 177]
[367, 698, -66]
[302, 707, 105]
[306, 91, -95]
[316, 75, -107]
[321, 74, -108]
[327, 73, -108]
[306, 77, -84]
[305, 78, -84]
[304, 78, -84]
[351, 76, -117]
[323, 82, -9]
[321, 106, -95]
[310, 108, -65]
[410, 167, -143]
[323, 173, 68]
[393, 278, -230]
[277, 267, 27]
[332, 239, -271]
[238, 218, -140]
[312, 237, -289]
[223, 223, -157]
[321, 217, -279]
[217, 204, -161]
[327, 219, -266]
[230, 207, -148]
[391, 387, -67]
[317, 386, 67]
[387, 526, -70]
[312, 531, 121]
[400, 675, 25]
[324, 673, 197]
[413, 702, 29]
[331, 695, 202]
[369, 703, -64]
[305, 710, 126]
[306, 91, -97]
[316, 75, -110]
[321, 74, -110]
[327, 72, -110]
[306, 77, -86]
[305, 78, -86]
[304, 78, -86]
[351, 76, -120]
[323, 82, -9]
[321, 106, -98]
[310, 108, -66]
[407, 165, -147]
[323, 173, 68]
[392, 279, -232]
[275, 267, 17]
[330, 239, -270]
[238, 218, -167]
[310, 238, -288]
[223, 224, -186]
[319, 218, -278]
[217, 204, -189]
[326, 219, -266]
[227, 207, -176]
[392, 388, -67]
[316, 386, 67]
[388, 529, -69]
[312, 533, 124]
[401, 677, 28]
[324, 674, 202]
[414, 704, 31]
[331, 695, 207]
[370, 705, -63]
[306, 713, 129]
[306, 91, -89]
[316, 75, -105]
[321, 74, -105]
[327, 72, -105]
[306, 77, -79]
[305, 78, -79]
[304, 78, -79]
[351, 76, -116]
[323, 82, -5]
[321, 106, -93]
[310, 108, -59]
[407, 166, -141]
[323, 173, 74]
[385, 279, -230]
[276, 269, 31]
[320, 241, -252]
[239, 219, -131]
[300, 240, -270]
[227, 227, -146]
[303, 217, -260]
[219, 204, -152]
[304, 218, -248]
[230, 208, -139]
[390, 388, -67]
[316, 387, 68]
[386, 527, -74]
[309, 532, 119]
[397, 675, 20]
[322, 674, 197]
[409, 702, 23]
[329, 695, 199]
[367, 703, -65]
[301, 711, 124]
[306, 91, -87]
[316, 75, -101]
[322, 74, -101]
[328, 72, -101]
[306, 77, -76]
[305, 78, -76]
[304, 78, -76]
[351, 76, -113]
[323, 82, -4]
[321, 106, -90]
[310, 108, -57]
[408, 166, -139]
[323, 173, 74]
[384, 279, -224]
[275, 270, 26]
[319, 242, -251]
[239, 219, -146]
[299, 241, -269]
[224, 222, -164]
[298, 216, -259]
[219, 205, -168]
[299, 218, -246]
[231, 208, -155]
[390, 388, -67]
[315, 387, 68]
[386, 525, -75]
[309, 531, 116]
[397, 674, 15]
[322, 673, 194]
[409, 701, 18]
[329, 695, 197]
[367, 702, -70]
[301, 710, 117]
[306, 91, -108]
[316, 75, -119]
[322, 73, -119]
[328, 72, -119]
[306, 77, -96]
[305, 78, -96]
[304, 78, -96]
[352, 75, -118]
[323, 82, -12]
[321, 106, -105]
[310, 108, -75]
[408, 161, -139]
[323, 173, 74]
[407, 275, -227]
[277, 272, 25]
[332, 242, -280]
[241, 222, -166]
[309, 242, -299]
[228, 222, -185]
[313, 219, -288]
[221, 206, -189]
[319, 220, -274]
[233, 210, -175]
[394, 388, -67]
[316, 387, 67]
[390, 529, -63]
[312, 532, 125]
[400, 674, 37]
[325, 673, 219]
[412, 701, 40]
[331, 695, 225]
[371, 705, -57]
[307, 712, 142]
[306, 91, -104]
[316, 75, -115]
[322, 73, -115]
[328, 72, -115]
[306, 77, -93]
[305, 78, -93]
[304, 78, -93]
[352, 75, -117]
[323, 82, -12]
[321, 106, -102]
[310, 108, -72]
[404, 161, -138]
[323, 173, 73]
[405, 276, -224]
[278, 272, 30]
[335, 244, -274]
[242, 225, -158]
[313, 243, -293]
[230, 222, -174]
[319, 222, -282]
[222, 207, -185]
[325, 223, -269]
[234, 211, -168]
[394, 387, -67]
[317, 386, 67]
[390, 527, -64]
[314, 531, 120]
[401, 674, 34]
[328, 672, 200]
[413, 700, 38]
[335, 694, 205]
[371, 704, -59]
[308, 712, 128]
[306, 91, -88]
[316, 75, -100]
[322, 73, -100]
[328, 72, -100]
[306, 77, -77]
[305, 78, -77]
[304, 78, -77]
[352, 75, -107]
[323, 82, -3]
[321, 106, -88]
[310, 108, -59]
[405, 160, -128]
[323, 173, 76]
[407, 274, -217]
[279, 275, 48]
[343, 241, -272]
[242, 228, -101]
[323, 239, -291]
[228, 222, -114]
[330, 221, -280]
[223, 208, -119]
[335, 222, -267]
[234, 212, -109]
[394, 387, -65]
[319, 386, 65]
[390, 524, -68]
[317, 527, 112]
[401, 668, 19]
[329, 668, 177]
[412, 694, 23]
[336, 690, 181]
[371, 699, -61]
[307, 706, 115]
[306, 91, -75]
[316, 75, -86]
[322, 73, -86]
[328, 72, -86]
[306, 77, -64]
[305, 78, -64]
[304, 78, -64]
[352, 75, -95]
[323, 82, 4]
[321, 106, -75]
[310, 108, -47]
[404, 160, -119]
[323, 175, 79]
[406, 275, -200]
[277, 276, 53]
[343, 241, -252]
[242, 230, -86]
[322, 239, -271]
[228, 231, -100]
[329, 220, -261]
[222, 208, -106]
[334, 222, -248]
[230, 214, -95]
[394, 387, -63]
[320, 387, 64]
[390, 517, -68]
[317, 524, 103]
[399, 665, 18]
[329, 667, 162]
[411, 691, 22]
[336, 689, 165]
[370, 695, -60]
[305, 703, 99]
[306, 91, -87]
[317, 75, -98]
[323, 73, -98]
[329, 72, -98]
[307, 77, -76]
[305, 78, -76]
[304, 78, -76]
[354, 75, -106]
[323, 82, -4]
[322, 106, -87]
[311, 108, -58]
[409, 161, -125]
[321, 178, 68]
[405, 275, -201]
[278, 275, 21]
[343, 238, -255]
[242, 234, -158]
[320, 235, -273]
[226, 230, -177]
[329, 217, -263]
[222, 212, -180]
[333, 218, -250]
[231, 217, -166]
[398, 388, -62]
[321, 387, 63]
[394, 525, -66]
[318, 530, 115]
[404, 672, 24]
[329, 671, 199]
[415, 697, 27]
[336, 693, 204]
[374, 703, -60]
[308, 708, 130]
[306, 91, -88]
[317, 75, -98]
[323, 73, -98]
[329, 72, -98]
[307, 77, -77]
[306, 78, -77]
[304, 78, -77]
[354, 76, -101]
[323, 82, -4]
[322, 106, -87]
[311, 108, -58]
[408, 161, -117]
[321, 179, 69]
[417, 274, -204]
[286, 275, 50]
[376, 240, -296]
[242, 238, -85]
[362, 240, -317]
[225, 232, -97]
[368, 222, -312]
[222, 216, -102]
[370, 222, -295]
[231, 221, -92]
[399, 388, -60]
[321, 388, 61]
[399, 526, -66]
[321, 531, 113]
[409, 672, 22]
[333, 672, 192]
[420, 697, 25]
[338, 693, 197]
[381, 705, -64]
[316, 710, 127]
[307, 91, -100]
[319, 75, -110]
[325, 73, -110]
[332, 72, -110]
[308, 77, -89]
[307, 78, -89]
[305, 78, -89]
[356, 76, -111]
[325, 82, -11]
[323, 106, -97]
[311, 107, -69]
[409, 160, -122]
[320, 179, 63]
[414, 279, -206]
[286, 280, 22]
[369, 238, -295]
[238, 242, -156]
[348, 234, -314]
[218, 233, -175]
[359, 215, -307]
[218, 220, -180]
[364, 217, -292]
[228, 225, -165]
[401, 388, -58]
[321, 388, 59]
[400, 535, -55]
[322, 539, 113]
[409, 682, 44]
[332, 681, 193]
[420, 707, 48]
[338, 703, 199]
[380, 715, -46]
[316, 720, 122]
[308, 91, -97]
[321, 75, -109]
[326, 74, -109]
[333, 72, -109]
[310, 77, -86]
[308, 78, -86]
[306, 78, -86]
[357, 76, -103]
[326, 82, -10]
[324, 106, -97]
[312, 107, -67]
[404, 160, -117]
[321, 179, 64]
[412, 278, -207]
[286, 277, 45]
[362, 238, -292]
[233, 243, -87]
[344, 233, -313]
[212, 234, -101]
[353, 215, -306]
[213, 221, -110]
[357, 217, -290]
[222, 226, -96]
[401, 387, -57]
[321, 387, 57]
[399, 531, -57]
[324, 535, 98]
[409, 676, 38]
[334, 678, 165]
[420, 699, 43]
[341, 700, 169]
[379, 711, -43]
[315, 718, 95]
[308, 91, -102]
[321, 75, -109]
[326, 74, -109]
[333, 73, -109]
[310, 77, -89]
[308, 78, -89]
[307, 78, -90]
[357, 77, -98]
[327, 82, -12]
[324, 106, -96]
[312, 107, -70]
[408, 163, -107]
[321, 179, 61]
[409, 278, -185]
[280, 276, 62]
[364, 245, -289]
[232, 244, -44]
[350, 241, -311]
[211, 236, -55]
[358, 223, -297]
[212, 223, -66]
[361, 224, -283]
[218, 228, -53]
[397, 387, -52]
[322, 387, 52]
[396, 509, -56]
[324, 517, 84]
[405, 653, 36]
[336, 661, 143]
[416, 677, 40]
[343, 682, 146]
[378, 687, -35]
[315, 701, 80]
[309, 91, -92]
[322, 75, -100]
[327, 74, -100]
[333, 73, -100]
[311, 77, -81]
[310, 78, -81]
[308, 78, -81]
[357, 77, -96]
[328, 82, -10]
[324, 106, -88]
[312, 107, -63]
[403, 162, -110]
[321, 178, 63]
[399, 277, -194]
[275, 271, 87]
[359, 245, -284]
[226, 248, 3]
[349, 243, -305]
[207, 239, -2]
[356, 224, -297]
[203, 228, -16]
[360, 225, -281]
[210, 232, -6]
[397, 384, -51]
[322, 385, 51]
[397, 511, -61]
[327, 518, 84]
[405, 656, 16]
[339, 665, 138]
[415, 680, 20]
[345, 685, 141]
[380, 688, -56]
[320, 704, 71]
[311, 91, -75]
[323, 75, -84]
[329, 74, -84]
[334, 73, -84]
[313, 77, -65]
[312, 78, -65]
[310, 78, -65]
[358, 77, -88]
[329, 82, -2]
[325, 106, -74]
[314, 107, -49]
[403, 162, -107]
[321, 179, 64]
[393, 277, -187]
[275, 273, 88]
[353, 245, -269]
[226, 253, 3]
[344, 242, -290]
[205, 247, -3]
[353, 224, -284]
[203, 236, -17]
[355, 225, -267]
[208, 239, -6]
[396, 385, -51]
[322, 386, 52]
[392, 501, -63]
[326, 516, 87]
[404, 650, 16]
[338, 659, 142]
[414, 673, 21]
[345, 680, 144]
[380, 684, -51]
[319, 697, 80]
[312, 90, -57]
[324, 75, -63]
[329, 74, -63]
[335, 73, -63]
[314, 77, -45]
[313, 77, -45]
[312, 78, -46]
[358, 78, -63]
[330, 82, 15]
[326, 106, -55]
[315, 107, -33]
[405, 161, -79]
[321, 181, 65]
[404, 272, -161]
[275, 274, 85]
[371, 233, -252]
[227, 256, 9]
[363, 225, -273]
[205, 252, 0]
[369, 209, -268]
[204, 242, -11]
[369, 213, -252]
[209, 243, 0]
[395, 385, -45]
[324, 387, 45]
[391, 433, -60]
[326, 464, 59]
[403, 568, 22]
[343, 568, 116]
[413, 592, 28]
[349, 584, 119]
[380, 593, -26]
[324, 591, 66]
[313, 89, -40]
[325, 74, -46]
[330, 73, -46]
[335, 72, -46]
[316, 76, -29]
[314, 77, -29]
[313, 77, -29]
[359, 78, -49]
[332, 82, 26]
[326, 105, -40]
[315, 106, -18]
[405, 160, -76]
[321, 181, 72]
[400, 271, -141]
[275, 275, 107]
[359, 235, -202]
[225, 261, 58]
[354, 228, -219]
[204, 257, 54]
[355, 213, -215]
[203, 248, 37]
[355, 216, -201]
[207, 250, 48]
[392, 384, -46]
[326, 389, 46]
[381, 340, -58]
[325, 419, 55]
[395, 446, 23]
[351, 463, 104]
[402, 467, 29]
[355, 473, 108]
[380, 462, -5]
[339, 464, 74]
[315, 89, -38]
[326, 74, -42]
[331, 73, -42]
[337, 72, -42]
[317, 76, -26]
[316, 76, -26]
[315, 77, -26]
[360, 78, -40]
[333, 82, 31]
[327, 105, -35]
[317, 106, -15]
[406, 158, -61]
[321, 182, 72]
[408, 264, -143]
[275, 276, 95]
[376, 235, -224]
[223, 264, 36]
[371, 229, -242]
[202, 261, 30]
[372, 214, -238]
[201, 252, 14]
[372, 216, -224]
[204, 254, 26]
[392, 381, -41]
[327, 389, 42]
[382, 302, -48]
[325, 382, 33]
[392, 372, 32]
[352, 386, 95]
[393, 388, 38]
[354, 390, 101]
[390, 378, 6]
[353, 375, 77]
[317, 88, -52]
[328, 73, -58]
[333, 73, -58]
[338, 72, -58]
[318, 75, -40]
[317, 76, -40]
[316, 76, -40]
[361, 78, -57]
[333, 82, 23]
[329, 104, -49]
[318, 106, -26]
[408, 155, -78]
[320, 182, 80]
[424, 259, -146]
[292, 273, 95]
[401, 239, -272]
[222, 265, 9]
[396, 239, -294]
[202, 263, 1]
[396, 223, -292]
[199, 253, -10]
[396, 224, -273]
[203, 255, 0]
[393, 382, -42]
[327, 388, 43]
[389, 446, -50]
[325, 470, 87]
[397, 592, 31]
[351, 602, 157]
[403, 613, 37]
[354, 619, 162]
[389, 630, -12]
[341, 641, 105]
[317, 88, -55]
[328, 73, -60]
[334, 72, -60]
[339, 71, -60]
[319, 75, -44]
[317, 75, -44]
[316, 76, -44]
[362, 77, -61]
[333, 82, 20]
[330, 103, -51]
[319, 105, -30]
[410, 153, -90]
[320, 182, 84]
[430, 259, -188]
[298, 273, 94]
[405, 248, -295]
[222, 268, -2]
[398, 253, -319]
[202, 266, -11]
[398, 236, -315]
[200, 257, -23]
[399, 235, -295]
[204, 259, -12]
[393, 382, -50]
[327, 388, 51]
[394, 508, -59]
[326, 517, 106]
[400, 654, 17]
[349, 664, 183]
[407, 677, 21]
[353, 684, 188]
[388, 691, -54]
[335, 704, 120]
[317, 87, -54]
[329, 72, -60]
[334, 71, -60]
[339, 70, -60]
[319, 74, -42]
[317, 75, -42]
[316, 75, -42]
[362, 77, -62]
[333, 82, 23]
[330, 103, -51]
[319, 105, -27]
[412, 153, -87]
[320, 182, 89]
[431, 260, -174]
[299, 273, 105]
[393, 256, -268]
[217, 269, 8]
[383, 262, -292]
[194, 268, 0]
[386, 244, -285]
[192, 259, -15]
[387, 242, -267]
[200, 261, -2]
[394, 383, -52]
[327, 388, 52]
[393, 495, -67]
[326, 517, 101]
[402, 648, 11]
[346, 659, 149]
[411, 672, 15]
[352, 678, 151]
[386, 688, -57]
[331, 700, 80]
[317, 87, -56]
[329, 72, -64]
[334, 71, -64]
[339, 70, -64]
[319, 74, -45]
[317, 75, -45]
[316, 75, -45]
[362, 77, -62]
[333, 81, 21]
[330, 103, -54]
[319, 105, -30]
[414, 153, -88]
[320, 182, 86]
[435, 261, -173]
[298, 276, 107]
[401, 261, -267]
[212, 271, 12]
[392, 267, -289]
[190, 272, 5]
[393, 249, -283]
[187, 261, -12]
[394, 247, -265]
[194, 263, 1]
[395, 385, -54]
[327, 389, 54]
[393, 507, -68]
[326, 523, 97]
[402, 660, 13]
[344, 668, 154]
[412, 684, 17]
[349, 689, 157]
[386, 698, -56]
[328, 710, 83]
[317, 86, -58]
[329, 72, -65]
[334, 71, -65]
[340, 70, -65]
[319, 74, -46]
[317, 74, -46]
[316, 75, -46]
[362, 77, -60]
[333, 81, 21]
[330, 102, -56]
[319, 104, -31]
[415, 153, -80]
[319, 182, 85]
[437, 262, -151]
[298, 277, 101]
[419, 274, -242]
[213, 274, 7]
[418, 283, -263]
[192, 275, 3]
[416, 266, -266]
[189, 265, -19]
[414, 263, -245]
[196, 266, -1]
[396, 385, -51]
[327, 389, 51]
[392, 460, -69]
[322, 508, 76]
[402, 625, 11]
[343, 638, 114]
[412, 650, 16]
[349, 653, 115]
[385, 672, -52]
[328, 682, 54]
[317, 86, -59]
[329, 72, -64]
[334, 71, -64]
[339, 70, -64]
[319, 74, -47]
[317, 74, -47]
[316, 75, -47]
[362, 77, -50]
[333, 81, 20]
[330, 102, -55]
[319, 104, -32]
[415, 154, -67]
[318, 182, 69]
[437, 262, -138]
[298, 279, 78]
[426, 273, -231]
[214, 280, -8]
[427, 280, -248]
[194, 279, -15]
[426, 263, -252]
[190, 271, -35]
[422, 261, -234]
[197, 272, -18]
[396, 382, -39]
[328, 390, 39]
[395, 295, -92]
[315, 417, 11]
[403, 387, -54]
[365, 425, 21]
[412, 405, -52]
[372, 426, 22]
[396, 399, -95]
[373, 423, -15]
[317, 86, -59]
[328, 72, -63]
[334, 71, -63]
[339, 70, -63]
[319, 74, -47]
[317, 74, -47]
[316, 75, -47]
[362, 77, -44]
[332, 81, 20]
[330, 102, -55]
[318, 104, -32]
[416, 154, -61]
[316, 182, 64]
[438, 263, -142]
[298, 281, 68]
[433, 272, -239]
[215, 285, -18]
[439, 280, -258]
[193, 285, -26]
[435, 262, -258]
[191, 276, -43]
[430, 261, -239]
[198, 277, -29]
[396, 381, -34]
[329, 392, 34]
[399, 272, -109]
[315, 393, -13]
[408, 339, -98]
[374, 381, -25]
[414, 356, -99]
[380, 382, -26]
[407, 334, -142]
[390, 364, -63]
[317, 86, -59]
[328, 71, -63]
[334, 71, -63]
[339, 70, -63]
[319, 74, -48]
[317, 74, -48]
[315, 75, -48]
[362, 77, -43]
[331, 81, 21]
[330, 102, -55]
[318, 103, -33]
[416, 154, -64]
[315, 183, 66]
[440, 261, -149]
[297, 283, 73]
[438, 273, -269]
[215, 288, 3]
[442, 282, -285]
[193, 289, -1]
[441, 265, -290]
[190, 281, -18]
[435, 264, -272]
[196, 282, -7]
[397, 379, -35]
[332, 392, 35]
[400, 265, -117]
[317, 377, 0]
[411, 328, -116]
[379, 352, -23]
[416, 346, -117]
[383, 355, -25]
[414, 321, -160]
[397, 326, -60]
[317, 86, -60]
[329, 71, -63]
[334, 70, -63]
[339, 69, -63]
[318, 74, -48]
[317, 74, -48]
[315, 75, -48]
[362, 77, -45]
[331, 81, 21]
[330, 101, -55]
[318, 103, -33]
[417, 154, -66]
[314, 182, 67]
[441, 258, -148]
[297, 284, 75]
[438, 276, -262]
[215, 291, 7]
[441, 289, -275]
[193, 294, 1]
[440, 272, -289]
[189, 287, -15]
[435, 269, -269]
[196, 286, -3]
[398, 378, -36]
[334, 392, 36]
[404, 269, -102]
[319, 389, 21]
[410, 330, -74]
[373, 367, 21]
[412, 345, -72]
[377, 368, 21]
[409, 330, -117]
[385, 348, -13]
[317, 86, -60]
[329, 71, -63]
[334, 70, -63]
[340, 69, -63]
[318, 74, -48]
[317, 74, -48]
[315, 75, -48]
[362, 77, -42]
[331, 81, 20]
[330, 101, -55]
[318, 103, -34]
[417, 154, -63]
[313, 182, 64]
[445, 254, -150]
[296, 284, 77]
[447, 274, -271]
[212, 294, 14]
[451, 285, -286]
[188, 297, 10]
[451, 267, -295]
[182, 289, -7]
[445, 265, -276]
[191, 289, 3]
[399, 375, -34]
[335, 391, 34]
[408, 260, -99]
[321, 379, 14]
[411, 309, -79]
[375, 346, 10]
[412, 323, -78]
[378, 347, 10]
[412, 303, -121]
[391, 321, -22]
[317, 86, -60]
[329, 71, -61]
[334, 70, -61]
[340, 69, -61]
[318, 74, -47]
[317, 74, -47]
[315, 75, -47]
[362, 76, -41]
[330, 81, 22]
[330, 101, -54]
[318, 103, -34]
[417, 154, -61]
[313, 182, 65]
[446, 254, -150]
[296, 285, 77]
[451, 273, -271]
[211, 299, 18]
[454, 284, -287]
[187, 303, 14]
[455, 266, -294]
[180, 295, -3]
[449, 263, -275]
[190, 295, 7]
[400, 375, -34]
[334, 391, 34]
[407, 262, -107]
[316, 380, 4]
[410, 315, -98]
[372, 349, -8]
[412, 330, -98]
[376, 351, -8]
[410, 308, -141]
[389, 323, -42]
[317, 86, -58]
[329, 71, -59]
[334, 70, -59]
[340, 69, -59]
[318, 74, -45]
[317, 74, -45]
[315, 75, -45]
[362, 76, -43]
[330, 81, 22]
[330, 101, -52]
[318, 103, -33]
[418, 154, -62]
[313, 182, 65]
[448, 251, -150]
[296, 285, 84]
[457, 270, -268]
[212, 302, 35]
[463, 279, -285]
[187, 306, 34]
[463, 265, -290]
[180, 298, 15]
[456, 263, -272]
[190, 298, 25]
[400, 373, -33]
[334, 391, 33]
[409, 264, -107]
[316, 376, 2]
[411, 312, -100]
[373, 336, -17]
[412, 326, -100]
[376, 338, -18]
[413, 309, -141]
[393, 304, -51]
[317, 86, -49]
[329, 71, -51]
[334, 70, -51]
[340, 69, -51]
[318, 73, -36]
[316, 74, -36]
[315, 75, -36]
[362, 76, -39]
[330, 81, 27]
[329, 101, -45]
[317, 103, -25]
[418, 154, -54]
[313, 182, 66]
[447, 248, -137]
[298, 284, 98]
[453, 274, -238]
[218, 305, 52]
[459, 290, -248]
[194, 311, 54]
[457, 273, -252]
[187, 304, 35]
[451, 269, -240]
[196, 304, 43]
[401, 370, -31]
[334, 389, 31]
[411, 259, -140]
[316, 357, 6]
[422, 300, -184]
[370, 307, -38]
[423, 317, -189]
[371, 315, -41]
[431, 282, -231]
[387, 257, -72]
[315, 86, -41]
[328, 71, -42]
[333, 70, -42]
[338, 69, -42]
[318, 73, -27]
[316, 74, -27]
[314, 74, -27]
[361, 76, -33]
[330, 81, 38]
[328, 101, -37]
[315, 103, -16]
[418, 154, -50]
[312, 182, 76]
[449, 247, -134]
[298, 282, 101]
[455, 279, -231]
[223, 309, 41]
[457, 296, -243]
[200, 317, 40]
[451, 290, -247]
[195, 311, 22]
[446, 281, -233]
[202, 310, 31]
[402, 368, -32]
[334, 388, 32]
[413, 265, -160]
[312, 357, 4]
[423, 313, -214]
[363, 317, -43]
[425, 332, -220]
[364, 326, -47]
[430, 299, -266]
[385, 274, -78]
[315, 86, -44]
[327, 71, -45]
[332, 70, -45]
[338, 69, -45]
[317, 74, -30]
[315, 74, -30]
[314, 75, -30]
[361, 76, -34]
[330, 81, 36]
[328, 101, -39]
[315, 103, -19]
[418, 153, -55]
[312, 181, 80]
[448, 244, -138]
[298, 278, 117]
[453, 278, -233]
[230, 311, 72]
[457, 296, -244]
[204, 321, 72]
[448, 286, -250]
[201, 315, 55]
[443, 282, -235]
[210, 313, 63]
[402, 367, -33]
[334, 384, 33]
[412, 268, -147]
[301, 347, 5]
[422, 320, -178]
[341, 317, -44]
[425, 339, -181]
[344, 327, -47]
[427, 309, -224]
[350, 273, -77]
[313, 86, -21]
[326, 71, -24]
[331, 70, -25]
[336, 69, -25]
[317, 73, -8]
[315, 74, -8]
[314, 74, -8]
[359, 76, -23]
[331, 81, 52]
[326, 101, -20]
[314, 103, 1]
[418, 153, -45]
[312, 181, 89]
[448, 237, -119]
[300, 281, 113]
[450, 286, -200]
[234, 317, 14]
[455, 304, -214]
[207, 327, 5]
[446, 296, -219]
[206, 321, -12]
[441, 293, -202]
[214, 319, 4]
[402, 367, -35]
[332, 383, 35]
[408, 271, -146]
[242, 341, -16]
[421, 328, -184]
[273, 330, -81]
[425, 349, -187]
[278, 343, -86]
[419, 314, -223]
[272, 292, -107]
[312, 86, -26]
[325, 71, -29]
[330, 70, -29]
[335, 69, -29]
[317, 73, -12]
[315, 74, -12]
[314, 74, -12]
[359, 76, -26]
[331, 81, 52]
[325, 101, -24]
[314, 103, -1]
[417, 152, -48]
[312, 181, 92]
[447, 234, -122]
[301, 280, 88]
[449, 290, -220]
[235, 318, -22]
[454, 307, -235]
[208, 328, -30]
[443, 305, -240]
[207, 323, -46]
[438, 298, -223]
[215, 321, -32]
[401, 368, -37]
[326, 383, 37]
[414, 275, -184]
[244, 340, -22]
[435, 312, -263]
[264, 317, -95]
[440, 337, -271]
[266, 332, -101]
[437, 280, -316]
[262, 262, -129]
[312, 86, -27]
[325, 71, -30]
[330, 70, -30]
[335, 69, -30]
[316, 73, -13]
[315, 74, -13]
[314, 74, -13]
[358, 76, -22]
[331, 81, 54]
[325, 101, -24]
[314, 102, -2]
[417, 152, -43]
[312, 181, 93]
[445, 237, -136]
[300, 281, 73]
[448, 290, -248]
[235, 320, -42]
[453, 307, -262]
[208, 332, -50]
[442, 301, -265]
[207, 327, -64]
[434, 297, -249]
[215, 325, -51]
[400, 368, -37]
[323, 383, 37]
[415, 276, -205]
[245, 342, -31]
[435, 319, -301]
[266, 324, -105]
[440, 345, -310]
[270, 342, -111]
[435, 284, -358]
[263, 268, -144]
[312, 85, -26]
[325, 71, -29]
[330, 70, -29]
[335, 69, -29]
[316, 73, -13]
[315, 73, -13]
[314, 74, -13]
[358, 76, -23]
[331, 81, 50]
[325, 101, -24]
[314, 102, -2]
[417, 152, -44]
[311, 181, 90]
[445, 233, -133]
[300, 281, 66]
[447, 290, -225]
[234, 323, -56]
[452, 313, -238]
[208, 335, -68]
[435, 307, -245]
[207, 330, -83]
[429, 303, -228]
[215, 328, -66]
[400, 368, -37]
[323, 359, 37]
[414, 278, -173]
[186, 338, -40]
[427, 324, -237]
[231, 335, -128]
[433, 353, -242]
[238, 344, -135]
[407, 302, -282]
[222, 290, -159]
[312, 85, -27]
[325, 71, -28]
[330, 70, -28]
[335, 69, -28]
[316, 73, -13]
[315, 73, -13]
[314, 74, -13]
[358, 76, -16]
[331, 81, 53]
[325, 101, -22]
[314, 102, -2]
[418, 152, -32]
[310, 182, 90]
[445, 243, -122]
[299, 285, 42]
[446, 290, -211]
[233, 325, -99]
[452, 309, -223]
[208, 335, -113]
[435, 301, -230]
[206, 330, -125]
[429, 298, -214]
[215, 327, -108]
[402, 368, -36]
[322, 364, 36]
[424, 282, -190]
[219, 335, -32]
[426, 329, -270]
[230, 339, -110]
[432, 353, -277]
[234, 350, -116]
[408, 303, -320]
[192, 292, -146]
[312, 85, -29]
[325, 71, -31]
[330, 70, -31]
[335, 69, -31]
[316, 73, -15]
[315, 73, -15]
[314, 74, -15]
[358, 76, -20]
[331, 81, 50]
[325, 101, -25]
[314, 102, -4]
[418, 152, -38]
[310, 183, 87]
[445, 249, -127]
[299, 286, 47]
[444, 295, -215]
[233, 330, -77]
[449, 314, -227]
[208, 339, -90]
[434, 304, -233]
[207, 333, -104]
[427, 303, -217]
[216, 331, -87]
[403, 371, -35]
[322, 374, 35]
[426, 283, -176]
[230, 341, -57]
[422, 345, -243]
[246, 344, -141]
[425, 374, -248]
[250, 366, -147]
[403, 311, -289]
[231, 299, -179]
[312, 85, -26]
[325, 71, -29]
[330, 70, -29]
[335, 69, -29]
[316, 73, -13]
[315, 73, -13]
[314, 74, -13]
[358, 77, -21]
[331, 81, 49]
[325, 101, -23]
[313, 102, -3]
[418, 152, -41]
[310, 184, 86]
[445, 250, -118]
[295, 291, 55]
[444, 294, -193]
[230, 334, -30]
[449, 311, -203]
[208, 341, -40]
[436, 302, -211]
[206, 336, -56]
[429, 300, -195]
[216, 334, -41]
[402, 372, -35]
[322, 377, 35]
[429, 279, -161]
[211, 336, -50]
[418, 346, -214]
[244, 345, -130]
[419, 376, -217]
[250, 368, -136]
[396, 315, -246]
[231, 302, -161]
[311, 85, -26]
[325, 71, -29]
[330, 70, -29]
[335, 69, -29]
[316, 73, -13]
[315, 73, -13]
[314, 74, -13]
[358, 77, -22]
[331, 81, 48]
[324, 101, -24]
[313, 102, -3]
[417, 152, -48]
[311, 184, 86]
[445, 251, -121]
[294, 290, 91]
[437, 293, -190]
[231, 333, 29]
[443, 310, -201]
[208, 343, 24]
[432, 301, -208]
[209, 343, 5]
[427, 299, -192]
[216, 336, 18]
[403, 372, -38]
[325, 377, 39]
[429, 278, -150]
[190, 336, -42]
[403, 363, -185]
[222, 368, -112]
[403, 392, -187]
[229, 391, -117]
[369, 346, -219]
[202, 339, -142]
[311, 85, -28]
[325, 71, -34]
[329, 70, -34]
[334, 69, -34]
[316, 73, -18]
[315, 73, -18]
[314, 74, -18]
[358, 77, -35]
[332, 80, 36]
[323, 101, -29]
[312, 102, -8]
[416, 152, -65]
[311, 183, 74]
[445, 248, -140]
[296, 284, 90]
[436, 288, -196]
[231, 332, 34]
[442, 303, -204]
[209, 348, 30]
[431, 292, -211]
[209, 346, 8]
[427, 290, -197]
[218, 341, 22]
[403, 370, -39]
[327, 377, 39]
[429, 265, -133]
[174, 336, -25]
[391, 363, -159]
[200, 382, -97]
[390, 393, -160]
[208, 404, -104]
[362, 349, -192]
[172, 362, -120]
[311, 85, -33]
[324, 71, -40]
[329, 70, -40]
[334, 69, -40]
[316, 73, -24]
[315, 73, -24]
[314, 74, -24]
[358, 77, -44]
[332, 80, 29]
[323, 101, -36]
[312, 102, -14]
[415, 152, -80]
[312, 183, 73]
[443, 250, -148]
[304, 276, 96]
[405, 289, -202]
[245, 326, 53]
[401, 304, -214]
[228, 342, 49]
[393, 293, -218]
[222, 339, 30]
[393, 291, -203]
[232, 334, 42]
[403, 370, -44]
[332, 377, 44]
[407, 262, -120]
[186, 338, 0]
[364, 372, -108]
[216, 390, -39]
[365, 400, -106]
[224, 406, -43]
[328, 372, -134]
[191, 382, -56]
[311, 85, -38]
[324, 71, -44]
[329, 70, -44]
[334, 69, -44]
[316, 73, -27]
[315, 73, -27]
[314, 73, -27]
[357, 77, -50]
[332, 80, 28]
[323, 100, -40]
[312, 101, -17]
[415, 153, -92]
[312, 183, 74]
[442, 258, -153]
[305, 277, 104]
[396, 308, -198]
[249, 326, 59]
[391, 326, -213]
[234, 341, 55]
[380, 316, -214]
[228, 337, 36]
[381, 312, -198]
[238, 333, 48]
[403, 376, -52]
[333, 382, 52]
[389, 266, -121]
[188, 340, 15]
[342, 383, -92]
[212, 401, -12]
[344, 410, -88]
[219, 416, -14]
[302, 388, -115]
[180, 393, -29]
[311, 85, -37]
[324, 70, -43]
[329, 70, -43]
[334, 69, -43]
[316, 72, -26]
[315, 73, -26]
[314, 73, -26]
[357, 77, -48]
[332, 80, 30]
[323, 100, -39]
[312, 101, -17]
[415, 153, -88]
[312, 183, 84]
[442, 266, -153]
[305, 277, 111]
[381, 313, -175]
[261, 324, 60]
[370, 332, -193]
[250, 341, 53]
[359, 320, -192]
[246, 333, 36]
[362, 315, -174]
[253, 328, 50]
[402, 383, -57]
[333, 389, 57]
[368, 294, -124]
[196, 350, 2]
[343, 454, -87]
[224, 469, -15]
[350, 486, -84]
[241, 488, -15]
[299, 477, -116]
[198, 477, -41]
[311, 84, -47]
[324, 70, -51]
[329, 69, -52]
[334, 69, -52]
[316, 72, -33]
[315, 72, -33]
[314, 73, -34]
[357, 76, -52]
[331, 80, 29]
[323, 100, -46]
[312, 101, -23]
[415, 154, -97]
[313, 183, 93]
[442, 266, -148]
[309, 278, 113]
[382, 337, -160]
[288, 315, 45]
[369, 370, -177]
[283, 331, 38]
[354, 358, -174]
[276, 318, 21]
[357, 349, -157]
[281, 314, 35]
[402, 388, -58]
[333, 392, 58]
[372, 332, -126]
[242, 402, 1]
[357, 500, -86]
[262, 505, -15]
[364, 533, -83]
[277, 528, -15]
[314, 530, -122]
[211, 517, -49]
[311, 84, -53]
[325, 70, -58]
[329, 69, -58]
[334, 68, -58]
[316, 72, -40]
[315, 72, -40]
[314, 73, -40]
[358, 76, -58]
[331, 79, 22]
[323, 100, -51]
[312, 101, -28]
[415, 154, -98]
[314, 182, 90]
[443, 265, -142]
[310, 278, 107]
[386, 336, -157]
[293, 301, 38]
[381, 367, -175]
[290, 313, 33]
[367, 354, -174]
[282, 299, 13]
[369, 346, -156]
[287, 295, 28]
[403, 388, -58]
[337, 392, 58]
[376, 371, -105]
[286, 430, 31]
[364, 536, -44]
[302, 542, 41]
[371, 567, -39]
[313, 565, 41]
[323, 571, -77]
[253, 560, 6]
[312, 84, -61]
[325, 70, -67]
[330, 69, -67]
[335, 68, -67]
[316, 71, -48]
[315, 72, -48]
[314, 72, -48]
[358, 76, -67]
[330, 79, 18]
[324, 100, -59]
[312, 101, -35]
[415, 154, -107]
[315, 182, 91]
[443, 267, -150]
[312, 278, 107]
[381, 345, -172]
[294, 292, 35]
[380, 380, -189]
[290, 301, 27]
[366, 368, -189]
[281, 288, 10]
[368, 358, -171]
[286, 285, 24]
[403, 389, -60]
[339, 392, 60]
[378, 407, -113]
[295, 459, 25]
[365, 583, -44]
[315, 602, 43]
[380, 614, -39]
[327, 628, 42]
[331, 621, -85]
[267, 633, -4]
[312, 84, -59]
[325, 69, -63]
[330, 69, -63]
[335, 68, -64]
[316, 71, -45]
[315, 72, -45]
[314, 72, -45]
[358, 76, -61]
[330, 79, 22]
[324, 100, -56]
[312, 101, -32]
[415, 154, -100]
[314, 182, 91]
[443, 267, -148]
[311, 278, 110]
[387, 344, -177]
[287, 297, 37]
[386, 373, -194]
[283, 307, 31]
[373, 363, -194]
[275, 295, 14]
[374, 354, -176]
[279, 293, 27]
[403, 388, -59]
[338, 392, 60]
[380, 363, -114]
[286, 425, 16]
[367, 516, -67]
[304, 532, 19]
[378, 548, -63]
[314, 555, 19]
[330, 540, -104]
[263, 546, -17]
[312, 84, -55]
[325, 69, -60]
[330, 68, -60]
[335, 68, -60]
[316, 71, -42]
[315, 72, -42]
[313, 72, -42]
[358, 76, -60]
[330, 79, 23]
[324, 100, -53]
[312, 101, -30]
[415, 154, -95]
[314, 182, 92]
[442, 262, -143]
[310, 281, 115]
[390, 339, -169]
[285, 304, 59]
[389, 367, -187]
[280, 316, 54]
[376, 357, -186]
[273, 303, 38]
[377, 349, -168]
[278, 299, 49]
[401, 387, -59]
[338, 392, 59]
[381, 305, -116]
[278, 403, 15]
[362, 445, -64]
[297, 466, 23]
[366, 476, -60]
[304, 483, 24]
[331, 459, -93]
[263, 463, 0]
[312, 83, -53]
[325, 69, -58]
[330, 68, -58]
[335, 67, -58]
[316, 71, -41]
[315, 71, -41]
[313, 72, -41]
[358, 76, -58]
[329, 79, 25]
[324, 100, -52]
[312, 101, -28]
[415, 154, -93]
[314, 182, 91]
[442, 258, -143]
[310, 283, 117]
[392, 338, -168]
[288, 312, 71]
[391, 365, -186]
[285, 325, 69]
[377, 357, -184]
[278, 315, 52]
[378, 350, -167]
[283, 310, 62]
[397, 387, -59]
[338, 392, 59]
[390, 293, -112]
[282, 385, 31]
[360, 414, -50]
[294, 417, 47]
[360, 440, -45]
[299, 430, 49]
[333, 423, -79]
[266, 402, 28]
[312, 83, -53]
[325, 69, -58]
[330, 68, -58]
[335, 67, -58]
[316, 71, -40]
[314, 71, -40]
[313, 72, -40]
[358, 76, -56]
[329, 79, 26]
[324, 99, -51]
[312, 100, -27]
[415, 154, -92]
[314, 182, 91]
[441, 255, -134]
[310, 283, 115]
[394, 335, -157]
[295, 307, 56]
[392, 362, -174]
[294, 319, 52]
[381, 353, -173]
[288, 307, 35]
[381, 346, -156]
[291, 304, 46]
[395, 387, -58]
[337, 392, 59]
[404, 279, -100]
[291, 366, 36]
[361, 384, -30]
[302, 393, 58]
[364, 409, -25]
[304, 406, 60]
[351, 390, -59]
[283, 378, 38]
[312, 83, -52]
[325, 69, -57]
[330, 68, -57]
[335, 67, -57]
[316, 70, -39]
[314, 71, -39]
[313, 71, -40]
[358, 76, -56]
[329, 79, 27]
[324, 99, -50]
[312, 100, -27]
[414, 154, -93]
[314, 181, 92]
[441, 254, -135]
[310, 281, 114]
[394, 337, -159]
[296, 300, 56]
[393, 365, -177]
[296, 310, 52]
[382, 358, -175]
[288, 299, 37]
[382, 350, -158]
[291, 295, 46]
[392, 387, -58]
[337, 392, 59]
[405, 289, -97]
[292, 368, 45]
[363, 399, -20]
[297, 404, 70]
[365, 424, -15]
[303, 419, 73]
[352, 407, -50]
[274, 391, 48]
[312, 82, -54]
[325, 68, -58]
[330, 68, -58]
[335, 67, -58]
[316, 70, -40]
[314, 71, -40]
[313, 71, -40]
[358, 76, -58]
[329, 79, 26]
[324, 99, -52]
[312, 100, -28]
[413, 154, -94]
[314, 180, 91]
[441, 255, -134]
[309, 279, 112]
[395, 343, -152]
[295, 298, 53]
[394, 374, -171]
[295, 308, 48]
[382, 368, -167]
[287, 297, 33]
[382, 359, -150]
[290, 294, 44]
[390, 386, -58]
[335, 390, 59]
[404, 308, -101]
[294, 369, 43]
[364, 434, -24]
[300, 431, 73]
[366, 460, -18]
[304, 448, 76]
[351, 450, -54]
[275, 431, 48]
[312, 82, -63]
[325, 68, -67]
[330, 68, -67]
[335, 67, -67]
[316, 70, -48]
[314, 71, -48]
[313, 71, -48]
[358, 76, -62]
[329, 79, 22]
[324, 99, -59]
[312, 100, -35]
[412, 154, -100]
[314, 179, 91]
[441, 259, -142]
[310, 279, 115]
[395, 348, -157]
[300, 303, 52]
[395, 382, -174]
[299, 316, 48]
[382, 376, -173]
[292, 306, 31]
[382, 367, -157]
[295, 302, 42]
[386, 386, -61]
[333, 389, 61]
[395, 345, -103]
[293, 385, 41]
[361, 491, -32]
[299, 488, 76]
[364, 520, -27]
[303, 509, 79]
[338, 511, -67]
[272, 500, 46]
[312, 82, -75]
[325, 68, -79]
[330, 68, -79]
[335, 67, -79]
[316, 70, -61]
[314, 71, -61]
[313, 71, -61]
[358, 76, -72]
[329, 79, 12]
[324, 99, -70]
[312, 100, -46]
[411, 154, -106]
[313, 177, 89]
[438, 261, -142]
[310, 277, 114]
[396, 347, -159]
[299, 302, 49]
[395, 379, -178]
[299, 314, 46]
[382, 373, -176]
[291, 305, 25]
[382, 364, -158]
[294, 300, 37]
[384, 386, -62]
[331, 388, 62]
[387, 344, -104]
[299, 383, 48]
[354, 479, -17]
[304, 475, 92]
[358, 507, -11]
[308, 496, 95]
[329, 495, -52]
[275, 482, 62]
[312, 82, -74]
[325, 68, -78]
[330, 67, -78]
[335, 67, -78]
[316, 70, -60]
[314, 71, -60]
[313, 71, -60]
[358, 76, -71]
[328, 78, 12]
[324, 99, -69]
[312, 100, -45]
[411, 155, -105]
[313, 177, 87]
[437, 261, -142]
[308, 277, 114]
[396, 346, -155]
[297, 302, 54]
[396, 376, -174]
[296, 314, 51]
[384, 370, -172]
[289, 305, 33]
[383, 361, -155]
[292, 301, 43]
[383, 387, -62]
[331, 388, 62]
[388, 329, -104]
[300, 373, 57]
[355, 440, -17]
[306, 434, 94]
[357, 464, -11]
[309, 451, 96]
[331, 450, -49]
[280, 427, 67]
[312, 82, -74]
[325, 68, -78]
[330, 67, -78]
[335, 67, -78]
[315, 70, -60]
[314, 71, -60]
[312, 71, -59]
[358, 76, -69]
[328, 78, 12]
[324, 99, -69]
[312, 100, -45]
[411, 155, -103]
[312, 176, 85]
[436, 262, -133]
[304, 275, 114]
[396, 347, -140]
[296, 297, 54]
[396, 376, -157]
[295, 308, 50]
[385, 369, -156]
[288, 299, 31]
[384, 360, -140]
[291, 295, 43]
[383, 386, -62]
[331, 388, 62]
[390, 326, -101]
[314, 368, 56]
[356, 434, -15]
[326, 427, 92]
[358, 459, -10]
[328, 445, 95]
[335, 444, -50]
[304, 422, 64]
[312, 82, -72]
[325, 68, -76]
[330, 67, -76]
[335, 67, -76]
[315, 70, -58]
[314, 70, -58]
[312, 71, -58]
[358, 76, -68]
[327, 78, 13]
[324, 99, -67]
[311, 100, -43]
[410, 156, -101]
[312, 175, 83]
[435, 260, -131]
[303, 273, 106]
[398, 344, -143]
[296, 290, 39]
[397, 370, -159]
[293, 300, 34]
[388, 363, -158]
[286, 290, 18]
[386, 355, -142]
[290, 287, 29]
[384, 386, -60]
[331, 388, 61]
[394, 310, -96]
[316, 361, 53]
[359, 413, -11]
[331, 411, 88]
[358, 436, -5]
[333, 426, 91]
[345, 420, -45]
[315, 403, 60]
[312, 82, -75]
[325, 68, -78]
[330, 67, -79]
[335, 67, -79]
[315, 70, -61]
[313, 70, -61]
[312, 71, -61]
[358, 76, -68]
[327, 78, 12]
[323, 99, -69]
[311, 100, -46]
[410, 156, -100]
[312, 175, 82]
[435, 261, -132]
[302, 273, 106]
[399, 344, -147]
[295, 290, 36]
[399, 370, -165]
[293, 299, 31]
[389, 363, -163]
[285, 289, 14]
[387, 355, -147]
[289, 286, 25]
[384, 386, -58]
[331, 389, 59]
[396, 311, -98]
[310, 366, 50]
[361, 424, -19]
[324, 426, 81]
[360, 448, -14]
[327, 439, 83]
[349, 435, -53]
[305, 428, 52]
[312, 82, -97]
[325, 68, -99]
[330, 67, -99]
[335, 66, -99]
[315, 70, -82]
[313, 70, -82]
[311, 71, -82]
[358, 76, -81]
[326, 78, -3]
[323, 99, -88]
[311, 100, -66]
[410, 157, -105]
[311, 175, 73]
[436, 263, -130]
[301, 273, 104]
[399, 345, -146]
[293, 289, 30]
[401, 373, -165]
[292, 299, 25]
[391, 366, -165]
[283, 288, 6]
[389, 357, -146]
[286, 285, 18]
[385, 386, -57]
[331, 389, 57]
[396, 330, -102]
[310, 378, 47]
[366, 458, -15]
[331, 459, 88]
[366, 484, -9]
[336, 475, 91]
[353, 473, -57]
[310, 471, 49]
[312, 82, -95]
[325, 68, -98]
[330, 67, -98]
[335, 66, -98]
[315, 70, -81]
[313, 70, -81]
[311, 71, -81]
[358, 76, -84]
[326, 78, -4]
[323, 99, -88]
[311, 100, -65]
[410, 158, -106]
[310, 175, 72]
[436, 264, -130]
[301, 273, 102]
[400, 345, -145]
[292, 289, 27]
[403, 373, -164]
[291, 297, 22]
[393, 366, -164]
[283, 287, 3]
[392, 357, -145]
[286, 284, 16]
[386, 387, -56]
[331, 389, 57]
[397, 329, -102]
[313, 379, 46]
[369, 455, -8]
[335, 456, 94]
[369, 480, -3]
[340, 472, 97]
[356, 468, -52]
[316, 462, 55]
[311, 82, -97]
[325, 68, -100]
[330, 67, -100]
[335, 66, -100]
[315, 70, -82]
[313, 70, -82]
[311, 71, -82]
[358, 76, -86]
[325, 78, -5]
[323, 99, -89]
[311, 100, -66]
[410, 159, -107]
[310, 175, 69]
[437, 264, -127]
[301, 273, 102]
[404, 341, -138]
[292, 286, 30]
[405, 372, -156]
[291, 293, 25]
[396, 365, -158]
[282, 282, 7]
[394, 356, -139]
[286, 280, 19]
[387, 387, -56]
[332, 390, 56]
[399, 316, -101]
[314, 373, 46]
[372, 423, -5]
[339, 425, 93]
[371, 446, 0]
[343, 437, 96]
[363, 432, -49]
[328, 422, 56]
[311, 82, -100]
[325, 68, -101]
[330, 67, -102]
[335, 66, -102]
[314, 70, -85]
[312, 70, -85]
[311, 71, -85]
[358, 76, -83]
[325, 78, -6]
[323, 99, -90]
[311, 100, -68]
[410, 159, -104]
[309, 175, 67]
[437, 261, -127]
[299, 272, 93]
[408, 337, -143]
[291, 284, 12]
[409, 368, -160]
[290, 292, 5]
[400, 361, -165]
[282, 282, -11]
[398, 352, -145]
[285, 279, 1]
[387, 387, -53]
[332, 390, 54]
[399, 311, -100]
[312, 371, 40]
[374, 422, -7]
[339, 427, 89]
[374, 446, -1]
[344, 439, 91]
[366, 433, -50]
[327, 427, 52]
[311, 82, -105]
[325, 68, -105]
[330, 67, -105]
[335, 66, -105]
[314, 70, -90]
[312, 70, -90]
[310, 71, -90]
[358, 76, -82]
[324, 78, -9]
[323, 99, -93]
[311, 100, -73]
[410, 159, -99]
[308, 175, 64]
[437, 259, -127]
[296, 270, 84]
[411, 336, -158]
[287, 283, -2]
[411, 361, -176]
[287, 291, -11]
[403, 353, -181]
[279, 281, -27]
[400, 345, -160]
[283, 278, -13]
[387, 387, -51]
[332, 390, 51]
[400, 306, -98]
[311, 369, 35]
[376, 416, -4]
[340, 422, 86]
[375, 440, 0]
[345, 433, 89]
[370, 426, -49]
[331, 423, 48]
[311, 82, -103]
[325, 68, -104]
[330, 67, -104]
[335, 66, -104]
[314, 70, -88]
[312, 70, -88]
[310, 71, -88]
[358, 76, -81]
[324, 78, -7]
[323, 99, -92]
[311, 100, -71]
[410, 159, -98]
[308, 175, 66]
[437, 258, -128]
[295, 270, 87]
[411, 336, -164]
[284, 282, 0]
[411, 358, -183]
[283, 290, -8]
[402, 350, -186]
[276, 279, -25]
[400, 342, -166]
[280, 277, -11]
[388, 387, -51]
[332, 391, 51]
[401, 306, -99]
[310, 369, 35]
[376, 419, -7]
[339, 424, 85]
[376, 443, -1]
[343, 436, 88]
[369, 428, -51]
[329, 425, 46]
[311, 82, -100]
[324, 68, -102]
[330, 67, -102]
[335, 66, -102]
[314, 70, -85]
[312, 70, -85]
[310, 71, -85]
[357, 76, -80]
[324, 78, -6]
[323, 99, -90]
[310, 100, -68]
[410, 160, -98]
[308, 175, 67]
[437, 256, -131]
[295, 270, 88]
[410, 333, -171]
[284, 281, 0]
[411, 353, -190]
[282, 289, -8]
[402, 344, -193]
[275, 278, -25]
[400, 336, -173]
[278, 275, -11]
[388, 387, -51]
[331, 391, 51]
[401, 303, -98]
[310, 369, 36]
[376, 413, -7]
[337, 422, 86]
[375, 437, -1]
[342, 434, 88]
[368, 420, -50]
[327, 422, 47]
[311, 82, -98]
[324, 68, -100]
[329, 67, -100]
[335, 66, -100]
[314, 70, -83]
[311, 70, -83]
[309, 71, -83]
[357, 76, -80]
[324, 78, -5]
[323, 99, -89]
[310, 100, -67]
[410, 160, -98]
[307, 175, 69]
[437, 256, -132]
[296, 270, 89]
[410, 334, -171]
[284, 281, 3]
[410, 353, -190]
[282, 289, -4]
[401, 344, -192]
[274, 278, -22]
[399, 337, -172]
[278, 275, -8]
[387, 387, -51]
[331, 392, 52]
[401, 305, -98]
[310, 370, 40]
[376, 416, -8]
[336, 423, 86]
[375, 441, -2]
[341, 434, 89]
[367, 425, -50]
[325, 424, 49]
[311, 82, -97]
[324, 68, -99]
[329, 67, -99]
[335, 66, -99]
[313, 70, -82]
[311, 70, -82]
[309, 71, -82]
[357, 76, -79]
[323, 78, -4]
[323, 99, -88]
[310, 100, -66]
[410, 159, -98]
[308, 175, 71]
[435, 255, -135]
[297, 270, 94]
[410, 331, -175]
[284, 280, 5]
[410, 350, -194]
[282, 288, -3]
[401, 341, -196]
[274, 277, -21]
[399, 334, -176]
[278, 275, -6]
[387, 387, -51]
[331, 392, 52]
[400, 298, -96]
[310, 362, 43]
[374, 397, -6]
[336, 402, 87]
[372, 419, 0]
[341, 413, 90]
[366, 402, -47]
[326, 397, 51]
[311, 82, -100]
[324, 68, -102]
[329, 67, -102]
[335, 66, -102]
[313, 70, -85]
[311, 70, -85]
[309, 71, -85]
[357, 76, -80]
[323, 78, -5]
[323, 99, -90]
[310, 100, -68]
[410, 159, -99]
[308, 174, 71]
[434, 255, -135]
[304, 268, 98]
[409, 331, -172]
[284, 281, 16]
[409, 351, -191]
[282, 289, 10]
[400, 342, -192]
[274, 278, -10]
[398, 335, -173]
[278, 275, 4]
[387, 387, -51]
[331, 392, 52]
[400, 300, -100]
[308, 365, 40]
[374, 402, -14]
[335, 403, 85]
[372, 424, -9]
[340, 417, 87]
[366, 407, -58]
[325, 402, 46]
[311, 82, -104]
[324, 68, -106]
[329, 67, -106]
[335, 66, -106]
[313, 70, -90]
[311, 70, -90]
[309, 71, -90]
[357, 76, -81]
[323, 78, -8]
[323, 99, -93]
[310, 100, -72]
[409, 159, -99]
[307, 174, 70]
[433, 255, -132]
[307, 267, 99]
[409, 333, -168]
[286, 281, 17]
[408, 352, -188]
[284, 290, 10]
[399, 343, -189]
[275, 279, -10]
[397, 335, -169]
[280, 276, 4]
[387, 387, -51]
[329, 392, 52]
[395, 327, -105]
[304, 391, 33]
[373, 464, -18]
[334, 480, 81]
[372, 491, -13]
[340, 496, 83]
[362, 482, -65]
[317, 498, 35]
