[464, 144, -71]
[473, 127, -92]
[479, 127, -92]
[486, 126, -92]
[467, 127, -64]
[468, 126, -64]
[468, 126, -64]
[507, 134, -127]
[486, 132, -6]
[475, 160, -79]
[469, 160, -44]
[539, 237, -165]
[510, 226, 81]
[531, 374, -192]
[513, 334, 119]
[493, 441, -148]
[487, 416, 74]
[476, 471, -170]
[483, 442, 80]
[478, 464, -160]
[476, 439, 48]
[483, 451, -143]
[479, 431, 59]
[510, 493, -62]
[481, 490, 62]
[490, 650, -37]
[448, 659, 106]
[472, 831, 66]
[446, 837, 169]
[481, 861, 73]
[456, 867, 172]
[428, 863, 19]
[408, 866, 120]
[466, 147, -91]
[476, 130, -110]
[480, 130, -110]
[486, 130, -110]
[471, 129, -84]
[472, 129, -84]
[473, 128, -84]
[507, 136, -137]
[491, 134, -25]
[477, 163, -97]
[472, 162, -65]
[533, 237, -174]
[512, 224, 61]
[521, 382, -180]
[511, 337, 105]
[479, 456, -129]
[482, 419, 62]
[470, 480, -145]
[478, 445, 64]
[468, 471, -139]
[471, 441, 35]
[469, 462, -123]
[475, 433, 48]
[509, 486, -61]
[481, 480, 61]
[486, 632, -26]
[454, 630, 104]
[470, 797, 78]
[461, 790, 167]
[481, 826, 86]
[471, 817, 172]
[427, 827, 20]
[422, 822, 135]
[466, 147, -63]
[476, 130, -83]
[480, 130, -83]
[485, 129, -83]
[473, 129, -54]
[475, 128, -54]
[476, 128, -54]
[507, 136, -134]
[498, 134, -8]
[477, 162, -79]
[474, 161, -42]
[527, 237, -187]
[522, 225, 65]
[512, 384, -202]
[524, 341, 87]
[466, 482, -165]
[489, 433, 32]
[458, 500, -188]
[486, 471, 34]
[456, 495, -178]
[476, 468, 6]
[459, 482, -160]
[480, 458, 18]
[499, 491, -63]
[483, 480, 63]
[462, 643, -23]
[450, 635, 111]
[449, 809, 100]
[455, 803, 194]
[461, 838, 109]
[466, 829, 199]
[405, 836, 52]
[410, 837, 145]
[466, 147, -83]
[475, 131, -101]
[479, 131, -101]
[483, 130, -101]
[472, 131, -73]
[473, 130, -73]
[474, 129, -74]
[506, 136, -141]
[497, 134, -22]
[477, 162, -95]
[474, 162, -60]
[527, 238, -191]
[521, 227, 57]
[513, 388, -200]
[523, 347, 83]
[462, 477, -155]
[482, 435, 38]
[451, 494, -176]
[476, 459, 39]
[444, 481, -167]
[465, 453, 14]
[453, 478, -150]
[469, 446, 25]
[499, 491, -62]
[485, 477, 63]
[469, 633, -7]
[449, 624, 120]
[459, 791, 103]
[454, 782, 213]
[472, 821, 111]
[464, 807, 219]
[414, 810, 92]
[414, 810, 171]
[466, 148, -68]
[475, 132, -86]
[479, 131, -87]
[483, 130, -87]
[472, 131, -58]
[474, 131, -58]
[475, 129, -59]
[505, 136, -133]
[498, 134, -9]
[477, 162, -82]
[475, 162, -46]
[528, 238, -187]
[524, 228, 63]
[515, 390, -204]
[530, 350, 86]
[465, 478, -165]
[483, 448, 33]
[453, 494, -188]
[474, 473, 34]
[445, 488, -178]
[467, 457, 6]
[456, 477, -160]
[476, 454, 18]
[502, 491, -62]
[489, 479, 62]
[477, 646, -9]
[450, 638, 111]
[465, 810, 110]
[449, 804, 192]
[476, 838, 119]
[457, 829, 197]
[424, 836, 76]
[413, 837, 140]
[467, 148, -81]
[476, 132, -100]
[480, 131, -100]
[483, 130, -100]
[475, 131, -72]
[477, 130, -72]
[479, 129, -72]
[505, 136, -135]
[502, 134, -21]
[479, 162, -94]
[478, 161, -58]
[529, 238, -184]
[528, 227, 49]
[517, 389, -183]
[528, 352, 81]
[469, 462, -131]
[485, 432, 49]
[456, 474, -148]
[478, 451, 53]
[451, 466, -139]
[466, 439, 26]
[459, 457, -126]
[470, 435, 36]
[504, 478, -54]
[495, 472, 54]
[480, 613, 17]
[458, 611, 116]
[464, 762, 150]
[453, 760, 216]
[472, 790, 161]
[459, 784, 224]
[427, 783, 127]
[424, 788, 179]
[467, 149, -88]
[476, 133, -108]
[479, 132, -108]
[482, 131, -108]
[474, 132, -79]
[476, 131, -79]
[478, 130, -79]
[505, 136, -153]
[500, 134, -26]
[479, 163, -101]
[477, 162, -64]
[532, 237, -200]
[525, 223, 48]
[522, 383, -194]
[525, 349, 87]
[471, 455, -150]
[489, 428, 50]
[458, 466, -171]
[484, 449, 53]
[453, 457, -161]
[475, 441, 25]
[459, 452, -144]
[479, 434, 36]
[505, 472, -62]
[498, 461, 62]
[498, 620, -5]
[467, 616, 116]
[479, 772, 100]
[463, 764, 197]
[489, 799, 108]
[471, 789, 203]
[436, 799, 68]
[426, 791, 160]
[467, 149, -88]
[476, 132, -109]
[479, 132, -109]
[482, 131, -109]
[474, 132, -78]
[475, 131, -78]
[477, 130, -78]
[505, 135, -158]
[500, 134, -22]
[479, 163, -103]
[477, 162, -63]
[532, 237, -209]
[525, 224, 58]
[523, 384, -197]
[528, 349, 101]
[468, 451, -147]
[483, 426, 70]
[452, 464, -170]
[476, 446, 72]
[449, 453, -161]
[467, 437, 45]
[455, 447, -142]
[470, 430, 56]
[505, 477, -65]
[495, 468, 66]
[496, 629, 14]
[466, 624, 150]
[479, 783, 163]
[458, 775, 268]
[489, 810, 175]
[465, 802, 279]
[435, 803, 125]
[422, 796, 236]
[467, 149, -78]
[476, 132, -100]
[479, 132, -100]
[482, 131, -100]
[474, 132, -69]
[476, 131, -69]
[478, 130, -69]
[505, 136, -155]
[502, 134, -14]
[479, 163, -93]
[477, 162, -53]
[533, 237, -200]
[527, 223, 60]
[521, 380, -175]
[526, 335, 98]
[470, 435, -86]
[494, 419, 69]
[461, 449, -104]
[488, 439, 70]
[462, 435, -97]
[480, 431, 45]
[465, 431, -81]
[482, 423, 55]
[506, 477, -65]
[500, 469, 66]
[497, 623, 34]
[475, 626, 150]
[481, 774, 192]
[462, 778, 265]
[489, 800, 205]
[467, 804, 276]
[439, 795, 157]
[425, 797, 231]
[470, 149, -76]
[479, 132, -100]
[482, 132, -100]
[485, 131, -100]
[477, 132, -70]
[479, 131, -70]
[481, 130, -70]
[507, 136, -155]
[505, 134, -19]
[482, 163, -91]
[480, 162, -53]
[533, 236, -196]
[531, 223, 55]
[521, 376, -179]
[528, 333, 97]
[471, 431, -104]
[494, 415, 84]
[461, 446, -122]
[488, 435, 88]
[463, 432, -117]
[480, 428, 63]
[466, 428, -100]
[483, 420, 72]
[506, 473, -62]
[501, 468, 62]
[500, 620, 29]
[472, 624, 143]
[481, 767, 173]
[459, 773, 238]
[489, 792, 184]
[465, 799, 247]
[441, 792, 137]
[424, 796, 215]
[472, 149, -47]
[481, 132, -71]
[483, 132, -71]
[486, 131, -71]
[479, 132, -43]
[481, 131, -43]
[483, 130, -43]
[509, 135, -134]
[507, 134, -8]
[484, 163, -64]
[482, 162, -28]
[533, 235, -174]
[536, 220, 55]
[521, 364, -159]
[538, 334, 104]
[473, 418, -86]
[495, 403, 100]
[464, 435, -103]
[488, 422, 104]
[469, 418, -100]
[482, 416, 80]
[469, 416, -83]
[485, 410, 88]
[510, 464, -59]
[508, 464, 59]
[508, 610, 21]
[476, 616, 130]
[490, 756, 154]
[466, 765, 208]
[495, 781, 163]
[473, 791, 215]
[457, 783, 120]
[428, 789, 181]
[472, 148, -65]
[481, 132, -87]
[484, 131, -87]
[487, 131, -87]
[480, 132, -58]
[481, 131, -58]
[484, 130, -58]
[509, 135, -136]
[507, 134, -11]
[485, 162, -80]
[483, 162, -42]
[533, 234, -185]
[533, 218, 55]
[522, 365, -168]
[531, 325, 99]
[469, 415, -122]
[493, 403, 68]
[445, 430, -141]
[487, 421, 69]
[447, 415, -133]
[481, 416, 43]
[459, 410, -118]
[484, 410, 55]
[514, 460, -62]
[506, 457, 63]
[513, 610, 9]
[476, 610, 129]
[498, 755, 136]
[468, 758, 218]
[504, 778, 146]
[476, 782, 225]
[464, 784, 98]
[429, 783, 181]
[474, 149, -77]
[484, 132, -99]
[487, 131, -99]
[490, 131, -99]
[481, 132, -67]
[482, 131, -67]
[484, 130, -67]
[512, 135, -149]
[507, 134, -12]
[486, 163, -92]
[483, 162, -52]
[538, 233, -196]
[530, 219, 56]
[523, 368, -202]
[517, 329, 103]
[463, 412, -172]
[464, 402, 59]
[438, 431, -198]
[453, 420, 59]
[436, 417, -191]
[449, 414, 32]
[446, 411, -168]
[454, 408, 45]
[516, 464, -67]
[504, 458, 68]
[524, 614, -6]
[476, 613, 130]
[515, 760, 118]
[473, 762, 222]
[523, 782, 127]
[482, 786, 230]
[483, 792, 73]
[432, 790, 182]
[474, 149, -78]
[483, 132, -100]
[487, 131, -100]
[490, 131, -100]
[480, 132, -70]
[482, 131, -70]
[483, 130, -70]
[512, 135, -153]
[506, 134, -15]
[486, 163, -95]
[483, 162, -53]
[540, 233, -207]
[530, 219, 65]
[527, 370, -216]
[518, 331, 126]
[449, 403, -168]
[457, 383, 104]
[420, 420, -192]
[442, 406, 106]
[417, 405, -188]
[436, 398, 78]
[428, 398, -167]
[443, 394, 90]
[518, 465, -73]
[505, 460, 73]
[526, 617, 8]
[481, 616, 150]
[517, 762, 162]
[480, 764, 262]
[526, 784, 175]
[491, 788, 271]
[479, 792, 122]
[436, 790, 223]
[475, 148, -77]
[484, 132, -98]
[488, 131, -98]
[491, 131, -98]
[481, 132, -68]
[482, 131, -68]
[484, 130, -68]
[514, 135, -149]
[507, 134, -12]
[487, 162, -93]
[483, 162, -53]
[541, 233, -203]
[530, 220, 68]
[527, 369, -212]
[518, 331, 117]
[441, 390, -140]
[458, 388, 80]
[415, 403, -160]
[442, 409, 80]
[415, 388, -152]
[438, 400, 53]
[423, 384, -134]
[444, 396, 66]
[521, 467, -72]
[507, 460, 73]
[533, 614, 8]
[486, 613, 150]
[525, 756, 159]
[488, 757, 259]
[535, 777, 172]
[498, 780, 268]
[486, 786, 119]
[446, 783, 222]
[475, 148, -68]
[485, 132, -88]
[488, 131, -88]
[491, 130, -88]
[482, 131, -58]
[483, 131, -58]
[484, 130, -58]
[514, 135, -136]
[507, 134, -2]
[487, 162, -82]
[483, 162, -43]
[543, 232, -188]
[529, 220, 76]
[531, 369, -186]
[518, 332, 116]
[437, 372, -107]
[452, 388, 73]
[408, 380, -124]
[437, 404, 76]
[408, 361, -110]
[433, 394, 47]
[419, 360, -98]
[438, 390, 59]
[521, 468, -71]
[506, 459, 71]
[533, 616, 8]
[488, 615, 147]
[524, 758, 157]
[488, 759, 254]
[533, 779, 169]
[497, 782, 263]
[487, 788, 117]
[447, 786, 214]
[475, 148, -54]
[485, 132, -75]
[488, 131, -75]
[491, 130, -75]
[482, 131, -45]
[483, 131, -45]
[484, 130, -45]
[514, 135, -129]
[507, 134, 3]
[487, 162, -70]
[483, 162, -32]
[543, 232, -182]
[532, 220, 80]
[532, 368, -164]
[519, 329, 121]
[434, 359, -52]
[458, 365, 88]
[405, 365, -63]
[444, 373, 90]
[408, 347, -50]
[440, 364, 68]
[417, 346, -42]
[445, 362, 77]
[521, 468, -72]
[509, 459, 72]
[529, 615, 6]
[491, 616, 144]
[519, 757, 143]
[490, 759, 234]
[529, 780, 155]
[500, 783, 241]
[483, 784, 117]
[445, 782, 205]
[476, 147, -50]
[485, 131, -72]
[488, 131, -72]
[491, 130, -72]
[483, 131, -42]
[484, 130, -42]
[486, 129, -42]
[514, 135, -126]
[509, 133, 3]
[487, 162, -66]
[484, 162, -29]
[543, 232, -174]
[539, 220, 79]
[533, 369, -151]
[521, 324, 77]
[433, 349, -27]
[458, 341, -6]
[403, 352, -34]
[445, 338, -11]
[407, 333, -18]
[440, 330, -27]
[416, 332, -16]
[445, 332, -17]
[518, 468, -70]
[510, 456, 71]
[524, 615, 4]
[490, 614, 126]
[512, 753, 129]
[488, 752, 206]
[523, 776, 139]
[497, 775, 212]
[472, 775, 101]
[444, 772, 178]
[477, 147, -73]
[486, 131, -91]
[489, 131, -91]
[493, 130, -91]
[483, 131, -64]
[484, 130, -64]
[486, 130, -65]
[516, 135, -130]
[509, 133, -3]
[489, 162, -79]
[484, 162, -46]
[546, 231, -174]
[531, 220, 77]
[533, 367, -165]
[507, 321, 66]
[432, 339, -67]
[438, 318, -41]
[404, 343, -76]
[412, 323, -49]
[407, 324, -61]
[408, 314, -65]
[418, 321, -56]
[418, 316, -53]
[519, 466, -68]
[509, 455, 68]
[525, 613, 1]
[488, 613, 122]
[513, 751, 126]
[487, 753, 204]
[522, 773, 136]
[496, 777, 210]
[475, 777, 88]
[444, 776, 167]
[477, 147, -76]
[486, 132, -93]
[490, 131, -93]
[493, 131, -93]
[483, 131, -68]
[484, 131, -68]
[485, 130, -68]
[516, 135, -130]
[508, 133, -7]
[489, 162, -80]
[484, 162, -49]
[547, 230, -170]
[527, 220, 76]
[533, 362, -154]
[505, 322, 56]
[435, 328, -38]
[440, 313, -46]
[408, 327, -40]
[421, 317, -54]
[410, 308, -25]
[416, 307, -67]
[421, 307, -25]
[425, 311, -56]
[519, 465, -64]
[508, 454, 64]
[524, 612, -1]
[488, 612, 113]
[513, 751, 115]
[485, 750, 189]
[521, 773, 124]
[495, 774, 195]
[474, 778, 77]
[443, 774, 155]
[478, 148, -79]
[487, 132, -96]
[490, 132, -97]
[494, 131, -97]
[483, 131, -71]
[484, 131, -71]
[485, 130, -71]
[517, 135, -131]
[508, 134, -11]
[489, 162, -85]
[485, 162, -53]
[548, 229, -168]
[524, 220, 68]
[534, 361, -139]
[505, 323, 61]
[437, 320, -7]
[455, 317, -25]
[408, 315, -11]
[445, 331, -32]
[419, 298, 4]
[442, 328, -49]
[427, 298, 4]
[448, 330, -36]
[519, 464, -60]
[506, 454, 60]
[524, 611, 7]
[487, 610, 118]
[511, 746, 132]
[481, 746, 203]
[516, 767, 141]
[488, 768, 210]
[474, 774, 90]
[442, 773, 167]
[478, 148, -65]
[487, 132, -85]
[491, 132, -85]
[494, 131, -85]
[483, 131, -57]
[484, 131, -57]
[486, 130, -57]
[517, 136, -129]
[508, 134, -4]
[490, 162, -77]
[485, 162, -42]
[548, 228, -166]
[524, 220, 70]
[534, 358, -135]
[505, 323, 62]
[441, 316, 1]
[455, 332, -33]
[413, 311, -1]
[445, 338, -41]
[425, 294, 13]
[442, 329, -56]
[432, 294, 13]
[448, 330, -44]
[518, 463, -59]
[505, 452, 60]
[524, 611, 5]
[487, 609, 115]
[510, 746, 126]
[480, 744, 198]
[515, 767, 135]
[486, 765, 204]
[475, 774, 85]
[442, 770, 162]
[479, 148, -72]
[488, 132, -89]
[491, 132, -89]
[495, 131, -89]
[484, 132, -65]
[484, 131, -65]
[486, 130, -65]
[517, 136, -126]
[507, 134, -9]
[490, 162, -79]
[485, 162, -48]
[548, 227, -158]
[520, 220, 64]
[534, 355, -125]
[505, 324, 65]
[454, 310, 3]
[466, 360, -15]
[431, 301, 0]
[458, 374, -22]
[443, 286, 14]
[456, 361, -39]
[448, 287, 14]
[461, 356, -27]
[518, 461, -56]
[502, 450, 56]
[522, 608, 5]
[484, 607, 110]
[509, 740, 123]
[475, 741, 186]
[514, 760, 132]
[481, 763, 192]
[475, 770, 82]
[440, 770, 147]
[480, 148, -80]
[488, 132, -95]
[492, 132, -95]
[495, 132, -95]
[484, 132, -71]
[485, 132, -71]
[486, 131, -71]
[517, 136, -123]
[507, 134, -10]
[490, 163, -83]
[485, 162, -53]
[547, 226, -157]
[521, 220, 67]
[532, 354, -129]
[506, 325, 63]
[455, 309, -3]
[469, 361, -28]
[433, 300, -5]
[461, 375, -36]
[444, 286, 7]
[460, 362, -51]
[452, 287, 7]
[465, 356, -39]
[516, 461, -57]
[502, 451, 57]
[516, 607, -1]
[479, 606, 112]
[504, 740, 112]
[469, 740, 186]
[510, 761, 121]
[475, 763, 192]
[465, 768, 71]
[429, 766, 148]
[478, 148, -54]
[486, 132, -73]
[490, 132, -73]
[493, 132, -74]
[483, 132, -45]
[483, 131, -45]
[484, 131, -45]
[515, 136, -117]
[505, 134, 8]
[488, 162, -66]
[483, 162, -31]
[547, 225, -157]
[521, 219, 78]
[532, 351, -129]
[506, 323, 65]
[457, 304, 14]
[469, 353, -29]
[436, 295, 12]
[461, 360, -36]
[444, 280, 26]
[461, 349, -50]
[453, 282, 25]
[465, 346, -39]
[516, 459, -59]
[502, 449, 60]
[516, 605, -10]
[478, 603, 111]
[503, 738, 98]
[467, 737, 182]
[510, 759, 106]
[474, 760, 186]
[464, 764, 56]
[427, 760, 142]
[475, 147, -48]
[483, 132, -68]
[486, 132, -68]
[489, 132, -68]
[480, 132, -39]
[480, 131, -38]
[481, 131, -39]
[510, 136, -113]
[500, 134, 16]
[484, 162, -61]
[479, 162, -24]
[546, 224, -152]
[515, 219, 83]
[532, 347, -133]
[503, 321, 66]
[459, 302, -7]
[469, 358, -24]
[439, 290, -13]
[459, 370, -31]
[448, 276, 0]
[459, 361, -48]
[455, 278, 2]
[463, 355, -35]
[516, 455, -62]
[495, 446, 62]
[514, 602, -23]
[476, 601, 108]
[503, 739, 77]
[466, 738, 171]
[510, 760, 84]
[473, 761, 175]
[465, 766, 26]
[427, 761, 124]
[472, 147, -44]
[480, 132, -65]
[482, 132, -65]
[485, 132, -65]
[477, 132, -35]
[478, 132, -35]
[479, 131, -35]
[508, 136, -112]
[498, 134, 17]
[481, 162, -59]
[477, 162, -21]
[545, 224, -155]
[516, 219, 86]
[529, 344, -130]
[503, 320, 62]
[459, 295, 15]
[468, 349, -40]
[439, 286, 14]
[460, 355, -48]
[447, 273, 26]
[461, 347, -60]
[454, 274, 26]
[465, 344, -50]
[514, 455, -65]
[494, 447, 65]
[511, 602, -23]
[481, 563, 108]
[501, 737, 74]
[466, 736, 166]
[510, 760, 81]
[473, 760, 170]
[456, 763, 34]
[423, 758, 128]
[470, 147, -44]
[478, 132, -63]
[480, 132, -63]
[483, 132, -63]
[475, 132, -34]
[476, 132, -34]
[477, 131, -34]
[505, 136, -110]
[496, 134, 20]
[479, 162, -58]
[475, 162, -20]
[545, 224, -156]
[512, 219, 90]
[528, 342, -133]
[503, 319, 64]
[459, 288, 13]
[464, 350, -40]
[438, 276, 11]
[456, 357, -48]
[446, 263, 25]
[461, 348, -61]
[453, 266, 25]
[464, 345, -51]
[514, 456, -67]
[492, 447, 67]
[510, 602, -27]
[478, 573, 106]
[500, 738, 68]
[465, 737, 163]
[510, 760, 74]
[472, 761, 166]
[457, 765, 22]
[422, 760, 120]
[467, 147, -33]
[474, 132, -54]
[477, 132, -54]
[479, 132, -54]
[473, 132, -23]
[473, 132, -23]
[475, 131, -23]
[501, 136, -104]
[493, 134, 30]
[475, 162, -49]
[472, 162, -11]
[543, 223, -157]
[512, 217, 100]
[521, 334, -135]
[498, 308, 46]
[456, 280, 26]
[455, 287, -90]
[437, 269, 28]
[440, 300, -99]
[445, 257, 40]
[447, 295, -104]
[452, 260, 37]
[455, 272, -98]
[514, 453, -69]
[492, 445, 69]
[510, 601, -31]
[483, 562, 100]
[502, 738, 58]
[469, 737, 154]
[514, 761, 64]
[477, 761, 157]
[458, 765, 13]
[425, 758, 112]
[466, 147, -34]
[474, 132, -54]
[476, 132, -54]
[479, 132, -55]
[471, 132, -25]
[472, 132, -25]
[473, 131, -25]
[500, 136, -102]
[492, 134, 26]
[474, 163, -49]
[471, 162, -12]
[540, 222, -150]
[510, 216, 95]
[519, 325, -129]
[496, 306, 53]
[456, 277, 24]
[453, 309, -63]
[437, 265, 24]
[441, 312, -71]
[445, 254, 36]
[446, 306, -82]
[451, 257, 35]
[453, 300, -72]
[514, 449, -68]
[492, 442, 68]
[512, 596, -30]
[484, 551, 94]
[505, 730, 63]
[471, 729, 151]
[516, 751, 70]
[479, 751, 154]
[464, 760, 20]
[430, 753, 109]
[465, 147, -28]
[473, 132, -48]
[475, 132, -48]
[478, 132, -48]
[471, 132, -19]
[472, 132, -19]
[473, 131, -19]
[499, 137, -99]
[492, 135, 27]
[473, 163, -44]
[470, 163, -8]
[538, 222, -152]
[510, 216, 93]
[510, 320, -127]
[494, 302, 55]
[451, 268, 42]
[450, 294, -36]
[435, 257, 46]
[439, 286, -39]
[438, 239, 56]
[443, 281, -41]
[447, 248, 52]
[451, 284, -41]
[512, 450, -67]
[492, 442, 68]
[510, 594, -28]
[482, 567, 98]
[501, 726, 71]
[471, 724, 158]
[512, 747, 78]
[479, 747, 162]
[457, 752, 29]
[429, 743, 118]
[465, 147, -32]
[473, 132, -52]
[475, 132, -52]
[478, 132, -52]
[471, 132, -22]
[471, 132, -22]
[472, 131, -22]
[500, 137, -102]
[491, 135, 26]
[473, 163, -47]
[470, 163, -10]
[538, 223, -152]
[508, 216, 94]
[509, 325, -131]
[484, 304, 57]
[447, 264, 28]
[446, 267, -34]
[429, 247, 32]
[427, 273, -37]
[435, 235, 42]
[432, 268, -41]
[444, 243, 39]
[440, 274, -39]
[511, 450, -68]
[492, 443, 68]
[507, 594, -27]
[479, 579, 98]
[496, 727, 71]
[468, 725, 160]
[507, 748, 78]
[476, 748, 164]
[452, 751, 32]
[424, 742, 123]
[464, 148, -33]
[472, 133, -53]
[475, 133, -53]
[478, 132, -53]
[470, 132, -24]
[471, 132, -24]
[472, 131, -24]
[499, 138, -101]
[490, 135, 25]
[473, 163, -48]
[469, 163, -12]
[537, 223, -150]
[502, 216, 92]
[507, 322, -130]
[475, 306, 51]
[446, 263, 23]
[438, 263, -67]
[429, 245, 24]
[420, 272, -76]
[435, 234, 35]
[425, 267, -81]
[443, 239, 33]
[437, 251, -74]
[511, 449, -66]
[488, 443, 66]
[507, 594, -26]
[477, 582, 97]
[496, 725, 73]
[468, 722, 159]
[507, 745, 80]
[476, 744, 163]
[453, 751, 32]
[425, 741, 122]
[463, 148, -35]
[471, 133, -54]
[474, 133, -54]
[477, 132, -54]
[469, 133, -25]
[470, 132, -25]
[471, 132, -25]
[498, 138, -100]
[489, 136, 26]
[472, 163, -49]
[468, 164, -13]
[537, 223, -149]
[497, 216, 95]
[509, 325, -131]
[457, 310, 47]
[446, 265, 7]
[432, 257, -89]
[428, 246, 8]
[416, 247, -100]
[434, 235, 20]
[421, 240, -104]
[442, 242, 18]
[433, 243, -97]
[511, 449, -66]
[486, 442, 66]
[507, 593, -26]
[475, 583, 98]
[497, 724, 71]
[467, 721, 160]
[507, 743, 78]
[475, 743, 164]
[453, 751, 25]
[424, 741, 120]
[463, 148, -32]
[471, 133, -52]
[474, 132, -52]
[477, 132, -52]
[469, 132, -22]
[470, 132, -22]
[471, 131, -22]
[498, 138, -101]
[489, 135, 29]
[471, 163, -48]
[468, 163, -10]
[537, 223, -150]
[499, 216, 99]
[509, 326, -131]
[469, 310, 56]
[446, 270, 22]
[434, 268, -84]
[429, 254, 24]
[420, 272, -90]
[434, 241, 37]
[424, 265, -90]
[442, 247, 34]
[433, 262, -89]
[509, 450, -67]
[487, 443, 67]
[504, 594, -25]
[473, 585, 102]
[496, 724, 72]
[466, 721, 170]
[506, 744, 79]
[474, 743, 174]
[453, 750, 28]
[423, 739, 134]
[463, 147, -33]
[472, 132, -53]
[474, 132, -53]
[477, 132, -53]
[469, 132, -23]
[470, 132, -23]
[471, 131, -23]
[498, 138, -102]
[489, 135, 27]
[472, 163, -49]
[468, 163, -11]
[537, 223, -153]
[499, 215, 97]
[510, 326, -132]
[478, 306, 56]
[446, 272, 27]
[436, 277, -65]
[429, 257, 30]
[423, 279, -67]
[434, 243, 42]
[426, 274, -69]
[442, 249, 38]
[435, 272, -69]
[508, 450, -68]
[487, 443, 68]
[504, 593, -24]
[473, 586, 103]
[496, 723, 74]
[466, 720, 170]
[506, 743, 81]
[474, 742, 175]
[453, 748, 30]
[423, 737, 136]
[464, 147, -34]
[472, 132, -54]
[474, 132, -54]
[477, 132, -54]
[469, 132, -24]
[470, 132, -24]
[471, 131, -24]
[498, 138, -104]
[490, 135, 25]
[472, 163, -49]
[468, 163, -12]
[537, 224, -155]
[500, 214, 95]
[511, 327, -133]
[481, 302, 60]
[446, 272, 25]
[438, 283, -26]
[429, 258, 29]
[427, 280, -28]
[434, 247, 40]
[430, 276, -33]
[442, 253, 37]
[437, 277, -32]
[508, 450, -68]
[487, 442, 68]
[504, 590, -24]
[473, 585, 103]
[495, 720, 74]
[466, 717, 169]
[505, 741, 81]
[474, 740, 174]
[452, 744, 31]
[422, 734, 135]
[464, 147, -35]
[472, 132, -54]
[474, 132, -54]
[477, 132, -54]
[470, 132, -24]
[470, 132, -24]
[471, 131, -24]
[498, 138, -106]
[490, 135, 21]
[472, 163, -50]
[468, 163, -12]
[536, 224, -157]
[505, 214, 92]
[512, 327, -132]
[495, 301, 80]
[446, 277, 32]
[449, 291, 28]
[426, 269, 36]
[438, 286, 31]
[427, 258, 47]
[440, 283, 23]
[442, 258, 43]
[446, 287, 22]
[507, 450, -68]
[488, 441, 68]
[504, 586, -23]
[474, 583, 103]
[494, 716, 76]
[466, 715, 169]
[504, 737, 84]
[474, 738, 173]
[451, 739, 42]
[422, 732, 136]
[464, 147, -32]
[472, 132, -52]
[474, 132, -52]
[477, 132, -52]
[470, 132, -23]
[471, 132, -23]
[471, 131, -23]
[498, 137, -104]
[490, 135, 24]
[472, 163, -48]
[469, 163, -10]
[536, 224, -155]
[508, 214, 94]
[515, 332, -124]
[499, 304, 75]
[447, 284, 36]
[450, 292, 8]
[425, 276, 38]
[437, 299, -3]
[428, 262, 49]
[439, 294, -19]
[441, 262, 46]
[445, 298, -4]
[507, 450, -68]
[489, 441, 68]
[504, 587, -18]
[475, 584, 104]
[494, 717, 82]
[469, 716, 170]
[504, 739, 90]
[477, 739, 175]
[451, 740, 49]
[423, 734, 138]
[464, 146, -32]
[472, 132, -52]
[475, 132, -52]
[478, 132, -52]
[470, 132, -23]
[471, 131, -23]
[472, 131, -23]
[499, 137, -102]
[491, 134, 24]
[472, 162, -48]
[469, 162, -11]
[536, 224, -154]
[509, 214, 94]
[516, 333, -126]
[498, 302, 68]
[447, 288, 32]
[449, 279, -27]
[424, 283, 35]
[431, 288, -36]
[429, 267, 46]
[432, 284, -45]
[440, 267, 43]
[444, 278, -37]
[507, 449, -68]
[490, 441, 68]
[504, 586, -17]
[475, 584, 104]
[494, 717, 83]
[469, 717, 170]
[504, 738, 91]
[478, 740, 174]
[451, 739, 49]
[423, 734, 138]
[464, 146, -33]
[473, 131, -53]
[476, 131, -53]
[478, 131, -53]
[471, 131, -24]
[472, 131, -24]
[473, 130, -24]
[499, 136, -103]
[491, 134, 24]
[473, 161, -48]
[469, 161, -11]
[535, 224, -154]
[510, 214, 95]
[519, 339, -123]
[497, 304, 67]
[448, 297, 38]
[450, 282, -32]
[427, 290, 40]
[432, 295, -39]
[432, 275, 51]
[433, 290, -49]
[443, 275, 49]
[444, 290, -41]
[506, 449, -68]
[490, 441, 68]
[503, 587, -15]
[475, 584, 107]
[494, 717, 88]
[469, 717, 175]
[504, 739, 96]
[478, 740, 179]
[451, 738, 54]
[423, 733, 144]
[465, 146, -33]
[473, 131, -53]
[476, 131, -53]
[479, 131, -53]
[471, 131, -24]
[472, 131, -24]
[473, 130, -24]
[500, 136, -103]
[493, 134, 24]
[473, 161, -48]
[470, 161, -11]
[535, 224, -154]
[513, 214, 95]
[519, 343, -116]
[503, 308, 64]
[448, 306, 55]
[461, 294, -37]
[427, 299, 58]
[444, 303, -45]
[434, 283, 68]
[445, 298, -53]
[444, 284, 66]
[451, 289, -46]
[506, 449, -68]
[492, 441, 68]
[503, 587, -16]
[476, 585, 108]
[494, 717, 87]
[470, 717, 175]
[504, 739, 95]
[479, 740, 179]
[449, 738, 53]
[423, 734, 144]
[465, 146, -38]
[474, 131, -59]
[476, 131, -59]
[479, 131, -59]
[472, 131, -29]
[473, 130, -29]
[475, 130, -29]
[501, 136, -110]
[494, 133, 19]
[474, 161, -54]
[471, 161, -16]
[535, 224, -159]
[516, 214, 93]
[521, 349, -120]
[503, 309, 64]
[448, 309, 52]
[459, 293, -36]
[425, 304, 55]
[442, 303, -43]
[433, 288, 66]
[445, 297, -52]
[442, 287, 65]
[451, 294, -45]
[506, 449, -68]
[493, 441, 68]
[503, 587, -12]
[477, 585, 113]
[494, 718, 98]
[471, 717, 186]
[504, 740, 107]
[480, 741, 191]
[449, 739, 66]
[423, 734, 155]
[466, 146, -43]
[474, 131, -63]
[477, 131, -63]
[480, 131, -63]
[472, 131, -34]
[474, 131, -34]
[475, 130, -34]
[502, 136, -112]
[496, 133, 15]
[476, 161, -58]
[473, 161, -21]
[536, 225, -159]
[515, 215, 90]
[524, 353, -122]
[503, 318, 69]
[448, 318, 25]
[455, 330, -24]
[425, 312, 22]
[442, 329, -31]
[432, 294, 35]
[443, 320, -44]
[441, 295, 36]
[448, 321, -33]
[506, 449, -68]
[492, 441, 68]
[502, 587, -11]
[476, 586, 115]
[493, 718, 100]
[470, 717, 188]
[503, 740, 109]
[479, 741, 193]
[449, 738, 66]
[423, 734, 156]
[467, 146, -52]
[476, 131, -71]
[479, 131, -71]
[482, 131, -71]
[474, 131, -43]
[475, 131, -43]
[476, 130, -43]
[504, 136, -115]
[496, 133, 7]
[478, 161, -65]
[474, 161, -30]
[537, 225, -159]
[515, 216, 81]
[527, 354, -122]
[504, 322, 78]
[448, 320, 3]
[454, 353, -3]
[424, 316, -1]
[441, 358, -10]
[430, 297, 10]
[441, 347, -28]
[440, 299, 13]
[446, 346, -14]
[506, 449, -67]
[492, 441, 67]
[503, 587, -9]
[476, 586, 117]
[494, 717, 103]
[470, 717, 190]
[504, 739, 112]
[479, 740, 195]
[451, 737, 68]
[423, 734, 156]
[468, 146, -53]
[477, 131, -71]
[480, 131, -71]
[483, 131, -72]
[474, 131, -44]
[475, 131, -44]
[477, 130, -44]
[504, 136, -116]
[497, 133, 5]
[478, 161, -66]
[475, 161, -30]
[538, 225, -159]
[514, 216, 79]
[528, 354, -120]
[503, 323, 85]
[447, 324, 11]
[454, 355, 13]
[424, 322, 7]
[441, 360, 6]
[428, 304, 19]
[441, 349, -11]
[438, 303, 21]
[445, 348, 2]
[506, 449, -67]
[491, 441, 67]
[502, 587, -7]
[476, 586, 119]
[494, 716, 107]
[470, 717, 192]
[504, 738, 116]
[479, 741, 197]
[450, 737, 74]
[423, 734, 160]
[468, 145, -50]
[477, 131, -69]
[480, 131, -69]
[483, 130, -69]
[474, 130, -41]
[475, 130, -41]
[477, 130, -41]
[504, 136, -115]
[497, 133, 8]
[478, 160, -64]
[474, 160, -28]
[538, 225, -160]
[512, 216, 80]
[528, 353, -121]
[502, 324, 92]
[441, 325, 4]
[443, 356, 16]
[417, 324, -1]
[431, 360, 10]
[420, 306, 10]
[429, 350, -7]
[431, 305, 14]
[435, 349, 5]
[507, 449, -67]
[491, 441, 67]
[502, 588, -8]
[476, 589, 120]
[495, 716, 106]
[470, 719, 195]
[505, 738, 115]
[479, 742, 200]
[451, 737, 71]
[423, 736, 161]
[468, 145, -49]
[477, 130, -68]
[480, 130, -68]
[483, 130, -68]
[474, 130, -40]
[475, 130, -40]
[477, 129, -40]
[504, 135, -115]
[498, 133, 9]
[478, 160, -63]
[474, 160, -27]
[537, 225, -162]
[512, 216, 81]
[527, 354, -129]
[502, 325, 102]
[432, 327, -13]
[441, 357, 34]
[406, 330, -22]
[424, 379, 29]
[406, 313, -9]
[423, 370, 8]
[417, 312, -3]
[428, 367, 22]
[507, 449, -69]
[491, 442, 69]
[503, 590, -10]
[476, 591, 122]
[496, 719, 103]
[472, 723, 196]
[507, 742, 112]
[482, 747, 201]
[451, 739, 69]
[425, 740, 164]
[468, 144, -47]
[477, 130, -66]
[480, 130, -66]
[483, 130, -66]
[474, 130, -37]
[475, 130, -37]
[477, 129, -37]
[504, 135, -115]
[498, 133, 13]
[478, 160, -62]
[474, 160, -25]
[537, 225, -164]
[512, 216, 90]
[525, 354, -138]
[502, 324, 112]
[426, 334, -26]
[436, 357, 45]
[398, 337, -37]
[421, 367, 41]
[400, 323, -26]
[419, 359, 20]
[410, 321, -17]
[425, 357, 33]
[507, 449, -71]
[492, 442, 71]
[503, 590, -11]
[476, 592, 123]
[496, 719, 102]
[475, 725, 195]
[507, 742, 111]
[485, 749, 200]
[450, 739, 69]
[425, 741, 164]
[468, 144, -43]
[476, 130, -62]
[479, 130, -62]
[482, 129, -62]
[474, 130, -32]
[475, 129, -32]
[477, 129, -32]
[504, 135, -111]
[498, 133, 19]
[478, 160, -59]
[474, 160, -21]
[535, 225, -164]
[512, 217, 101]
[525, 355, -163]
[503, 326, 115]
[428, 354, -90]
[436, 357, 36]
[402, 360, -109]
[417, 367, 31]
[402, 344, -96]
[415, 359, 9]
[411, 342, -82]
[418, 353, 23]
[506, 450, -74]
[494, 442, 75]
[493, 591, -40]
[476, 592, 121]
[495, 724, 87]
[479, 730, 194]
[507, 746, 97]
[490, 754, 199]
[450, 746, 59]
[430, 748, 162]
[468, 144, -49]
[476, 129, -67]
[479, 129, -68]
[482, 129, -68]
[474, 129, -37]
[475, 129, -37]
[477, 129, -38]
[504, 135, -118]
[498, 133, 14]
[478, 159, -65]
[474, 159, -27]
[533, 226, -176]
[512, 217, 98]
[519, 358, -182]
[501, 328, 126]
[429, 373, -123]
[429, 373, 67]
[402, 384, -143]
[411, 382, 67]
[401, 370, -132]
[407, 375, 40]
[411, 367, -116]
[413, 371, 53]
[506, 450, -75]
[494, 442, 75]
[493, 591, -31]
[475, 591, 126]
[497, 724, 90]
[479, 730, 207]
[510, 746, 100]
[491, 753, 212]
[455, 745, 59]
[431, 747, 172]
[467, 143, -57]
[475, 129, -75]
[478, 129, -75]
[481, 128, -75]
[473, 129, -45]
[475, 129, -45]
[476, 128, -45]
[503, 134, -125]
[498, 132, 6]
[477, 159, -73]
[474, 159, -35]
[532, 227, -183]
[513, 218, 93]
[519, 361, -191]
[501, 329, 120]
[426, 383, -131]
[431, 372, 63]
[402, 398, -152]
[410, 387, 64]
[398, 383, -138]
[406, 381, 37]
[408, 378, -122]
[413, 378, 49]
[506, 450, -75]
[495, 442, 75]
[494, 591, -29]
[475, 590, 133]
[500, 724, 104]
[484, 729, 219]
[513, 746, 114]
[496, 753, 225]
[458, 744, 70]
[438, 746, 185]
[466, 143, -63]
[474, 128, -81]
[477, 128, -81]
[480, 128, -81]
[473, 129, -52]
[474, 128, -52]
[476, 128, -52]
[502, 134, -130]
[498, 132, -2]
[475, 159, -78]
[473, 159, -41]
[531, 228, -185]
[513, 218, 81]
[517, 361, -189]
[499, 328, 116]
[427, 389, -134]
[416, 369, 64]
[403, 402, -155]
[397, 379, 64]
[400, 388, -143]
[392, 372, 38]
[410, 383, -126]
[400, 370, 50]
[507, 450, -75]
[496, 441, 75]
[495, 590, -28]
[475, 589, 130]
[501, 723, 103]
[484, 726, 213]
[514, 746, 112]
[496, 750, 219]
[459, 743, 68]
[437, 745, 182]
[463, 143, -66]
[471, 128, -84]
[474, 128, -84]
[477, 128, -84]
[470, 128, -55]
[472, 128, -55]
[473, 128, -55]
[500, 134, -133]
[496, 132, -5]
[472, 159, -81]
[469, 159, -44]
[529, 228, -188]
[513, 220, 81]
[517, 361, -197]
[499, 328, 121]
[427, 400, -146]
[419, 370, 73]
[405, 414, -169]
[402, 379, 74]
[401, 401, -157]
[397, 374, 48]
[412, 395, -139]
[404, 372, 60]
[507, 450, -74]
[497, 441, 75]
[493, 591, -26]
[473, 589, 128]
[496, 725, 97]
[482, 727, 211]
[510, 749, 107]
[495, 750, 217]
[452, 746, 66]
[433, 745, 181]
[462, 143, -81]
[470, 128, -99]
[473, 128, -99]
[476, 127, -99]
[468, 128, -71]
[469, 128, -71]
[471, 128, -71]
[499, 133, -143]
[493, 132, -19]
[471, 159, -94]
[468, 159, -58]
[529, 228, -193]
[510, 220, 66]
[518, 360, -201]
[498, 328, 115]
[441, 406, -158]
[421, 373, 61]
[422, 422, -181]
[409, 386, 61]
[415, 410, -171]
[400, 382, 36]
[422, 405, -152]
[407, 379, 48]
[506, 449, -74]
[496, 440, 74]
[496, 591, -25]
[473, 587, 128]
[497, 725, 91]
[482, 725, 209]
[510, 749, 99]
[495, 748, 215]
[456, 747, 52]
[434, 745, 177]
[460, 142, -90]
[469, 127, -108]
[471, 127, -108]
[474, 127, -108]
[466, 127, -79]
[467, 127, -79]
[468, 127, -79]
[497, 133, -153]
[491, 131, -27]
[470, 159, -103]
[466, 159, -67]
[529, 227, -202]
[509, 220, 59]
[518, 356, -210]
[494, 323, 107]
[447, 406, -168]
[424, 372, 57]
[429, 423, -191]
[408, 383, 57]
[422, 413, -182]
[401, 378, 31]
[431, 405, -162]
[408, 375, 43]
[506, 444, -73]
[494, 436, 73]
[503, 587, -24]
[473, 583, 127]
[503, 719, 91]
[483, 717, 208]
[515, 742, 99]
[495, 740, 214]
[461, 743, 51]
[435, 739, 176]
[458, 142, -98]
[467, 127, -116]
[470, 127, -117]
[473, 127, -117]
[464, 127, -88]
[464, 127, -88]
[465, 127, -88]
[495, 133, -160]
[487, 131, -32]
[469, 158, -111]
[465, 159, -74]
[528, 227, -202]
[508, 219, 49]
[518, 352, -211]
[494, 321, 91]
[466, 407, -166]
[452, 390, 54]
[448, 429, -190]
[443, 400, 55]
[446, 418, -181]
[440, 403, 28]
[453, 411, -161]
[444, 398, 41]
[506, 442, -73]
[493, 435, 73]
[503, 585, -15]
[472, 577, 135]
[503, 718, 99]
[483, 710, 227]
[514, 742, 107]
[495, 733, 235]
[460, 742, 52]
[435, 731, 195]
[456, 142, -100]
[464, 127, -118]
[466, 127, -118]
[469, 127, -118]
[461, 127, -89]
[462, 127, -89]
[463, 127, -89]
[492, 133, -162]
[485, 131, -35]
[466, 158, -113]
[463, 159, -76]
[526, 227, -206]
[506, 219, 44]
[518, 350, -215]
[494, 318, 86]
[472, 410, -177]
[459, 396, 53]
[456, 434, -202]
[451, 413, 52]
[450, 427, -194]
[447, 411, 27]
[458, 420, -172]
[451, 405, 39]
[506, 441, -71]
[493, 434, 72]
[503, 580, -8]
[471, 573, 139]
[502, 713, 112]
[481, 702, 237]
[512, 736, 121]
[493, 725, 245]
[460, 737, 68]
[435, 723, 205]
[455, 142, -103]
[463, 127, -121]
[466, 127, -122]
[469, 126, -122]
[460, 127, -93]
[461, 127, -93]
[462, 127, -93]
[491, 133, -161]
[484, 131, -33]
[465, 158, -114]
[461, 159, -77]
[522, 227, -203]
[505, 219, 52]
[515, 353, -211]
[495, 321, 99]
[466, 418, -165]
[464, 404, 62]
[453, 437, -188]
[457, 424, 63]
[447, 425, -180]
[452, 419, 36]
[453, 419, -160]
[457, 412, 48]
[500, 442, -71]
[483, 435, 71]
[485, 581, -10]
[457, 574, 140]
[477, 713, 111]
[456, 705, 235]
[485, 736, 120]
[465, 728, 243]
[438, 737, 70]
[408, 724, 204]
[453, 142, -103]
[461, 127, -122]
[464, 126, -122]
[467, 126, -122]
[458, 127, -93]
[459, 127, -93]
[460, 127, -93]
[490, 132, -162]
[483, 131, -35]
[463, 158, -115]
[459, 159, -78]
[521, 228, -204]
[504, 218, 53]
[511, 355, -219]
[493, 326, 99]
[463, 426, -181]
[460, 405, 60]
[447, 450, -205]
[451, 434, 59]
[442, 443, -196]
[446, 430, 35]
[448, 433, -175]
[451, 422, 48]
[491, 442, -70]
[479, 436, 70]
[473, 581, -22]
[453, 573, 130]
[471, 712, 95]
[450, 705, 215]
[482, 736, 102]
[457, 729, 222]
[432, 731, 56]
[403, 723, 189]
[452, 142, -100]
[460, 127, -118]
[464, 127, -119]
[467, 126, -119]
[457, 127, -90]
[458, 127, -90]
[459, 127, -90]
[489, 132, -157]
[481, 131, -31]
[463, 158, -111]
[458, 159, -74]
[518, 228, -201]
[503, 219, 56]
[508, 358, -214]
[491, 330, 110]
[461, 431, -171]
[458, 401, 67]
[445, 458, -194]
[449, 433, 69]
[441, 447, -187]
[443, 428, 42]
[446, 436, -166]
[449, 421, 54]
[490, 444, -69]
[469, 436, 69]
[462, 581, -36]
[453, 573, 123]
[465, 713, 83]
[447, 706, 206]
[478, 737, 91]
[454, 729, 213]
[426, 731, 48]
[397, 725, 180]
[451, 142, -98]
[459, 127, -116]
[462, 127, -116]
[465, 126, -116]
[456, 127, -88]
[456, 127, -88]
[457, 127, -88]
[487, 132, -155]
[480, 131, -29]
[461, 158, -108]
[457, 159, -72]
[517, 228, -200]
[503, 219, 57]
[508, 358, -212]
[492, 332, 110]
[461, 434, -168]
[459, 403, 69]
[447, 462, -192]
[449, 432, 72]
[442, 452, -186]
[443, 428, 44]
[446, 444, -164]
[449, 420, 56]
[488, 447, -68]
[470, 437, 68]
[466, 578, -19]
[455, 571, 133]
[468, 710, 97]
[451, 704, 221]
[480, 737, 104]
[458, 729, 229]
[428, 726, 62]
[401, 721, 198]
[449, 142, -96]
[457, 127, -115]
[460, 127, -115]
[464, 126, -115]
[454, 127, -86]
[455, 127, -86]
[456, 127, -86]
[485, 132, -150]
[478, 131, -26]
[459, 158, -108]
[455, 159, -71]
[517, 227, -200]
[499, 219, 62]
[508, 359, -211]
[487, 334, 112]
[462, 438, -170]
[457, 405, 65]
[450, 467, -195]
[447, 436, 66]
[443, 460, -189]
[442, 432, 40]
[447, 449, -166]
[447, 424, 51]
[486, 451, -68]
[465, 438, 69]
[468, 579, -27]
[452, 571, 132]
[470, 711, 93]
[451, 705, 220]
[481, 738, 100]
[458, 730, 228]
[430, 726, 54]
[402, 722, 194]
[448, 142, -105]
[456, 127, -121]
[459, 127, -121]
[463, 126, -122]
[453, 127, -94]
[453, 127, -94]
[454, 127, -94]
[484, 132, -154]
[476, 131, -33]
[458, 158, -114]
[454, 159, -79]
[516, 227, -201]
[496, 219, 55]
[508, 360, -216]
[487, 335, 109]
[464, 446, -177]
[457, 408, 64]
[453, 475, -202]
[449, 437, 66]
[447, 466, -196]
[443, 433, 38]
[450, 454, -173]
[449, 424, 50]
[488, 451, -67]
[468, 441, 68]
[471, 579, -26]
[453, 573, 126]
[472, 713, 97]
[452, 708, 215]
[483, 741, 105]
[460, 735, 222]
[430, 729, 56]
[404, 726, 184]
[448, 142, -109]
[456, 127, -125]
[459, 127, -125]
[462, 126, -125]
[453, 127, -98]
[453, 127, -98]
[454, 127, -98]
[484, 132, -157]
[476, 131, -37]
[458, 158, -117]
[454, 159, -83]
[516, 227, -204]
[493, 219, 53]
[507, 363, -219]
[484, 337, 101]
[463, 451, -182]
[457, 414, 50]
[452, 478, -207]
[449, 440, 51]
[446, 467, -201]
[443, 436, 23]
[449, 459, -177]
[448, 427, 36]
[487, 454, -67]
[469, 442, 68]
[470, 580, -31]
[453, 574, 126]
[472, 715, 97]
[451, 711, 218]
[484, 744, 105]
[458, 738, 226]
[431, 732, 57]
[401, 730, 189]
[448, 142, -113]
[456, 127, -128]
[459, 126, -129]
[463, 126, -129]
[452, 127, -102]
[453, 127, -102]
[454, 127, -102]
[484, 132, -157]
[475, 131, -39]
[458, 158, -120]
[454, 158, -86]
[515, 227, -204]
[493, 219, 52]
[505, 366, -220]
[485, 341, 101]
[462, 451, -186]
[456, 413, 50]
[451, 478, -212]
[449, 441, 51]
[446, 467, -206]
[443, 436, 23]
[448, 456, -182]
[448, 428, 36]
[484, 457, -67]
[469, 444, 68]
[467, 580, -21]
[452, 574, 132]
[469, 716, 107]
[448, 712, 228]
[481, 744, 115]
[455, 739, 236]
[429, 732, 68]
[398, 731, 200]
[447, 142, -120]
[455, 126, -134]
[459, 126, -134]
[462, 126, -134]
[451, 127, -108]
[452, 127, -108]
[453, 126, -108]
[484, 132, -158]
[474, 131, -41]
[458, 158, -125]
[453, 158, -91]
[514, 228, -203]
[492, 220, 50]
[503, 373, -218]
[485, 345, 98]
[462, 449, -180]
[457, 415, 49]
[450, 472, -204]
[450, 440, 51]
[445, 465, -198]
[444, 434, 23]
[448, 453, -176]
[449, 427, 36]
[485, 458, -67]
[470, 445, 68]
[467, 580, -23]
[452, 574, 127]
[467, 716, 105]
[447, 712, 220]
[478, 744, 114]
[453, 739, 229]
[426, 732, 67]
[397, 731, 191]
