[441, 153, -322]
[450, 136, -305]
[456, 137, -305]
[462, 139, -305]
[431, 134, -308]
[424, 133, -308]
[416, 133, -308]
[469, 147, -185]
[402, 142, -197]
[450, 174, -275]
[425, 173, -279]
[517, 260, -101]
[347, 250, -118]
[540, 398, -45]
[317, 389, -86]
[556, 515, -139]
[305, 503, -198]
[570, 542, -167]
[288, 534, -228]
[561, 547, -197]
[301, 535, -266]
[552, 535, -153]
[310, 521, -216]
[486, 523, -10]
[371, 518, 11]
[474, 714, -8]
[366, 713, 73]
[469, 878, 226]
[365, 886, 292]
[468, 901, 242]
[364, 914, 308]
[455, 942, 113]
[371, 942, 162]
[441, 152, -322]
[450, 136, -306]
[456, 137, -306]
[462, 138, -306]
[431, 133, -309]
[424, 133, -309]
[416, 132, -309]
[469, 147, -185]
[402, 141, -197]
[450, 173, -275]
[425, 172, -279]
[517, 260, -101]
[347, 250, -119]
[540, 398, -44]
[317, 389, -88]
[556, 514, -143]
[305, 502, -203]
[569, 542, -171]
[288, 534, -234]
[561, 546, -204]
[301, 534, -271]
[552, 535, -158]
[310, 521, -220]
[487, 523, -11]
[371, 518, 11]
[474, 714, -8]
[366, 713, 73]
[470, 878, 230]
[365, 886, 293]
[469, 901, 246]
[365, 914, 310]
[456, 942, 114]
[372, 943, 162]
[441, 151, -309]
[450, 136, -293]
[456, 137, -293]
[462, 138, -293]
[431, 133, -296]
[424, 132, -296]
[416, 132, -296]
[469, 146, -175]
[402, 141, -189]
[450, 173, -264]
[425, 172, -267]
[517, 259, -96]
[347, 249, -112]
[540, 398, -42]
[317, 389, -74]
[556, 514, -140]
[306, 502, -190]
[569, 541, -169]
[295, 534, -220]
[561, 545, -200]
[305, 534, -260]
[552, 533, -155]
[314, 520, -208]
[486, 523, -15]
[371, 518, 15]
[474, 714, -9]
[367, 713, 80]
[470, 877, 226]
[367, 886, 293]
[469, 901, 243]
[367, 913, 310]
[456, 942, 107]
[372, 942, 164]
[441, 151, -307]
[450, 135, -290]
[456, 136, -290]
[462, 138, -290]
[431, 133, -293]
[424, 132, -293]
[416, 131, -293]
[469, 146, -171]
[402, 141, -184]
[450, 173, -261]
[425, 171, -264]
[517, 259, -94]
[347, 249, -110]
[540, 398, -42]
[317, 389, -71]
[556, 513, -141]
[308, 501, -189]
[569, 541, -171]
[298, 533, -219]
[560, 544, -203]
[309, 534, -258]
[552, 533, -156]
[317, 519, -206]
[486, 523, -16]
[371, 518, 16]
[474, 714, -9]
[367, 713, 82]
[470, 877, 225]
[367, 886, 300]
[469, 900, 242]
[367, 913, 317]
[456, 941, 107]
[372, 942, 171]
[441, 151, -304]
[450, 135, -287]
[456, 136, -287]
[462, 137, -287]
[431, 133, -290]
[424, 132, -290]
[416, 131, -291]
[469, 146, -169]
[402, 141, -175]
[450, 173, -258]
[425, 171, -264]
[517, 259, -93]
[347, 249, -91]
[540, 397, -44]
[317, 388, -49]
[555, 513, -145]
[307, 501, -160]
[569, 540, -177]
[296, 532, -189]
[560, 544, -208]
[306, 530, -228]
[552, 532, -160]
[315, 519, -178]
[487, 523, -17]
[371, 518, 17]
[474, 714, -7]
[367, 713, 87]
[470, 877, 248]
[368, 885, 321]
[470, 900, 267]
[369, 913, 340]
[457, 941, 135]
[374, 941, 194]
[440, 151, -295]
[450, 135, -279]
[456, 136, -279]
[462, 138, -279]
[431, 133, -282]
[424, 132, -282]
[416, 131, -282]
[469, 146, -162]
[402, 141, -170]
[450, 173, -251]
[425, 171, -254]
[517, 258, -89]
[347, 249, -92]
[540, 396, -43]
[317, 388, -53]
[555, 513, -149]
[306, 501, -162]
[568, 541, -182]
[295, 532, -193]
[559, 544, -212]
[306, 530, -235]
[551, 533, -164]
[313, 519, -179]
[487, 523, -16]
[371, 518, 17]
[475, 712, -5]
[370, 711, 76]
[473, 874, 240]
[375, 882, 291]
[473, 896, 258]
[376, 907, 308]
[461, 938, 129]
[382, 937, 161]
[440, 152, -269]
[450, 136, -253]
[456, 137, -253]
[462, 138, -253]
[431, 133, -255]
[424, 132, -255]
[416, 131, -255]
[469, 146, -141]
[402, 141, -148]
[450, 173, -226]
[425, 171, -228]
[517, 258, -71]
[347, 248, -79]
[540, 393, -30]
[317, 387, -54]
[554, 513, -141]
[304, 501, -167]
[568, 540, -173]
[291, 532, -198]
[558, 544, -203]
[305, 532, -235]
[550, 532, -157]
[313, 520, -184]
[486, 520, -16]
[371, 517, 16]
[475, 710, -5]
[372, 709, 58]
[474, 873, 218]
[377, 881, 233]
[474, 895, 233]
[377, 907, 246]
[461, 936, 110]
[382, 935, 106]
[440, 152, -254]
[449, 136, -238]
[455, 137, -238]
[462, 138, -238]
[431, 133, -240]
[423, 132, -240]
[416, 132, -240]
[469, 146, -127]
[402, 141, -137]
[450, 173, -211]
[425, 171, -214]
[517, 257, -58]
[347, 248, -74]
[540, 387, -23]
[317, 385, -55]
[555, 501, -141]
[301, 500, -169]
[568, 526, -175]
[286, 532, -201]
[559, 530, -208]
[300, 532, -237]
[551, 521, -157]
[308, 520, -186]
[485, 518, -10]
[371, 514, 10]
[475, 705, -4]
[374, 705, 35]
[474, 865, 219]
[378, 874, 206]
[474, 886, 234]
[378, 898, 219]
[461, 927, 118]
[385, 928, 82]
[440, 152, -252]
[449, 136, -236]
[455, 137, -236]
[462, 138, -236]
[431, 133, -239]
[423, 132, -239]
[416, 132, -239]
[469, 146, -126]
[402, 141, -137]
[450, 173, -210]
[424, 171, -213]
[517, 256, -56]
[348, 247, -74]
[540, 384, -20]
[317, 383, -56]
[555, 496, -142]
[299, 498, -171]
[568, 521, -175]
[284, 531, -203]
[560, 524, -209]
[298, 532, -239]
[551, 516, -158]
[306, 519, -188]
[485, 516, -7]
[372, 512, 7]
[476, 703, -4]
[377, 703, 27]
[475, 863, 218]
[380, 872, 196]
[475, 883, 233]
[380, 896, 209]
[463, 924, 117]
[388, 926, 71]
[440, 152, -243]
[449, 136, -227]
[455, 137, -227]
[461, 138, -227]
[431, 133, -230]
[423, 133, -230]
[416, 132, -230]
[468, 146, -117]
[402, 141, -132]
[449, 173, -201]
[424, 172, -205]
[516, 254, -46]
[348, 246, -71]
[540, 375, -17]
[317, 379, -57]
[556, 479, -151]
[299, 492, -171]
[569, 505, -188]
[283, 523, -206]
[561, 507, -220]
[295, 524, -241]
[552, 499, -167]
[304, 514, -188]
[485, 510, -2]
[374, 508, 2]
[479, 695, 25]
[381, 695, 38]
[478, 851, 237]
[384, 859, 211]
[478, 871, 252]
[384, 882, 224]
[465, 910, 138]
[394, 914, 90]
[439, 153, -249]
[449, 136, -234]
[455, 137, -234]
[461, 138, -234]
[431, 134, -237]
[423, 133, -237]
[416, 133, -237]
[468, 147, -124]
[402, 141, -136]
[449, 173, -208]
[424, 172, -211]
[516, 254, -53]
[348, 246, -71]
[540, 374, -20]
[316, 374, -55]
[557, 477, -156]
[298, 480, -173]
[571, 502, -192]
[282, 510, -207]
[565, 503, -225]
[293, 512, -241]
[556, 496, -173]
[302, 503, -189]
[483, 510, -2]
[373, 507, 2]
[476, 692, 24]
[376, 691, 42]
[472, 849, 234]
[377, 854, 219]
[473, 870, 250]
[377, 877, 232]
[459, 907, 132]
[388, 908, 98]
[439, 153, -252]
[449, 136, -236]
[454, 137, -237]
[461, 138, -237]
[430, 134, -239]
[423, 133, -239]
[416, 133, -239]
[468, 147, -127]
[402, 141, -137]
[449, 173, -210]
[424, 172, -213]
[516, 254, -56]
[349, 245, -66]
[540, 374, -23]
[315, 372, -49]
[558, 476, -172]
[296, 476, -173]
[571, 500, -210]
[281, 505, -207]
[566, 500, -243]
[292, 506, -242]
[557, 492, -189]
[300, 498, -190]
[478, 510, -3]
[370, 505, 3]
[466, 691, 19]
[367, 689, 33]
[459, 850, 211]
[366, 854, 197]
[458, 870, 224]
[366, 877, 208]
[446, 906, 107]
[374, 908, 72]
[439, 153, -246]
[449, 136, -230]
[454, 137, -231]
[461, 138, -231]
[430, 134, -233]
[423, 133, -233]
[416, 133, -233]
[468, 147, -121]
[402, 142, -131]
[449, 173, -205]
[424, 172, -208]
[516, 254, -57]
[349, 245, -58]
[540, 373, -47]
[315, 373, -49]
[558, 472, -215]
[295, 476, -181]
[572, 498, -256]
[278, 505, -216]
[567, 496, -289]
[289, 506, -251]
[558, 487, -232]
[297, 496, -199]
[477, 510, -3]
[370, 505, 3]
[464, 692, 0]
[366, 690, 10]
[455, 851, 191]
[363, 856, 154]
[454, 872, 204]
[362, 880, 162]
[444, 909, 87]
[369, 910, 25]
[439, 153, -246]
[449, 136, -230]
[454, 137, -230]
[460, 139, -230]
[430, 134, -232]
[423, 134, -232]
[416, 133, -232]
[468, 148, -120]
[402, 142, -131]
[449, 173, -204]
[423, 172, -207]
[516, 254, -56]
[349, 245, -56]
[539, 372, -44]
[315, 373, -47]
[558, 471, -208]
[295, 475, -182]
[572, 497, -248]
[278, 505, -216]
[568, 494, -281]
[288, 504, -251]
[559, 486, -225]
[297, 496, -199]
[478, 510, -3]
[370, 505, 3]
[465, 693, -10]
[366, 691, 2]
[457, 852, 192]
[363, 857, 150]
[455, 873, 206]
[363, 881, 159]
[446, 910, 90]
[369, 912, 21]
[439, 153, -248]
[449, 137, -232]
[454, 137, -232]
[460, 139, -232]
[430, 134, -233]
[423, 134, -233]
[415, 133, -233]
[468, 148, -120]
[402, 142, -134]
[449, 174, -206]
[423, 172, -208]
[516, 255, -57]
[348, 246, -58]
[539, 375, -48]
[315, 374, -33]
[555, 474, -209]
[294, 476, -160]
[569, 499, -248]
[278, 506, -192]
[564, 496, -281]
[288, 506, -227]
[555, 487, -227]
[297, 496, -177]
[478, 511, -3]
[370, 505, 3]
[465, 699, -23]
[369, 697, -14]
[457, 861, 176]
[364, 873, 123]
[456, 881, 189]
[364, 898, 130]
[451, 918, 70]
[370, 927, -11]
[439, 154, -295]
[449, 137, -280]
[454, 137, -280]
[460, 139, -280]
[430, 134, -280]
[423, 134, -280]
[415, 133, -280]
[468, 148, -167]
[402, 142, -167]
[449, 174, -252]
[423, 172, -251]
[516, 257, -100]
[348, 246, -69]
[541, 384, -94]
[313, 377, -54]
[555, 471, -259]
[287, 466, -217]
[568, 494, -300]
[271, 495, -251]
[564, 489, -331]
[285, 492, -286]
[555, 478, -276]
[294, 481, -235]
[478, 511, -11]
[370, 505, 12]
[468, 703, -24]
[373, 702, -1]
[460, 867, 167]
[364, 882, 156]
[460, 889, 179]
[364, 908, 164]
[453, 923, 55]
[365, 935, 22]
[439, 154, -300]
[449, 137, -286]
[454, 138, -286]
[460, 139, -286]
[430, 134, -286]
[423, 134, -286]
[415, 133, -286]
[468, 149, -174]
[402, 142, -174]
[449, 174, -257]
[423, 172, -256]
[516, 258, -105]
[348, 247, -75]
[546, 386, -87]
[312, 377, -61]
[564, 469, -233]
[276, 457, -221]
[567, 492, -268]
[265, 490, -254]
[562, 485, -299]
[271, 482, -288]
[560, 478, -248]
[282, 471, -239]
[478, 511, -12]
[370, 505, 13]
[472, 704, -19]
[374, 704, 16]
[467, 869, 169]
[364, 883, 167]
[468, 891, 180]
[364, 908, 176]
[456, 925, 53]
[365, 936, 35]
[439, 154, -292]
[449, 137, -277]
[454, 138, -277]
[460, 139, -277]
[430, 134, -276]
[423, 134, -276]
[415, 133, -276]
[468, 149, -162]
[402, 142, -161]
[449, 174, -248]
[423, 172, -247]
[517, 259, -94]
[349, 247, -48]
[552, 390, -154]
[310, 382, -82]
[567, 398, -382]
[279, 415, -328]
[568, 402, -428]
[266, 449, -366]
[568, 380, -440]
[273, 423, -390]
[563, 378, -392]
[284, 411, -343]
[479, 512, -14]
[370, 508, 15]
[479, 706, -7]
[374, 706, 18]
[473, 874, 178]
[366, 883, 160]
[476, 897, 189]
[365, 908, 167]
[458, 931, 63]
[368, 938, 23]
[439, 154, -291]
[449, 137, -276]
[454, 138, -276]
[460, 139, -276]
[430, 134, -275]
[423, 134, -275]
[416, 133, -275]
[468, 149, -159]
[402, 142, -160]
[449, 174, -247]
[423, 172, -246]
[517, 259, -93]
[349, 248, -47]
[554, 392, -153]
[308, 385, -89]
[571, 400, -375]
[280, 410, -333]
[572, 406, -419]
[267, 444, -371]
[574, 386, -433]
[274, 424, -395]
[567, 383, -384]
[285, 405, -349]
[479, 514, -16]
[370, 510, 16]
[481, 708, -5]
[374, 708, 19]
[476, 876, 182]
[366, 883, 162]
[479, 899, 194]
[366, 908, 169]
[459, 933, 67]
[369, 939, 25]
[439, 154, -289]
[449, 137, -273]
[454, 138, -273]
[460, 140, -273]
[430, 134, -273]
[423, 134, -273]
[416, 133, -273]
[468, 150, -157]
[402, 142, -158]
[449, 175, -244]
[423, 173, -244]
[517, 259, -93]
[349, 248, -52]
[556, 392, -162]
[305, 385, -144]
[553, 376, -391]
[332, 368, -407]
[543, 375, -432]
[346, 364, -448]
[546, 353, -432]
[343, 351, -451]
[542, 354, -395]
[345, 350, -413]
[481, 514, -15]
[370, 511, 16]
[482, 708, 4]
[372, 708, 41]
[476, 875, 178]
[366, 883, 169]
[479, 898, 187]
[366, 907, 173]
[459, 932, 52]
[371, 938, 30]
[439, 155, -289]
[449, 137, -274]
[454, 138, -274]
[461, 140, -274]
[431, 134, -274]
[423, 134, -274]
[416, 133, -274]
[468, 150, -155]
[403, 142, -158]
[449, 175, -244]
[423, 173, -244]
[517, 259, -85]
[349, 248, -58]
[559, 391, -145]
[302, 384, -165]
[553, 372, -359]
[343, 354, -421]
[549, 372, -398]
[356, 349, -462]
[550, 351, -400]
[352, 331, -463]
[545, 352, -363]
[354, 337, -426]
[481, 515, -14]
[371, 513, 15]
[482, 708, 6]
[371, 709, 65]
[477, 874, 177]
[367, 882, 215]
[479, 898, 186]
[366, 905, 225]
[460, 933, 53]
[372, 938, 82]
[439, 155, -276]
[449, 138, -262]
[455, 139, -262]
[461, 141, -262]
[431, 135, -261]
[423, 134, -261]
[416, 134, -261]
[468, 150, -143]
[403, 142, -140]
[449, 175, -231]
[424, 173, -230]
[516, 259, -70]
[350, 248, -46]
[558, 383, -130]
[302, 378, -148]
[560, 362, -346]
[330, 351, -428]
[567, 356, -386]
[332, 348, -472]
[566, 341, -396]
[334, 333, -479]
[578, 343, -355]
[340, 335, -436]
[482, 515, -14]
[371, 513, 15]
[484, 705, 0]
[371, 706, 55]
[479, 872, 163]
[367, 875, 205]
[482, 896, 171]
[366, 898, 215]
[462, 931, 42]
[375, 933, 75]
[440, 155, -278]
[450, 138, -264]
[455, 139, -264]
[461, 141, -264]
[431, 135, -263]
[424, 134, -263]
[416, 134, -263]
[469, 151, -146]
[403, 142, -140]
[449, 175, -232]
[424, 173, -231]
[516, 258, -71]
[350, 246, -51]
[559, 377, -150]
[302, 375, -168]
[563, 349, -360]
[346, 345, -419]
[567, 343, -398]
[364, 342, -459]
[567, 324, -399]
[358, 325, -456]
[575, 327, -364]
[359, 327, -422]
[483, 515, -15]
[371, 513, 16]
[486, 703, -14]
[371, 704, 76]
[482, 867, 165]
[371, 868, 253]
[485, 891, 175]
[371, 891, 265]
[463, 927, 45]
[377, 928, 128]
[440, 156, -278]
[450, 138, -264]
[456, 139, -264]
[462, 141, -264]
[432, 135, -263]
[424, 134, -263]
[417, 134, -263]
[470, 151, -146]
[403, 142, -142]
[449, 176, -233]
[424, 173, -232]
[516, 257, -71]
[350, 246, -52]
[561, 374, -157]
[302, 374, -168]
[564, 347, -369]
[349, 343, -420]
[567, 341, -408]
[368, 341, -460]
[567, 322, -408]
[362, 323, -457]
[574, 325, -373]
[363, 325, -423]
[483, 514, -16]
[371, 513, 17]
[486, 702, -17]
[371, 703, 76]
[481, 866, 165]
[371, 867, 248]
[484, 890, 175]
[371, 889, 260]
[463, 927, 44]
[377, 926, 122]
[440, 156, -284]
[450, 138, -269]
[456, 140, -269]
[462, 141, -269]
[432, 135, -268]
[424, 134, -268]
[417, 134, -268]
[470, 152, -151]
[403, 143, -145]
[449, 176, -238]
[424, 174, -237]
[516, 256, -82]
[349, 244, -53]
[560, 371, -176]
[296, 365, -171]
[550, 347, -390]
[343, 338, -422]
[541, 344, -431]
[361, 340, -462]
[539, 325, -426]
[358, 318, -458]
[539, 327, -392]
[357, 320, -424]
[483, 513, -19]
[371, 513, 19]
[486, 701, -20]
[371, 702, 93]
[481, 865, 165]
[372, 865, 277]
[484, 889, 176]
[371, 888, 291]
[463, 925, 43]
[376, 924, 153]
[440, 157, -284]
[450, 139, -269]
[456, 140, -269]
[462, 142, -269]
[432, 135, -268]
[424, 135, -268]
[417, 134, -268]
[470, 153, -151]
[403, 143, -145]
[449, 177, -238]
[424, 174, -237]
[516, 255, -80]
[350, 243, -54]
[560, 351, -128]
[297, 355, -157]
[546, 351, -270]
[341, 331, -325]
[543, 354, -298]
[366, 338, -353]
[537, 336, -299]
[370, 317, -346]
[536, 336, -272]
[358, 320, -324]
[483, 512, -20]
[371, 513, 21]
[484, 699, -42]
[372, 700, 89]
[481, 862, 136]
[375, 862, 270]
[484, 885, 147]
[376, 885, 284]
[463, 921, 20]
[376, 920, 152]
[440, 157, -283]
[450, 139, -268]
[456, 141, -268]
[462, 143, -268]
[432, 136, -266]
[424, 135, -266]
[417, 135, -266]
[470, 153, -148]
[403, 143, -140]
[449, 177, -237]
[424, 174, -234]
[515, 254, -72]
[351, 243, -50]
[560, 338, -118]
[297, 355, -147]
[545, 345, -275]
[341, 329, -355]
[545, 349, -307]
[356, 326, -388]
[539, 332, -309]
[359, 310, -371]
[537, 331, -279]
[354, 313, -353]
[483, 512, -20]
[371, 512, 21]
[482, 697, -50]
[372, 698, 81]
[479, 861, 110]
[376, 861, 251]
[482, 884, 119]
[377, 883, 264]
[460, 918, -6]
[376, 917, 130]
[440, 157, -283]
[450, 139, -268]
[456, 141, -268]
[462, 143, -268]
[432, 136, -266]
[424, 135, -266]
[417, 135, -266]
[470, 154, -147]
[403, 143, -140]
[449, 178, -237]
[424, 175, -234]
[515, 254, -73]
[351, 243, -49]
[564, 345, -120]
[298, 359, -144]
[547, 345, -288]
[339, 325, -356]
[547, 357, -322]
[355, 332, -389]
[542, 340, -327]
[358, 311, -381]
[538, 335, -293]
[356, 314, -353]
[482, 512, -20]
[371, 511, 21]
[481, 697, -41]
[373, 698, 80]
[478, 861, 127]
[376, 861, 247]
[482, 884, 137]
[376, 884, 260]
[459, 918, 11]
[376, 918, 124]
[440, 157, -290]
[450, 139, -274]
[456, 141, -274]
[462, 143, -274]
[432, 136, -272]
[424, 135, -272]
[417, 135, -272]
[470, 154, -151]
[403, 143, -142]
[449, 178, -243]
[424, 175, -240]
[515, 254, -78]
[351, 243, -48]
[566, 348, -121]
[298, 360, -127]
[546, 352, -284]
[338, 324, -336]
[548, 359, -317]
[355, 334, -369]
[542, 338, -324]
[358, 312, -367]
[538, 339, -290]
[358, 314, -338]
[482, 512, -22]
[371, 511, 23]
[481, 697, -46]
[373, 698, 78]
[478, 862, 127]
[376, 863, 243]
[481, 885, 137]
[377, 885, 255]
[458, 918, 10]
[375, 918, 118]
[440, 158, -245]
[450, 139, -226]
[456, 141, -226]
[462, 143, -226]
[432, 136, -226]
[424, 135, -226]
[417, 135, -226]
[470, 154, -103]
[403, 144, -100]
[449, 178, -200]
[424, 175, -199]
[513, 254, -34]
[351, 243, -29]
[571, 343, -90]
[299, 374, -156]
[584, 324, -265]
[334, 308, -422]
[589, 326, -296]
[342, 296, -462]
[552, 307, -300]
[342, 282, -459]
[575, 315, -271]
[343, 290, -425]
[482, 512, -21]
[372, 511, 22]
[480, 697, -48]
[373, 699, 73]
[477, 864, 97]
[376, 864, 216]
[481, 886, 104]
[376, 885, 227]
[457, 919, -18]
[375, 919, 96]
[440, 158, -237]
[450, 140, -217]
[456, 141, -217]
[462, 143, -217]
[432, 136, -217]
[425, 135, -217]
[417, 135, -218]
[470, 154, -94]
[403, 144, -94]
[449, 178, -192]
[424, 175, -192]
[512, 254, -24]
[350, 245, -32]
[563, 345, -83]
[300, 376, -184]
[609, 309, -253]
[319, 292, -452]
[620, 306, -279]
[315, 270, -493]
[611, 295, -283]
[312, 260, -489]
[605, 299, -258]
[316, 267, -456]
[482, 512, -18]
[372, 511, 18]
[480, 698, -46]
[374, 699, 64]
[477, 864, 88]
[376, 865, 197]
[481, 886, 93]
[377, 886, 207]
[457, 919, -28]
[377, 920, 76]
[440, 158, -223]
[450, 140, -205]
[456, 141, -205]
[462, 143, -204]
[432, 136, -204]
[425, 135, -204]
[417, 135, -204]
[470, 154, -89]
[403, 144, -84]
[449, 178, -182]
[424, 175, -181]
[511, 256, -33]
[348, 247, -22]
[552, 374, -135]
[301, 384, -167]
[596, 301, -352]
[310, 287, -429]
[592, 271, -386]
[299, 266, -468]
[607, 262, -380]
[298, 255, -465]
[592, 278, -355]
[306, 262, -433]
[482, 513, -17]
[372, 512, 18]
[480, 699, -44]
[374, 702, 64]
[477, 871, 91]
[376, 873, 197]
[481, 893, 97]
[375, 894, 205]
[456, 927, -26]
[377, 929, 72]
[440, 158, -216]
[450, 140, -198]
[456, 141, -198]
[462, 143, -198]
[432, 136, -197]
[425, 135, -197]
[417, 135, -197]
[469, 154, -84]
[403, 144, -79]
[449, 178, -176]
[424, 175, -174]
[511, 256, -30]
[347, 247, -14]
[549, 384, -142]
[302, 386, -163]
[572, 283, -363]
[305, 287, -414]
[575, 260, -398]
[290, 263, -453]
[586, 250, -391]
[290, 251, -450]
[567, 261, -365]
[297, 258, -418]
[482, 514, -16]
[372, 512, 17]
[480, 700, -38]
[374, 704, 59]
[476, 873, 95]
[375, 877, 182]
[480, 894, 100]
[374, 899, 190]
[455, 929, -22]
[377, 933, 57]
[440, 158, -210]
[450, 140, -193]
[456, 141, -193]
[462, 143, -193]
[432, 136, -192]
[425, 135, -192]
[417, 135, -192]
[469, 154, -82]
[404, 144, -76]
[449, 178, -170]
[424, 175, -169]
[510, 256, -28]
[347, 247, -13]
[547, 386, -139]
[302, 388, -163]
[563, 280, -356]
[303, 286, -409]
[567, 260, -391]
[288, 261, -447]
[576, 250, -385]
[289, 250, -444]
[560, 263, -358]
[297, 257, -413]
[482, 514, -15]
[372, 513, 16]
[480, 700, -36]
[374, 705, 60]
[476, 873, 92]
[375, 878, 185]
[480, 894, 97]
[374, 900, 194]
[455, 930, -23]
[377, 934, 62]
[440, 158, -225]
[450, 140, -207]
[456, 141, -207]
[462, 143, -207]
[432, 136, -206]
[425, 135, -206]
[417, 135, -206]
[468, 154, -91]
[404, 144, -86]
[449, 178, -183]
[424, 176, -182]
[511, 256, -29]
[346, 249, -20]
[546, 384, -132]
[303, 389, -171]
[579, 295, -353]
[296, 284, -446]
[586, 281, -373]
[278, 262, -487]
[588, 268, -366]
[279, 250, -485]
[577, 276, -357]
[288, 257, -451]
[482, 515, -14]
[372, 513, 15]
[480, 701, -36]
[374, 707, 49]
[476, 873, 93]
[376, 880, 168]
[480, 894, 98]
[374, 901, 175]
[455, 931, -23]
[378, 936, 42]
[440, 158, -216]
[450, 140, -198]
[456, 142, -198]
[462, 144, -198]
[432, 136, -197]
[425, 136, -197]
[417, 135, -197]
[468, 155, -84]
[404, 145, -80]
[449, 179, -175]
[424, 176, -174]
[511, 256, -29]
[346, 252, -21]
[545, 384, -135]
[305, 390, -165]
[568, 275, -341]
[296, 283, -426]
[583, 274, -368]
[279, 260, -465]
[583, 261, -363]
[279, 248, -464]
[574, 269, -344]
[288, 255, -431]
[482, 517, -14]
[372, 515, 15]
[480, 702, -35]
[375, 709, 51]
[477, 874, 97]
[376, 881, 178]
[481, 895, 104]
[375, 902, 187]
[457, 932, -18]
[379, 937, 55]
[440, 158, -210]
[450, 140, -193]
[456, 142, -193]
[462, 144, -193]
[432, 136, -192]
[425, 136, -192]
[417, 135, -192]
[468, 155, -83]
[404, 145, -78]
[449, 179, -170]
[424, 176, -169]
[512, 256, -27]
[345, 252, -21]
[545, 388, -133]
[306, 390, -163]
[565, 272, -338]
[296, 283, -420]
[575, 258, -367]
[279, 258, -458]
[575, 247, -363]
[279, 245, -457]
[564, 261, -341]
[288, 253, -425]
[482, 519, -12]
[372, 516, 13]
[481, 703, -35]
[375, 710, 49]
[478, 875, 85]
[378, 882, 165]
[482, 895, 90]
[376, 903, 172]
[459, 932, -29]
[382, 938, 44]
[440, 158, -213]
[450, 140, -196]
[456, 142, -196]
[462, 144, -196]
[432, 136, -195]
[425, 136, -195]
[417, 135, -195]
[468, 155, -85]
[404, 145, -80]
[449, 179, -173]
[424, 176, -171]
[513, 256, -26]
[345, 253, -22]
[545, 387, -132]
[307, 390, -162]
[562, 272, -336]
[296, 284, -424]
[569, 256, -364]
[278, 260, -462]
[569, 244, -359]
[278, 247, -461]
[560, 261, -340]
[287, 254, -429]
[482, 519, -11]
[372, 516, 12]
[481, 703, -34]
[375, 710, 46]
[478, 875, 85]
[378, 883, 159]
[482, 895, 90]
[377, 904, 166]
[460, 932, -29]
[382, 938, 37]
[440, 158, -208]
[450, 140, -192]
[456, 142, -192]
[462, 144, -192]
[432, 136, -191]
[425, 136, -191]
[417, 135, -191]
[468, 155, -82]
[404, 145, -77]
[449, 179, -169]
[424, 176, -167]
[513, 256, -25]
[345, 253, -19]
[545, 390, -135]
[307, 390, -157]
[561, 271, -345]
[296, 284, -420]
[567, 250, -375]
[278, 261, -458]
[567, 244, -370]
[278, 248, -455]
[558, 255, -348]
[287, 255, -426]
[482, 519, -9]
[372, 517, 10]
[481, 703, -31]
[375, 711, 40]
[478, 875, 85]
[378, 884, 146]
[482, 896, 90]
[377, 906, 152]
[460, 933, -30]
[383, 939, 21]
[439, 158, -213]
[450, 140, -196]
[456, 142, -196]
[461, 144, -196]
[432, 136, -195]
[425, 136, -195]
[417, 135, -195]
[468, 155, -84]
[404, 146, -79]
[449, 179, -173]
[424, 176, -171]
[514, 256, -26]
[344, 253, -18]
[546, 391, -139]
[308, 391, -157]
[560, 270, -354]
[295, 283, -421]
[566, 249, -386]
[275, 261, -459]
[566, 244, -381]
[276, 248, -457]
[557, 253, -357]
[285, 255, -427]
[482, 520, -10]
[372, 517, 10]
[481, 705, -32]
[375, 712, 42]
[479, 878, 88]
[378, 887, 159]
[482, 899, 93]
[377, 909, 167]
[460, 936, -27]
[383, 943, 35]
[439, 158, -209]
[450, 140, -192]
[456, 142, -192]
[461, 144, -192]
[432, 136, -191]
[424, 136, -191]
[417, 135, -191]
[468, 155, -84]
[404, 146, -76]
[448, 179, -170]
[423, 176, -168]
[514, 257, -27]
[345, 253, -15]
[546, 391, -141]
[308, 391, -148]
[558, 271, -355]
[296, 282, -407]
[563, 249, -387]
[278, 260, -445]
[563, 243, -382]
[278, 247, -441]
[556, 253, -358]
[286, 254, -412]
[482, 520, -9]
[372, 517, 10]
[482, 705, -32]
[376, 712, 43]
[479, 879, 89]
[378, 887, 161]
[483, 899, 95]
[377, 909, 168]
[460, 936, -26]
[384, 943, 37]
[439, 158, -214]
[450, 140, -197]
[456, 142, -197]
[461, 144, -196]
[432, 136, -194]
[424, 136, -194]
[417, 135, -194]
[468, 155, -85]
[404, 146, -79]
[448, 179, -175]
[423, 176, -172]
[514, 257, -32]
[345, 253, -16]
[546, 390, -158]
[309, 391, -149]
[558, 266, -375]
[296, 284, -418]
[564, 251, -408]
[279, 262, -458]
[565, 241, -400]
[279, 249, -455]
[558, 251, -376]
[288, 256, -423]
[482, 520, -9]
[372, 517, 10]
[482, 706, -32]
[375, 712, 54]
[479, 880, 92]
[378, 887, 191]
[482, 902, 98]
[376, 909, 200]
[459, 938, -25]
[384, 943, 65]
[439, 157, -206]
[450, 139, -191]
[456, 141, -191]
[461, 143, -191]
[432, 136, -189]
[424, 135, -189]
[417, 135, -189]
[468, 154, -85]
[404, 144, -77]
[448, 178, -169]
[423, 176, -166]
[514, 257, -33]
[345, 251, -14]
[546, 391, -157]
[309, 391, -140]
[557, 268, -372]
[296, 283, -396]
[561, 248, -407]
[280, 262, -435]
[563, 243, -399]
[280, 250, -431]
[554, 251, -374]
[288, 256, -401]
[482, 520, -9]
[371, 517, 10]
[481, 705, -29]
[374, 711, 57]
[477, 880, 88]
[376, 885, 189]
[480, 901, 93]
[374, 908, 197]
[457, 937, -30]
[383, 942, 63]
[439, 157, -204]
[450, 139, -189]
[456, 141, -189]
[461, 143, -189]
[432, 135, -187]
[424, 135, -187]
[417, 134, -187]
[468, 154, -85]
[404, 144, -76]
[448, 178, -167]
[423, 175, -165]
[514, 257, -33]
[345, 250, -13]
[546, 392, -158]
[309, 390, -137]
[556, 269, -374]
[296, 283, -392]
[559, 248, -410]
[281, 263, -430]
[562, 244, -401]
[281, 250, -427]
[552, 252, -376]
[289, 257, -397]
[482, 520, -9]
[370, 517, 10]
[480, 705, -29]
[373, 710, 59]
[476, 880, 86]
[375, 884, 188]
[479, 901, 91]
[373, 907, 196]
[456, 937, -32]
[382, 941, 61]
[439, 157, -207]
[450, 139, -191]
[455, 141, -191]
[461, 143, -191]
[432, 135, -190]
[424, 134, -190]
[417, 134, -190]
[468, 154, -85]
[404, 143, -77]
[448, 178, -169]
[423, 175, -167]
[514, 258, -33]
[345, 250, -18]
[546, 393, -152]
[309, 390, -153]
[557, 270, -360]
[298, 283, -407]
[571, 265, -393]
[284, 263, -447]
[574, 251, -386]
[284, 251, -441]
[552, 252, -362]
[293, 257, -412]
[482, 520, -7]
[370, 517, 8]
[479, 705, -23]
[372, 709, 60]
[475, 879, 89]
[374, 884, 187]
[478, 901, 93]
[372, 906, 195]
[455, 937, -30]
[382, 941, 62]
[439, 157, -211]
[450, 139, -197]
[455, 140, -197]
[461, 143, -197]
[432, 135, -195]
[424, 134, -195]
[417, 134, -195]
[468, 153, -91]
[404, 143, -83]
[449, 177, -173]
[423, 175, -171]
[513, 258, -33]
[345, 248, -23]
[546, 390, -139]
[309, 387, -166]
[557, 282, -345]
[297, 283, -434]
[570, 274, -377]
[279, 263, -474]
[600, 264, -377]
[281, 250, -472]
[588, 268, -350]
[292, 257, -440]
[482, 519, -7]
[369, 517, 8]
[478, 704, -24]
[370, 707, 63]
[473, 878, 87]
[373, 881, 188]
[476, 900, 91]
[371, 902, 196]
[453, 935, -31]
[380, 938, 66]
[439, 157, -268]
[450, 139, -247]
[456, 140, -247]
[461, 143, -247]
[432, 135, -248]
[424, 134, -248]
[417, 134, -248]
[468, 153, -118]
[403, 143, -118]
[449, 177, -220]
[423, 175, -221]
[510, 255, -36]
[345, 246, -47]
[551, 339, -56]
[309, 380, -190]
[624, 289, -172]
[299, 288, -450]
[640, 283, -188]
[285, 274, -487]
[641, 274, -194]
[289, 256, -485]
[629, 278, -177]
[299, 266, -454]
[482, 519, -14]
[368, 516, 14]
[476, 704, -42]
[370, 707, 77]
[473, 878, 98]
[372, 879, 248]
[476, 901, 104]
[371, 901, 261]
[452, 934, -25]
[377, 936, 126]
[439, 157, -315]
[450, 139, -296]
[456, 140, -296]
[461, 142, -296]
[431, 135, -294]
[424, 134, -294]
[416, 134, -294]
[468, 153, -163]
[403, 142, -152]
[449, 177, -266]
[423, 175, -263]
[510, 255, -90]
[345, 246, -58]
[548, 355, -223]
[309, 378, -208]
[590, 297, -473]
[299, 295, -511]
[607, 284, -518]
[294, 281, -557]
[597, 278, -511]
[297, 261, -553]
[586, 282, -477]
[304, 270, -516]
[481, 518, -23]
[368, 516, 24]
[477, 705, -66]
[369, 707, 100]
[473, 878, 111]
[371, 878, 300]
[477, 901, 121]
[370, 901, 315]
[452, 935, -22]
[375, 936, 169]
[439, 156, -310]
[450, 138, -291]
[455, 140, -291]
[461, 142, -291]
[431, 135, -289]
[423, 134, -289]
[416, 134, -289]
[468, 152, -160]
[402, 141, -149]
[449, 177, -261]
[423, 174, -259]
[511, 255, -85]
[345, 245, -60]
[546, 367, -199]
[309, 378, -213]
[574, 305, -435]
[301, 298, -518]
[606, 289, -475]
[298, 286, -564]
[604, 278, -471]
[300, 264, -561]
[593, 284, -439]
[306, 274, -524]
[481, 517, -23]
[368, 515, 24]
[477, 705, -60]
[368, 707, 98]
[473, 878, 119]
[371, 878, 294]
[477, 902, 129]
[369, 901, 309]
[453, 936, -14]
[374, 935, 164]
[438, 156, -328]
[450, 138, -311]
[455, 139, -311]
[461, 141, -311]
[431, 134, -309]
[423, 134, -309]
[416, 133, -309]
[468, 151, -180]
[402, 141, -166]
[449, 177, -278]
[422, 174, -275]
[511, 254, -97]
[344, 244, -62]
[545, 369, -195]
[307, 371, -159]
[561, 322, -419]
[353, 325, -382]
[601, 310, -458]
[370, 323, -415]
[597, 294, -459]
[371, 300, -410]
[590, 299, -423]
[370, 303, -384]
[481, 516, -24]
[367, 515, 25]
[477, 706, -54]
[367, 707, 97]
[473, 878, 135]
[371, 877, 293]
[477, 902, 145]
[370, 901, 307]
[453, 936, -1]
[374, 935, 160]
[438, 154, -295]
[449, 137, -278]
[455, 138, -278]
[461, 140, -278]
[430, 134, -276]
[423, 133, -276]
[415, 133, -276]
[468, 150, -154]
[402, 140, -144]
[449, 176, -249]
[422, 173, -246]
[511, 253, -81]
[344, 242, -61]
[545, 371, -180]
[307, 367, -162]
[577, 325, -406]
[317, 317, -451]
[593, 312, -447]
[329, 312, -495]
[586, 299, -450]
[314, 290, -500]
[588, 301, -412]
[317, 294, -459]
[480, 515, -23]
[367, 514, 24]
[477, 704, -53]
[367, 704, 96]
[473, 874, 135]
[371, 872, 266]
[476, 898, 144]
[370, 895, 279]
[453, 931, 5]
[374, 929, 137]
[438, 154, -288]
[449, 136, -273]
[455, 137, -273]
[460, 139, -273]
[430, 133, -276]
[423, 133, -275]
[415, 132, -276]
[468, 149, -143]
[402, 140, -140]
[449, 175, -237]
[422, 173, -237]
[511, 251, -77]
[344, 241, -59]
[551, 356, -161]
[306, 362, -161]
[552, 342, -374]
[329, 323, -413]
[551, 339, -418]
[356, 328, -455]
[545, 320, -423]
[358, 306, -454]
[543, 320, -379]
[357, 307, -417]
[480, 514, -23]
[367, 514, 24]
[477, 703, -35]
[367, 703, 91]
[473, 870, 149]
[370, 869, 271]
[476, 894, 160]
[369, 893, 285]
[453, 928, 23]
[373, 927, 143]
[438, 154, -310]
[449, 136, -294]
[454, 137, -294]
[460, 139, -294]
[430, 133, -294]
[422, 133, -294]
[415, 132, -294]
[468, 149, -163]
[402, 140, -163]
[448, 175, -259]
[422, 173, -260]
[512, 251, -86]
[343, 241, -72]
[555, 360, -160]
[302, 361, -181]
[546, 353, -357]
[359, 333, -421]
[549, 354, -397]
[379, 335, -462]
[545, 333, -400]
[381, 313, -460]
[535, 332, -361]
[379, 314, -426]
[480, 514, -22]
[367, 514, 23]
[477, 703, -35]
[366, 703, 92]
[473, 869, 159]
[368, 869, 291]
[476, 893, 171]
[368, 892, 306]
[453, 928, 31]
[371, 927, 162]
[437, 153, -316]
[449, 136, -300]
[454, 137, -300]
[459, 138, -300]
[430, 133, -300]
[422, 133, -300]
[415, 132, -300]
[467, 148, -170]
[401, 140, -170]
[448, 175, -266]
[422, 172, -266]
[512, 251, -93]
[342, 241, -79]
[557, 360, -159]
[299, 361, -192]
[541, 363, -341]
[364, 336, -425]
[540, 362, -377]
[384, 338, -465]
[536, 341, -378]
[385, 315, -461]
[526, 345, -344]
[383, 317, -426]
[480, 514, -23]
[366, 514, 24]
[477, 703, -41]
[365, 703, 99]
[473, 869, 152]
[368, 870, 302]
[476, 893, 163]
[367, 893, 318]
[453, 928, 24]
[370, 927, 174]
[437, 153, -307]
[448, 135, -290]
[453, 136, -290]
[459, 138, -290]
[429, 133, -291]
[421, 132, -291]
[414, 132, -291]
[467, 148, -163]
[401, 140, -163]
[448, 174, -258]
[421, 172, -258]
[513, 251, -91]
[342, 241, -69]
[566, 360, -152]
[300, 362, -145]
[541, 379, -339]
[356, 345, -374]
[535, 388, -378]
[370, 349, -413]
[526, 368, -383]
[371, 327, -416]
[523, 366, -343]
[371, 327, -379]
[481, 515, -23]
[366, 514, 24]
[479, 704, -30]
[365, 705, 89]
[474, 870, 155]
[368, 873, 277]
[477, 894, 166]
[368, 896, 289]
[458, 929, 26]
[371, 931, 138]
[437, 153, -276]
[448, 135, -259]
[453, 136, -259]
[458, 138, -259]
[429, 132, -261]
[421, 132, -261]
[414, 132, -261]
[466, 147, -134]
[401, 140, -141]
[448, 174, -228]
[421, 172, -230]
[512, 251, -52]
[343, 241, -61]
[564, 360, -84]
[300, 365, -154]
[551, 368, -280]
[350, 341, -404]
[582, 376, -317]
[361, 347, -451]
[583, 358, -329]
[362, 323, -463]
[574, 357, -289]
[366, 324, -415]
[481, 515, -16]
[366, 514, 17]
[479, 703, -32]
[365, 704, 88]
[474, 870, 135]
[368, 873, 273]
[477, 894, 143]
[368, 896, 285]
[458, 928, 7]
[373, 931, 138]
[437, 153, -276]
[448, 135, -262]
[453, 136, -262]
[458, 138, -262]
[429, 132, -265]
[421, 132, -265]
[414, 132, -265]
[465, 147, -143]
[401, 140, -152]
[448, 173, -231]
[421, 172, -234]
[512, 251, -58]
[344, 242, -67]
[563, 367, -116]
[300, 371, -156]
[552, 372, -312]
[347, 348, -411]
[566, 378, -345]
[363, 359, -455]
[565, 358, -353]
[359, 332, -463]
[560, 357, -319]
[361, 332, -419]
[481, 516, -14]
[366, 514, 15]
[478, 703, -10]
[364, 705, 92]
[474, 871, 149]
[367, 873, 271]
[476, 895, 157]
[367, 896, 284]
[457, 929, 21]
[373, 932, 137]
[437, 152, -281]
[448, 135, -267]
[453, 136, -267]
[458, 137, -267]
[429, 132, -269]
[421, 132, -269]
[414, 132, -269]
[465, 147, -147]
[401, 140, -152]
[448, 173, -236]
[421, 171, -238]
[512, 251, -71]
[344, 242, -66]
[562, 376, -138]
[300, 376, -148]
[552, 367, -362]
[344, 361, -407]
[557, 369, -405]
[356, 368, -450]
[544, 353, -409]
[351, 340, -459]
[536, 350, -369]
[356, 340, -416]
[481, 516, -14]
[366, 514, 15]
[479, 703, -13]
[364, 705, 74]
[474, 871, 151]
[367, 874, 230]
[477, 895, 159]
[367, 897, 240]
[457, 929, 24]
[373, 933, 97]
[437, 152, -279]
[448, 135, -265]
[453, 136, -265]
[458, 137, -265]
[429, 132, -266]
[421, 132, -266]
[414, 132, -266]
[465, 147, -147]
[401, 140, -151]
[448, 173, -234]
[421, 171, -236]
[512, 252, -71]
[344, 242, -63]
[562, 380, -138]
[301, 377, -148]
[540, 366, -362]
[343, 360, -404]
[544, 367, -402]
[355, 365, -446]
[540, 348, -407]
[350, 341, -454]
[535, 348, -368]
[352, 340, -412]
[481, 516, -12]
[366, 514, 13]
[478, 703, -13]
[364, 705, 72]
[472, 872, 148]
[366, 875, 229]
[474, 897, 157]
[365, 898, 239]
[457, 930, 22]
[373, 935, 94]
[438, 152, -280]
[448, 134, -266]
[453, 136, -266]
[459, 137, -266]
[429, 132, -267]
[422, 131, -267]
[415, 131, -267]
[466, 147, -152]
[401, 140, -154]
[448, 173, -236]
[421, 171, -238]
[512, 252, -84]
[344, 241, -59]
[557, 380, -138]
[301, 378, -28]
[552, 388, -380]
[287, 450, -178]
[553, 398, -428]
[277, 480, -206]
[553, 378, -446]
[280, 470, -239]
[545, 374, -392]
[291, 458, -194]
[481, 515, -10]
[366, 513, 11]
[479, 704, 1]
[370, 705, 16]
[472, 873, 186]
[367, 878, 147]
[474, 897, 198]
[366, 901, 153]
[459, 931, 73]
[376, 938, 10]
[438, 151, -279]
[448, 134, -266]
[453, 135, -266]
[459, 137, -266]
[430, 131, -267]
[422, 131, -267]
[415, 130, -267]
[466, 147, -152]
[401, 139, -155]
[448, 172, -236]
[421, 170, -237]
[513, 253, -84]
[344, 241, -62]
[554, 380, -96]
[303, 377, -50]
[552, 433, -282]
[275, 453, -209]
[556, 466, -325]
[265, 491, -243]
[564, 450, -356]
[272, 483, -278]
[554, 441, -299]
[283, 471, -227]
[481, 514, -9]
[366, 511, 10]
[478, 704, -4]
[373, 705, 25]
[472, 872, 176]
[369, 878, 178]
[473, 895, 188]
[368, 901, 187]
[459, 929, 63]
[376, 938, 45]
[438, 150, -258]
[449, 133, -243]
[453, 134, -243]
[459, 136, -243]
[430, 130, -246]
[422, 130, -246]
[415, 129, -246]
[466, 146, -133]
[401, 138, -144]
[448, 171, -216]
[422, 169, -219]
[513, 252, -66]
[344, 240, -61]
[547, 374, -45]
[306, 372, -52]
[554, 450, -198]
[279, 454, -202]
[564, 480, -235]
[265, 486, -236]
[565, 470, -269]
[275, 483, -271]
[555, 461, -215]
[285, 472, -220]
[481, 511, -3]
[368, 509, 4]
[477, 704, -8]
[376, 703, 3]
[471, 870, 168]
[369, 878, 133]
[470, 893, 179]
[368, 900, 139]
[460, 926, 51]
[378, 937, -2]
[438, 148, -270]
[449, 132, -256]
[453, 133, -256]
[459, 135, -256]
[430, 129, -260]
[422, 128, -260]
[415, 128, -260]
[466, 144, -149]
[401, 136, -162]
[448, 170, -228]
[422, 168, -233]
[513, 251, -76]
[344, 240, -78]
[543, 374, -61]
[308, 372, -58]
[555, 456, -222]
[284, 463, -193]
[568, 483, -261]
[271, 492, -226]
[565, 476, -295]
[279, 490, -261]
[555, 468, -240]
[287, 482, -210]
[481, 508, -3]
[368, 505, 3]
[475, 701, -7]
[375, 699, 16]
[471, 866, 175]
[370, 875, 163]
[469, 888, 187]
[369, 898, 171]
[461, 922, 66]
[378, 933, 31]
[439, 148, -287]
[449, 131, -274]
[454, 133, -274]
[459, 134, -274]
[430, 128, -277]
[422, 128, -277]
[415, 127, -277]
[466, 144, -162]
[401, 135, -174]
[448, 169, -243]
[422, 167, -247]
[513, 250, -88]
[344, 239, -82]
[541, 373, -70]
[309, 371, -52]
[556, 451, -236]
[287, 462, -177]
[569, 477, -275]
[278, 500, -207]
[565, 472, -309]
[284, 492, -243]
[555, 460, -254]
[289, 481, -194]
[481, 507, -4]
[368, 502, 4]
[474, 700, -7]
[375, 698, 24]
[470, 864, 182]
[370, 874, 180]
[469, 886, 195]
[369, 897, 189]
[461, 922, 76]
[376, 932, 48]
[439, 147, -248]
[449, 131, -233]
[454, 132, -233]
[459, 133, -233]
[430, 128, -237]
[422, 127, -237]
[415, 126, -237]
[466, 143, -123]
[401, 134, -142]
[448, 168, -206]
[422, 166, -211]
[513, 248, -55]
[344, 237, -80]
[538, 370, -29]
[311, 368, -53]
[555, 459, -179]
[290, 469, -179]
[569, 488, -217]
[281, 499, -212]
[565, 484, -252]
[289, 500, -248]
[553, 474, -197]
[294, 491, -196]
[481, 507, 0]
[368, 502, 0]
[470, 698, -5]
[373, 695, 12]
[465, 861, 180]
[370, 868, 157]
[463, 883, 193]
[369, 891, 166]
[459, 917, 76]
[376, 925, 30]
[439, 147, -248]
[449, 130, -233]
[454, 132, -233]
[459, 133, -233]
[430, 127, -237]
[422, 126, -237]
[415, 126, -237]
[466, 142, -122]
[401, 134, -141]
[448, 168, -205]
[422, 166, -210]
[513, 247, -54]
[344, 236, -78]
[537, 369, -27]
[311, 368, -52]
[555, 466, -173]
[292, 473, -179]
[571, 492, -210]
[282, 502, -211]
[566, 489, -245]
[291, 503, -248]
[554, 481, -191]
[296, 494, -196]
[479, 506, 0]
[367, 500, 0]
[461, 696, -20]
[368, 692, -19]
[456, 859, 160]
[366, 866, 101]
[454, 881, 172]
[366, 890, 107]
[452, 915, 73]
[371, 923, -27]
[438, 147, -243]
[448, 130, -228]
[453, 131, -228]
[459, 133, -228]
[430, 127, -232]
[422, 126, -232]
[415, 125, -232]
[466, 142, -119]
[401, 133, -137]
[448, 167, -201]
[422, 165, -206]
[513, 246, -47]
[344, 235, -75]
[537, 369, -5]
[311, 368, -42]
[555, 471, -132]
[293, 474, -158]
[572, 495, -165]
[279, 503, -188]
[567, 495, -199]
[289, 505, -227]
[554, 487, -149]
[297, 496, -176]
[478, 505, 1]
[366, 499, -1]
[459, 695, -8]
[365, 689, -12]
[453, 858, 163]
[362, 864, 109]
[451, 880, 174]
[361, 887, 114]
[447, 913, 66]
[369, 919, -20]
[438, 146, -246]
[448, 130, -231]
[453, 131, -231]
[459, 132, -231]
[429, 126, -234]
[422, 125, -234]
[414, 125, -234]
[466, 141, -121]
[401, 133, -136]
[448, 167, -204]
[422, 164, -208]
[513, 245, -50]
[344, 234, -74]
[537, 369, -11]
[311, 368, -40]
[555, 476, -138]
[290, 478, -155]
[572, 501, -172]
[272, 506, -186]
[567, 502, -206]
[282, 506, -225]
[555, 493, -155]
[292, 499, -173]
[478, 505, 0]
[367, 500, 0]
[460, 695, 0]
[366, 690, 1]
[455, 858, 192]
[363, 863, 137]
[453, 880, 205]
[362, 887, 145]
[448, 914, 91]
[370, 918, 6]
[438, 146, -248]
[448, 129, -233]
[453, 130, -233]
[459, 132, -233]
[429, 126, -236]
[421, 125, -236]
[414, 124, -236]
[466, 141, -123]
[401, 132, -137]
[448, 166, -206]
[421, 164, -210]
[513, 245, -52]
[344, 234, -73]
[537, 369, -11]
[311, 367, -38]
[555, 477, -138]
[290, 479, -153]
[572, 502, -172]
[271, 506, -185]
[567, 502, -206]
[281, 506, -223]
[556, 493, -155]
[292, 498, -171]
[478, 505, 0]
[368, 500, 0]
[461, 695, 1]
[366, 690, 5]
[456, 858, 196]
[364, 863, 145]
[455, 880, 209]
[363, 886, 153]
[449, 914, 93]
[371, 918, 15]
[438, 144, -262]
[448, 128, -246]
[453, 129, -246]
[459, 131, -246]
[429, 125, -250]
[421, 124, -250]
[414, 123, -250]
[466, 140, -134]
[401, 132, -150]
[448, 165, -218]
[421, 163, -223]
[512, 244, -57]
[344, 233, -77]
[536, 369, -13]
[312, 368, -44]
[555, 478, -134]
[290, 480, -159]
[572, 501, -166]
[274, 506, -190]
[566, 503, -200]
[283, 506, -227]
[556, 495, -151]
[293, 498, -177]
[479, 503, 0]
[369, 498, 1]
[466, 692, 10]
[367, 689, 23]
[463, 856, 209]
[368, 862, 180]
[462, 878, 222]
[368, 887, 190]
[454, 914, 103]
[376, 917, 51]
[437, 142, -259]
[448, 126, -243]
[453, 127, -243]
[459, 129, -243]
[429, 123, -247]
[421, 122, -247]
[414, 122, -247]
[466, 137, -132]
[401, 130, -149]
[448, 163, -216]
[421, 162, -221]
[512, 244, -58]
[344, 233, -80]
[536, 372, -17]
[313, 368, -45]
[554, 488, -138]
[290, 485, -170]
[571, 512, -170]
[275, 511, -202]
[562, 515, -203]
[284, 510, -238]
[553, 506, -154]
[293, 502, -187]
[480, 503, 0]
[370, 499, 1]
[467, 692, 15]
[369, 689, 32]
[464, 857, 208]
[370, 863, 185]
[463, 879, 221]
[370, 887, 196]
[455, 914, 105]
[378, 918, 63]
[437, 140, -259]
[448, 125, -243]
[453, 125, -243]
[459, 127, -243]
[429, 122, -247]
[421, 121, -247]
[414, 120, -247]
[466, 136, -132]
[401, 128, -149]
[448, 162, -216]
[421, 160, -221]
[513, 244, -57]
[344, 233, -84]
[536, 374, -14]
[313, 370, -61]
[552, 493, -133]
[291, 491, -177]
[567, 517, -165]
[276, 521, -207]
[559, 520, -198]
[284, 521, -240]
[550, 512, -149]
[294, 512, -194]
[481, 503, -1]
[370, 500, 1]
[469, 693, 17]
[369, 691, 40]
[468, 857, 226]
[373, 863, 208]
[468, 879, 241]
[373, 887, 220]
[458, 915, 125]
[382, 918, 86]
[437, 139, -282]
[448, 123, -266]
[453, 124, -267]
[459, 126, -267]
[429, 120, -270]
[421, 119, -270]
[414, 119, -270]
[466, 134, -149]
[401, 127, -165]
[448, 161, -237]
[421, 159, -242]
[513, 244, -68]
[344, 233, -95]
[536, 377, -20]
[313, 372, -71]
[552, 502, -134]
[291, 496, -181]
[565, 529, -163]
[277, 531, -213]
[556, 534, -197]
[285, 532, -243]
[548, 522, -150]
[294, 518, -198]
[482, 508, -3]
[370, 504, 3]
[469, 699, 16]
[368, 698, 53]
[470, 864, 214]
[372, 872, 242]
[469, 887, 229]
[373, 898, 256]
[458, 928, 107]
[382, 928, 113]
[437, 138, -282]
[448, 123, -266]
[453, 124, -266]
[459, 125, -266]
[429, 120, -270]
[421, 119, -270]
[414, 118, -270]
[466, 134, -149]
[401, 126, -163]
[448, 160, -237]
[421, 159, -241]
[514, 244, -68]
[343, 233, -93]
[536, 379, -20]
[313, 374, -70]
[552, 502, -132]
[292, 497, -184]
[564, 529, -161]
[277, 533, -215]
[555, 534, -194]
[285, 533, -248]
[547, 523, -148]
[294, 519, -200]
[483, 510, -5]
[369, 506, 6]
[470, 702, 11]
[367, 702, 53]
[470, 869, 209]
[372, 877, 237]
[469, 892, 223]
[372, 904, 250]
[458, 933, 101]
[381, 932, 107]
[437, 137, -267]
[448, 121, -250]
[453, 122, -250]
[459, 124, -250]
[429, 118, -254]
[421, 117, -254]
[414, 117, -254]
[466, 132, -134]
[401, 125, -150]
[448, 159, -222]
[421, 157, -227]
[514, 243, -58]
[343, 233, -90]
[536, 379, -8]
[313, 375, -67]
[551, 504, -108]
[292, 499, -174]
[564, 532, -133]
[277, 535, -203]
[554, 537, -165]
[287, 536, -236]
[546, 525, -123]
[296, 522, -189]
[483, 512, -6]
[369, 507, 6]
[472, 703, 16]
[368, 704, 49]
[472, 871, 224]
[373, 880, 219]
[473, 895, 238]
[373, 908, 231]
[459, 935, 117]
[382, 936, 90]
[437, 136, -266]
[448, 120, -249]
[453, 121, -249]
[459, 122, -249]
[429, 117, -253]
[421, 116, -253]
[414, 116, -253]
[466, 131, -134]
[401, 124, -147]
[448, 158, -221]
[421, 157, -225]
[514, 243, -58]
[343, 233, -89]
[536, 380, -12]
[313, 375, -59]
[551, 507, -111]
[292, 498, -165]
[564, 536, -137]
[277, 532, -193]
[554, 541, -168]
[288, 534, -228]
[546, 529, -126]
[297, 520, -181]
[483, 512, -7]
[369, 508, 7]
[471, 705, 9]
[367, 705, 47]
[470, 874, 215]
[370, 882, 213]
[470, 898, 230]
[370, 910, 224]
[455, 938, 106]
[377, 938, 80]
[437, 135, -266]
[448, 119, -249]
[453, 120, -250]
[459, 121, -250]
[428, 116, -253]
[421, 116, -253]
[414, 115, -253]
[466, 130, -134]
[401, 124, -147]
[448, 157, -222]
[421, 156, -225]
[514, 242, -58]
[343, 233, -87]
[536, 381, -15]
[313, 375, -58]
[551, 509, -119]
[292, 497, -169]
[564, 539, -146]
[277, 531, -197]
[554, 544, -178]
[288, 533, -232]
[546, 531, -135]
[297, 519, -185]
[482, 512, -8]
[368, 508, 9]
[471, 705, 8]
[367, 705, 47]
[470, 874, 215]
[370, 881, 214]
[470, 898, 229]
[370, 909, 226]
[454, 937, 105]
[377, 937, 83]
[437, 134, -270]
[448, 118, -253]
[453, 119, -253]
[459, 120, -254]
[428, 116, -256]
[420, 115, -256]
[413, 115, -256]
[466, 129, -137]
[400, 123, -147]
[448, 156, -225]
[421, 155, -228]
[514, 241, -64]
[344, 233, -86]
[536, 382, -16]
[313, 375, -53]
[550, 509, -121]
[292, 497, -165]
[564, 540, -148]
[276, 529, -193]
[554, 544, -180]
[287, 532, -230]
[545, 532, -136]
[296, 518, -182]
[482, 513, -11]
[368, 508, 11]
[471, 706, 8]
[366, 705, 58]
[468, 875, 225]
[369, 882, 239]
[469, 899, 241]
[369, 909, 252]
[452, 938, 115]
[374, 938, 108]
