[464, 133, -275]
[480, 115, -270]
[488, 116, -270]
[497, 116, -270]
[461, 116, -255]
[456, 116, -255]
[451, 117, -255]
[524, 132, -195]
[460, 128, -120]
[482, 154, -246]
[458, 155, -225]
[593, 255, -188]
[418, 254, -8]
[604, 414, -196]
[398, 401, 66]
[563, 555, -285]
[362, 509, -67]
[560, 604, -329]
[353, 537, -92]
[538, 596, -348]
[353, 536, -138]
[534, 576, -294]
[362, 525, -89]
[527, 539, -71]
[416, 526, 72]
[512, 762, -34]
[399, 745, 115]
[497, 947, 178]
[386, 936, 278]
[503, 975, 190]
[389, 966, 290]
[465, 1003, 45]
[366, 989, 139]
[464, 133, -277]
[479, 115, -272]
[488, 116, -272]
[497, 116, -272]
[461, 116, -257]
[456, 116, -257]
[450, 117, -257]
[523, 131, -196]
[459, 128, -122]
[482, 154, -248]
[457, 155, -226]
[592, 255, -190]
[418, 254, -7]
[603, 414, -200]
[398, 401, 68]
[565, 558, -288]
[366, 508, -63]
[564, 609, -332]
[356, 535, -87]
[542, 601, -351]
[355, 535, -133]
[537, 580, -297]
[364, 524, -86]
[526, 539, -70]
[415, 526, 71]
[512, 762, -41]
[399, 745, 118]
[498, 947, 177]
[386, 936, 285]
[505, 975, 189]
[388, 966, 296]
[466, 1003, 44]
[365, 989, 150]
[462, 134, -274]
[478, 115, -270]
[487, 116, -270]
[496, 116, -270]
[460, 116, -254]
[455, 116, -254]
[450, 117, -254]
[522, 131, -201]
[460, 128, -119]
[479, 154, -246]
[456, 155, -223]
[592, 255, -193]
[418, 254, -3]
[601, 414, -207]
[398, 400, 76]
[566, 557, -292]
[364, 507, -60]
[566, 610, -335]
[355, 536, -83]
[543, 603, -353]
[353, 535, -125]
[539, 582, -300]
[360, 524, -81]
[526, 539, -70]
[414, 526, 71]
[513, 761, -44]
[399, 744, 121]
[498, 947, 175]
[386, 935, 288]
[505, 974, 187]
[388, 966, 300]
[467, 1003, 42]
[365, 989, 155]
[461, 134, -273]
[477, 115, -269]
[486, 116, -269]
[494, 116, -269]
[459, 116, -252]
[454, 116, -252]
[450, 116, -253]
[522, 131, -203]
[460, 128, -118]
[478, 154, -245]
[455, 155, -222]
[591, 256, -194]
[418, 254, -3]
[600, 414, -209]
[397, 400, 76]
[567, 558, -289]
[366, 507, -55]
[572, 610, -332]
[356, 536, -77]
[545, 607, -350]
[354, 536, -120]
[541, 585, -298]
[362, 524, -76]
[526, 539, -70]
[414, 526, 70]
[513, 760, -45]
[399, 744, 122]
[499, 947, 172]
[386, 935, 289]
[506, 974, 185]
[388, 966, 301]
[467, 1003, 38]
[365, 989, 156]
[460, 133, -272]
[477, 115, -268]
[485, 115, -268]
[494, 116, -268]
[459, 115, -251]
[454, 116, -251]
[449, 116, -251]
[521, 131, -203]
[460, 128, -117]
[476, 154, -245]
[454, 155, -221]
[591, 256, -195]
[418, 254, -4]
[599, 415, -210]
[397, 402, 72]
[566, 559, -293]
[365, 509, -59]
[570, 613, -336]
[356, 537, -82]
[545, 608, -352]
[354, 536, -126]
[541, 586, -300]
[363, 525, -81]
[526, 539, -70]
[414, 526, 70]
[514, 760, -43]
[399, 745, 123]
[499, 947, 187]
[386, 936, 302]
[506, 975, 202]
[388, 967, 314]
[468, 1004, 55]
[366, 991, 167]
[459, 133, -269]
[476, 115, -267]
[485, 115, -267]
[493, 116, -267]
[458, 115, -249]
[454, 115, -249]
[449, 116, -249]
[521, 131, -203]
[460, 128, -114]
[476, 154, -243]
[453, 154, -218]
[591, 256, -196]
[418, 254, -1]
[598, 415, -211]
[398, 402, 77]
[565, 559, -294]
[369, 508, -57]
[567, 610, -337]
[364, 536, -79]
[543, 604, -353]
[362, 536, -124]
[539, 583, -301]
[367, 525, -80]
[527, 539, -71]
[414, 526, 71]
[514, 760, -29]
[401, 746, 130]
[499, 949, 205]
[388, 938, 306]
[506, 977, 219]
[389, 969, 319]
[468, 1005, 71]
[367, 993, 169]
[460, 132, -261]
[476, 114, -259]
[485, 115, -259]
[493, 116, -259]
[458, 115, -240]
[454, 115, -240]
[449, 115, -240]
[521, 131, -195]
[460, 127, -103]
[476, 153, -236]
[453, 154, -210]
[591, 256, -195]
[418, 254, 9]
[598, 415, -212]
[398, 404, 78]
[563, 558, -296]
[368, 509, -67]
[567, 608, -340]
[357, 537, -92]
[542, 601, -357]
[359, 535, -136]
[539, 580, -304]
[366, 525, -90]
[527, 539, -71]
[414, 527, 72]
[516, 762, -30]
[403, 750, 122]
[501, 953, 199]
[390, 944, 296]
[508, 982, 213]
[391, 975, 308]
[470, 1010, 66]
[370, 1000, 151]
[460, 132, -261]
[476, 114, -259]
[485, 115, -259]
[494, 116, -259]
[458, 115, -241]
[454, 115, -240]
[449, 116, -241]
[521, 131, -194]
[460, 128, -105]
[477, 153, -236]
[454, 154, -210]
[591, 256, -195]
[418, 257, 9]
[598, 415, -214]
[398, 407, 67]
[553, 557, -299]
[364, 509, -89]
[546, 607, -346]
[345, 537, -116]
[523, 600, -361]
[350, 530, -158]
[523, 579, -307]
[358, 524, -111]
[528, 540, -71]
[417, 527, 72]
[520, 764, -51]
[406, 751, 114]
[508, 953, 196]
[397, 944, 293]
[516, 981, 212]
[399, 975, 306]
[476, 1010, 70]
[378, 999, 152]
[461, 133, -261]
[477, 115, -259]
[485, 116, -259]
[494, 116, -259]
[459, 116, -240]
[454, 117, -240]
[450, 118, -241]
[521, 131, -195]
[460, 130, -103]
[478, 154, -236]
[455, 155, -210]
[592, 256, -201]
[418, 259, 18]
[599, 414, -229]
[398, 409, 79]
[548, 556, -312]
[350, 508, -79]
[543, 607, -357]
[325, 533, -104]
[520, 600, -371]
[328, 523, -146]
[520, 579, -318]
[338, 524, -100]
[530, 541, -74]
[418, 529, 74]
[523, 764, -53]
[409, 751, 129]
[514, 953, 198]
[404, 944, 324]
[522, 981, 215]
[407, 973, 339]
[483, 1009, 74]
[386, 998, 197]
[461, 133, -249]
[477, 116, -246]
[485, 116, -247]
[494, 116, -247]
[460, 117, -227]
[455, 117, -227]
[450, 118, -227]
[522, 132, -187]
[461, 131, -94]
[479, 155, -226]
[455, 156, -199]
[592, 255, -197]
[418, 261, 37]
[602, 411, -225]
[396, 410, 110]
[545, 548, -311]
[331, 508, -35]
[540, 603, -356]
[306, 527, -55]
[519, 592, -371]
[306, 515, -102]
[516, 554, -317]
[312, 522, -58]
[529, 541, -74]
[418, 529, 75]
[512, 764, -102]
[398, 748, 83]
[497, 951, 133]
[391, 937, 240]
[506, 977, 148]
[395, 964, 250]
[465, 1006, 16]
[371, 991, 115]
[461, 134, -244]
[477, 116, -243]
[485, 116, -243]
[494, 116, -243]
[460, 117, -222]
[455, 118, -222]
[451, 119, -222]
[522, 133, -186]
[461, 131, -88]
[479, 156, -221]
[455, 157, -193]
[592, 256, -198]
[418, 261, 43]
[602, 411, -240]
[395, 409, 102]
[523, 539, -335]
[328, 503, -65]
[505, 585, -384]
[306, 521, -90]
[472, 547, -393]
[309, 507, -134]
[482, 533, -339]
[313, 516, -89]
[530, 542, -77]
[418, 529, 77]
[514, 768, -84]
[403, 751, 87]
[501, 953, 152]
[399, 940, 255]
[511, 980, 167]
[404, 969, 265]
[468, 1010, 30]
[376, 993, 140]
[462, 138, -247]
[478, 118, -246]
[486, 118, -246]
[495, 118, -246]
[461, 120, -226]
[456, 121, -226]
[452, 122, -226]
[522, 133, -186]
[462, 133, -92]
[480, 158, -224]
[457, 160, -197]
[594, 256, -196]
[420, 263, 35]
[605, 410, -236]
[395, 409, 100]
[528, 531, -331]
[326, 497, -58]
[513, 565, -377]
[298, 517, -82]
[488, 552, -388]
[303, 502, -125]
[493, 531, -336]
[306, 507, -81]
[534, 542, -73]
[421, 528, 74]
[527, 768, -76]
[414, 753, 92]
[519, 952, 163]
[414, 941, 260]
[528, 977, 183]
[419, 969, 272]
[488, 1009, 55]
[395, 997, 137]
[465, 140, -249]
[480, 120, -247]
[488, 119, -247]
[497, 119, -247]
[463, 122, -228]
[458, 123, -228]
[454, 124, -228]
[523, 134, -183]
[463, 135, -93]
[483, 160, -225]
[459, 161, -197]
[594, 255, -178]
[421, 264, 34]
[611, 405, -224]
[395, 408, 77]
[530, 507, -339]
[330, 487, -97]
[517, 552, -386]
[305, 505, -125]
[494, 518, -395]
[309, 491, -166]
[496, 507, -343]
[313, 495, -118]
[541, 539, -69]
[428, 527, 69]
[542, 761, -61]
[429, 753, 100]
[536, 943, 196]
[428, 941, 264]
[545, 966, 215]
[432, 968, 273]
[506, 1004, 82]
[411, 997, 143]
[467, 142, -251]
[481, 122, -248]
[489, 121, -248]
[498, 121, -248]
[465, 124, -229]
[460, 125, -229]
[456, 126, -229]
[523, 136, -194]
[464, 136, -95]
[484, 162, -226]
[461, 163, -199]
[594, 256, -188]
[424, 264, 38]
[611, 405, -237]
[394, 405, 118]
[530, 501, -350]
[328, 471, -30]
[506, 532, -395]
[307, 491, -51]
[489, 513, -404]
[305, 471, -95]
[493, 502, -354]
[315, 463, -52]
[538, 539, -69]
[428, 526, 70]
[533, 758, -68]
[429, 749, 103]
[521, 938, 161]
[425, 935, 272]
[529, 961, 176]
[432, 962, 283]
[489, 997, 44]
[399, 990, 145]
[467, 142, -236]
[482, 122, -236]
[490, 122, -236]
[499, 122, -236]
[466, 124, -216]
[461, 125, -216]
[457, 127, -216]
[523, 137, -186]
[465, 137, -88]
[485, 163, -215]
[462, 164, -187]
[595, 256, -188]
[427, 265, 42]
[613, 410, -238]
[393, 406, 98]
[519, 495, -345]
[307, 460, -88]
[489, 523, -389]
[283, 472, -111]
[472, 513, -382]
[280, 455, -150]
[476, 495, -345]
[287, 460, -110]
[538, 539, -69]
[430, 526, 70]
[533, 759, -68]
[427, 751, 99]
[522, 938, 154]
[423, 937, 242]
[533, 962, 169]
[429, 964, 252]
[489, 997, 45]
[398, 991, 123]
[470, 143, -220]
[484, 123, -219]
[492, 122, -219]
[501, 123, -219]
[468, 125, -202]
[463, 126, -202]
[459, 128, -202]
[524, 137, -167]
[466, 138, -83]
[488, 163, -198]
[464, 164, -175]
[595, 256, -175]
[429, 267, 40]
[613, 411, -207]
[393, 406, 100]
[504, 470, -285]
[286, 443, -37]
[472, 511, -317]
[260, 453, -53]
[462, 487, -319]
[252, 436, -90]
[470, 475, -285]
[258, 437, -57]
[537, 540, -64]
[430, 527, 64]
[533, 759, -59]
[429, 754, 77]
[523, 939, 120]
[423, 944, 177]
[534, 963, 131]
[428, 974, 183]
[488, 998, 17]
[396, 994, 62]
[472, 144, -220]
[485, 124, -219]
[494, 124, -219]
[503, 124, -219]
[469, 126, -201]
[464, 127, -201]
[460, 128, -201]
[525, 138, -165]
[467, 139, -81]
[490, 164, -198]
[466, 165, -174]
[596, 257, -163]
[430, 267, 38]
[612, 413, -234]
[390, 405, 129]
[506, 435, -405]
[274, 423, 26]
[484, 454, -447]
[244, 430, 14]
[477, 437, -447]
[237, 418, -26]
[482, 416, -406]
[247, 417, 6]
[537, 540, -61]
[430, 528, 61]
[533, 759, -24]
[435, 752, 121]
[524, 938, 137]
[424, 944, 247]
[535, 962, 143]
[428, 974, 256]
[490, 997, 46]
[397, 989, 142]
[473, 144, -200]
[486, 124, -202]
[495, 124, -202]
[504, 124, -202]
[470, 127, -185]
[465, 128, -185]
[461, 129, -185]
[525, 139, -160]
[467, 140, -75]
[491, 165, -182]
[467, 165, -158]
[596, 257, -157]
[431, 269, 37]
[609, 420, -215]
[389, 404, 126]
[506, 450, -380]
[268, 411, 49]
[490, 470, -389]
[236, 422, 41]
[486, 447, -383]
[225, 406, 4]
[492, 437, -372]
[241, 402, 30]
[538, 541, -58]
[430, 530, 58]
[534, 760, -14]
[437, 753, 140]
[527, 939, 156]
[426, 944, 283]
[538, 962, 165]
[430, 974, 295]
[492, 997, 67]
[398, 989, 181]
[473, 145, -208]
[487, 125, -214]
[495, 125, -214]
[504, 126, -214]
[470, 127, -196]
[465, 129, -196]
[461, 130, -196]
[525, 140, -175]
[468, 141, -86]
[491, 166, -194]
[467, 166, -168]
[596, 257, -163]
[431, 268, 24]
[609, 420, -274]
[389, 403, 120]
[510, 402, -467]
[274, 395, 13]
[494, 400, -510]
[249, 407, 0]
[491, 380, -504]
[240, 388, -37]
[499, 378, -467]
[248, 383, -6]
[539, 539, -59]
[432, 529, 59]
[537, 754, -13]
[443, 747, 147]
[530, 933, 170]
[430, 938, 305]
[540, 957, 181]
[432, 969, 317]
[497, 989, 66]
[403, 980, 192]
[473, 147, -210]
[486, 127, -212]
[495, 127, -213]
[504, 127, -212]
[470, 129, -194]
[465, 130, -194]
[461, 131, -194]
[525, 141, -169]
[468, 142, -80]
[491, 167, -192]
[467, 167, -167]
[596, 257, -162]
[433, 268, 32]
[609, 415, -276]
[389, 398, 135]
[513, 391, -475]
[281, 386, 48]
[495, 392, -519]
[256, 400, 40]
[495, 366, -512]
[247, 383, 2]
[503, 365, -475]
[254, 373, 29]
[539, 535, -58]
[435, 527, 59]
[537, 745, -12]
[444, 736, 139]
[530, 926, 170]
[431, 927, 285]
[540, 949, 180]
[433, 957, 295]
[499, 979, 64]
[410, 972, 175]
[473, 147, -241]
[487, 127, -240]
[495, 127, -240]
[504, 128, -240]
[470, 129, -223]
[466, 130, -223]
[462, 131, -223]
[525, 141, -183]
[469, 142, -101]
[491, 168, -217]
[468, 168, -194]
[596, 257, -165]
[435, 268, 21]
[618, 415, -283]
[394, 397, 139]
[522, 386, -492]
[283, 367, 75]
[496, 381, -537]
[251, 364, 70]
[504, 362, -532]
[247, 349, 32]
[511, 362, -494]
[257, 351, 57]
[539, 535, -59]
[437, 527, 59]
[537, 744, -15]
[444, 737, 133]
[530, 925, 162]
[432, 929, 270]
[540, 949, 173]
[435, 958, 279]
[498, 979, 58]
[409, 974, 157]
[474, 147, -249]
[487, 127, -246]
[495, 127, -246]
[504, 128, -246]
[471, 129, -228]
[466, 130, -228]
[462, 131, -228]
[525, 142, -183]
[469, 142, -99]
[491, 168, -223]
[468, 168, -199]
[595, 257, -167]
[436, 266, 22]
[626, 414, -312]
[396, 394, 117]
[531, 376, -561]
[284, 355, -14]
[498, 368, -614]
[249, 347, -30]
[512, 350, -605]
[245, 331, -65]
[519, 352, -562]
[260, 335, -33]
[539, 535, -59]
[436, 526, 60]
[534, 744, -18]
[443, 735, 141]
[526, 924, 164]
[429, 925, 306]
[536, 948, 175]
[431, 954, 318]
[493, 977, 56]
[406, 972, 186]
[474, 147, -223]
[487, 127, -218]
[495, 127, -218]
[504, 128, -218]
[471, 129, -203]
[466, 130, -203]
[462, 131, -203]
[525, 142, -151]
[469, 142, -77]
[491, 168, -196]
[468, 168, -175]
[591, 257, -130]
[436, 263, 36]
[624, 404, -285]
[397, 383, 132]
[563, 378, -499]
[291, 346, 45]
[545, 379, -547]
[254, 339, 35]
[550, 353, -545]
[258, 324, 4]
[549, 353, -502]
[269, 327, 30]
[539, 532, -57]
[437, 525, 57]
[533, 738, -18]
[442, 732, 119]
[526, 917, 150]
[431, 922, 249]
[536, 940, 161]
[434, 950, 258]
[494, 971, 44]
[412, 969, 135]
[474, 148, -225]
[487, 128, -222]
[495, 128, -222]
[504, 128, -222]
[471, 130, -206]
[466, 131, -206]
[462, 132, -206]
[525, 142, -159]
[469, 143, -80]
[491, 168, -200]
[468, 168, -178]
[589, 257, -138]
[436, 263, 25]
[622, 403, -276]
[397, 383, 89]
[565, 372, -499]
[291, 336, -33]
[545, 371, -543]
[257, 328, -46]
[550, 344, -537]
[260, 313, -70]
[550, 344, -500]
[272, 316, -46]
[541, 532, -52]
[437, 525, 52]
[533, 739, -19]
[441, 732, 110]
[527, 919, 147]
[431, 922, 252]
[536, 943, 158]
[434, 952, 262]
[499, 973, 37]
[416, 972, 135]
[474, 148, -278]
[487, 128, -270]
[495, 128, -270]
[504, 129, -270]
[471, 130, -254]
[466, 131, -254]
[462, 133, -254]
[526, 143, -184]
[469, 144, -106]
[491, 169, -245]
[468, 169, -223]
[589, 258, -141]
[435, 265, 12]
[625, 403, -303]
[397, 385, 28]
[634, 348, -580]
[299, 331, -144]
[641, 331, -627]
[269, 321, -158]
[637, 309, -620]
[272, 305, -172]
[621, 319, -583]
[283, 310, -153]
[545, 531, -51]
[438, 525, 52]
[542, 738, -54]
[438, 733, 137]
[534, 920, 112]
[431, 921, 326]
[540, 944, 122]
[433, 947, 341]
[508, 975, -21]
[422, 972, 200]
[473, 149, -277]
[487, 128, -273]
[495, 128, -273]
[505, 129, -273]
[471, 130, -256]
[466, 132, -256]
[462, 133, -256]
[526, 143, -193]
[469, 144, -113]
[491, 169, -248]
[468, 169, -225]
[589, 258, -166]
[434, 267, 14]
[625, 404, -337]
[396, 390, 34]
[550, 327, -563]
[301, 320, -143]
[507, 310, -604]
[269, 307, -161]
[508, 296, -587]
[274, 293, -171]
[524, 304, -558]
[287, 298, -151]
[549, 531, -50]
[438, 525, 51]
[555, 739, -21]
[438, 733, 136]
[544, 920, 198]
[430, 922, 343]
[549, 945, 212]
[433, 947, 359]
[520, 979, 56]
[427, 983, 204]
[473, 149, -266]
[487, 129, -264]
[496, 129, -264]
[505, 129, -264]
[471, 131, -249]
[466, 132, -249]
[462, 133, -249]
[526, 144, -185]
[469, 144, -99]
[491, 169, -239]
[468, 170, -217]
[589, 257, -166]
[428, 267, 26]
[624, 407, -328]
[390, 393, -38]
[540, 326, -537]
[320, 320, -337]
[502, 309, -580]
[291, 302, -372]
[503, 296, -560]
[296, 288, -378]
[518, 302, -530]
[309, 296, -347]
[549, 530, -50]
[437, 526, 51]
[557, 737, -26]
[440, 734, 174]
[554, 920, 188]
[441, 920, 395]
[561, 945, 198]
[442, 946, 413]
[531, 978, 29]
[438, 981, 271]
[474, 149, -274]
[488, 129, -267]
[496, 129, -267]
[505, 130, -267]
[471, 131, -251]
[466, 132, -250]
[461, 133, -251]
[526, 144, -185]
[467, 144, -100]
[491, 169, -243]
[468, 170, -222]
[585, 257, -171]
[419, 267, 26]
[618, 418, -331]
[378, 398, -80]
[541, 327, -544]
[320, 311, -414]
[508, 311, -590]
[293, 294, -453]
[504, 297, -569]
[299, 279, -455]
[519, 303, -538]
[312, 288, -424]
[548, 530, -51]
[436, 527, 52]
[555, 737, -17]
[438, 738, 202]
[551, 926, 191]
[439, 924, 441]
[558, 955, 203]
[442, 950, 461]
[526, 985, 36]
[434, 987, 308]
[474, 150, -254]
[488, 130, -240]
[496, 131, -240]
[505, 132, -240]
[470, 131, -230]
[465, 132, -230]
[461, 133, -230]
[525, 145, -146]
[464, 144, -93]
[491, 170, -219]
[467, 170, -208]
[583, 258, -135]
[409, 267, 20]
[615, 421, -261]
[369, 398, -98]
[541, 327, -434]
[310, 305, -405]
[509, 309, -470]
[286, 290, -444]
[509, 296, -450]
[295, 274, -448]
[521, 303, -428]
[310, 281, -415]
[548, 529, -45]
[434, 527, 46]
[554, 735, -15]
[438, 737, 179]
[550, 923, 182]
[438, 921, 391]
[557, 952, 194]
[440, 947, 409]
[523, 982, 37]
[435, 985, 271]
[474, 150, -278]
[489, 131, -264]
[498, 132, -264]
[507, 133, -264]
[470, 132, -253]
[465, 133, -253]
[460, 134, -253]
[525, 146, -154]
[463, 145, -106]
[491, 171, -240]
[467, 171, -226]
[583, 261, -141]
[409, 267, 15]
[615, 424, -276]
[370, 401, -69]
[585, 328, -519]
[292, 305, -353]
[586, 310, -564]
[275, 290, -387]
[595, 291, -551]
[280, 275, -394]
[589, 299, -518]
[293, 281, -364]
[548, 529, -47]
[433, 527, 48]
[554, 737, -17]
[433, 741, 174]
[549, 926, 184]
[432, 922, 405]
[557, 955, 197]
[432, 947, 424]
[523, 986, 42]
[434, 987, 273]
[473, 150, -277]
[489, 132, -264]
[498, 133, -264]
[507, 134, -264]
[470, 132, -251]
[464, 133, -251]
[459, 134, -251]
[525, 146, -159]
[462, 145, -104]
[490, 171, -242]
[466, 171, -225]
[584, 265, -146]
[407, 268, 15]
[615, 425, -320]
[370, 404, -64]
[609, 317, -574]
[279, 303, -339]
[604, 290, -622]
[257, 289, -371]
[611, 271, -605]
[270, 275, -376]
[604, 282, -573]
[284, 280, -348]
[546, 529, -48]
[431, 527, 49]
[550, 742, -19]
[427, 745, 175]
[544, 933, 184]
[423, 925, 404]
[551, 963, 197]
[422, 950, 423]
[516, 991, 42]
[429, 991, 268]
[473, 151, -273]
[488, 132, -261]
[497, 133, -261]
[507, 134, -261]
[469, 132, -247]
[463, 133, -247]
[458, 134, -247]
[524, 147, -162]
[461, 145, -101]
[490, 171, -239]
[465, 171, -221]
[584, 265, -147]
[408, 269, 16]
[615, 425, -321]
[369, 404, -60]
[618, 321, -575]
[280, 305, -342]
[614, 297, -624]
[259, 290, -375]
[621, 278, -610]
[269, 278, -380]
[613, 287, -575]
[279, 282, -353]
[545, 529, -52]
[431, 527, 53]
[547, 743, -31]
[426, 746, 181]
[541, 934, 169]
[423, 925, 407]
[550, 963, 180]
[422, 950, 425]
[514, 991, 22]
[429, 990, 272]
[473, 151, -280]
[488, 132, -266]
[497, 133, -266]
[507, 135, -266]
[468, 133, -253]
[463, 133, -253]
[457, 134, -254]
[524, 147, -163]
[460, 146, -102]
[490, 172, -243]
[465, 171, -227]
[584, 265, -148]
[409, 270, 16]
[615, 425, -324]
[358, 393, -77]
[606, 325, -579]
[272, 298, -370]
[597, 302, -629]
[246, 288, -405]
[602, 282, -612]
[256, 277, -410]
[598, 291, -578]
[262, 280, -381]
[545, 529, -54]
[431, 527, 55]
[547, 743, -35]
[426, 745, 185]
[541, 934, 172]
[424, 925, 424]
[549, 963, 184]
[422, 950, 444]
[513, 991, 26]
[428, 990, 290]
[473, 151, -276]
[489, 133, -264]
[498, 133, -264]
[507, 135, -264]
[468, 133, -251]
[463, 133, -251]
[457, 134, -251]
[524, 147, -164]
[461, 146, -102]
[490, 172, -242]
[465, 171, -224]
[584, 265, -148]
[410, 270, 16]
[616, 425, -329]
[365, 401, -65]
[611, 321, -595]
[279, 302, -352]
[602, 297, -645]
[249, 291, -385]
[608, 277, -627]
[257, 279, -391]
[602, 286, -593]
[264, 282, -362]
[544, 529, -56]
[431, 527, 57]
[546, 742, -44]
[426, 745, 184]
[540, 933, 164]
[424, 924, 421]
[549, 962, 176]
[423, 949, 441]
[512, 989, 20]
[427, 988, 289]
[473, 151, -298]
[490, 133, -286]
[499, 133, -286]
[509, 135, -286]
[468, 133, -271]
[463, 133, -271]
[457, 134, -271]
[524, 147, -184]
[461, 146, -114]
[491, 172, -262]
[465, 172, -242]
[584, 265, -167]
[410, 270, 17]
[616, 427, -351]
[366, 401, -30]
[603, 325, -623]
[275, 301, -261]
[595, 303, -675]
[247, 290, -285]
[601, 283, -660]
[258, 278, -288]
[596, 292, -623]
[267, 282, -269]
[544, 529, -60]
[431, 527, 61]
[546, 746, -51]
[426, 748, 193]
[540, 935, 167]
[424, 926, 450]
[549, 963, 181]
[422, 950, 472]
[512, 992, 23]
[427, 990, 317]
[473, 152, -304]
[491, 133, -292]
[500, 133, -292]
[510, 135, -292]
[469, 133, -276]
[463, 133, -276]
[458, 134, -276]
[525, 147, -190]
[461, 146, -115]
[492, 173, -267]
[465, 172, -245]
[584, 265, -171]
[413, 269, 19]
[618, 425, -352]
[366, 393, 5]
[600, 327, -619]
[276, 302, -198]
[590, 309, -671]
[253, 287, -218]
[595, 285, -659]
[259, 280, -225]
[591, 294, -619]
[268, 284, -205]
[545, 530, -64]
[431, 528, 64]
[546, 746, -55]
[427, 747, 198]
[540, 935, 167]
[425, 925, 455]
[549, 963, 181]
[424, 950, 477]
[512, 992, 25]
[427, 990, 328]
[474, 152, -297]
[491, 132, -290]
[501, 133, -290]
[510, 134, -290]
[469, 133, -272]
[464, 133, -272]
[458, 134, -272]
[525, 147, -206]
[462, 146, -117]
[493, 173, -265]
[465, 172, -241]
[587, 265, -193]
[418, 269, 19]
[620, 423, -372]
[372, 393, -22]
[560, 328, -620]
[305, 307, -305]
[533, 310, -671]
[279, 289, -337]
[541, 287, -652]
[285, 281, -343]
[542, 299, -615]
[296, 286, -315]
[545, 530, -65]
[431, 528, 66]
[546, 746, -50]
[427, 745, 207]
[540, 934, 171]
[425, 924, 463]
[549, 963, 184]
[424, 950, 485]
[511, 991, 26]
[426, 988, 333]
[474, 151, -307]
[492, 132, -302]
[501, 132, -302]
[510, 133, -302]
[470, 132, -282]
[465, 133, -282]
[460, 134, -282]
[525, 146, -220]
[463, 145, -127]
[494, 173, -276]
[465, 172, -250]
[591, 263, -198]
[425, 264, 13]
[621, 423, -380]
[384, 394, -14]
[560, 332, -643]
[309, 313, -265]
[535, 315, -695]
[282, 298, -290]
[549, 288, -679]
[285, 286, -301]
[547, 307, -640]
[296, 290, -276]
[544, 530, -65]
[432, 528, 65]
[545, 746, -49]
[427, 744, 200]
[540, 933, 177]
[425, 924, 454]
[548, 962, 192]
[424, 950, 476]
[511, 991, 34]
[426, 988, 324]
[476, 151, -322]
[493, 132, -317]
[502, 132, -317]
[511, 133, -317]
[471, 132, -298]
[466, 133, -298]
[461, 134, -298]
[526, 146, -233]
[464, 145, -141]
[496, 173, -290]
[467, 172, -264]
[593, 263, -196]
[430, 264, 0]
[623, 419, -370]
[391, 394, 3]
[563, 334, -646]
[308, 325, -221]
[554, 326, -700]
[279, 317, -244]
[563, 298, -688]
[283, 300, -264]
[561, 309, -646]
[294, 303, -235]
[544, 530, -64]
[432, 527, 65]
[544, 746, -51]
[426, 742, 196]
[537, 932, 177]
[423, 922, 444]
[544, 959, 191]
[423, 948, 465]
[508, 990, 34]
[421, 986, 313]
[477, 151, -311]
[494, 132, -306]
[502, 132, -307]
[511, 133, -306]
[472, 132, -287]
[467, 133, -287]
[463, 134, -288]
[526, 146, -234]
[468, 145, -140]
[496, 173, -280]
[468, 172, -255]
[595, 263, -199]
[434, 263, -2]
[620, 417, -364]
[395, 394, 27]
[561, 351, -624]
[308, 332, -161]
[535, 338, -675]
[279, 326, -178]
[546, 317, -661]
[283, 309, -201]
[551, 327, -622]
[294, 310, -175]
[544, 531, -64]
[433, 527, 65]
[544, 746, -66]
[427, 742, 190]
[537, 930, 143]
[425, 922, 431]
[544, 957, 156]
[426, 948, 451]
[509, 989, 9]
[421, 985, 310]
[477, 151, -259]
[494, 132, -260]
[502, 132, -260]
[511, 133, -260]
[472, 132, -242]
[468, 133, -242]
[463, 134, -242]
[527, 146, -209]
[468, 145, -118]
[496, 172, -235]
[468, 172, -210]
[596, 263, -195]
[435, 262, 24]
[618, 416, -302]
[398, 391, 149]
[543, 377, -492]
[299, 345, 89]
[502, 391, -531]
[275, 344, 90]
[514, 350, -521]
[269, 320, 64]
[519, 353, -490]
[283, 322, 76]
[544, 531, -66]
[434, 527, 66]
[543, 745, -60]
[428, 738, 169]
[537, 926, 151]
[428, 920, 376]
[544, 951, 165]
[431, 946, 393]
[509, 985, 29]
[421, 979, 261]
[477, 152, -239]
[493, 132, -241]
[502, 132, -241]
[511, 133, -241]
[473, 133, -223]
[468, 134, -223]
[463, 134, -223]
[527, 146, -192]
[469, 145, -104]
[496, 173, -217]
[468, 173, -192]
[600, 263, -184]
[438, 262, 32]
[622, 417, -271]
[401, 390, 163]
[531, 392, -438]
[299, 354, 108]
[490, 393, -476]
[271, 349, 107]
[501, 366, -467]
[265, 331, 78]
[507, 368, -436]
[280, 334, 94]
[546, 531, -65]
[437, 526, 66]
[544, 744, -32]
[441, 735, 143]
[539, 924, 155]
[437, 920, 311]
[548, 949, 168]
[441, 947, 324]
[509, 982, 42]
[423, 974, 196]
[477, 152, -236]
[493, 132, -237]
[502, 132, -237]
[510, 133, -237]
[473, 133, -217]
[468, 134, -217]
[463, 134, -217]
[527, 146, -187]
[470, 146, -90]
[496, 173, -213]
[469, 173, -186]
[601, 263, -177]
[438, 262, 44]
[618, 417, -272]
[401, 390, 116]
[527, 437, -444]
[295, 363, -28]
[495, 453, -486]
[264, 354, -43]
[494, 426, -481]
[258, 338, -72]
[500, 420, -444]
[274, 343, -44]
[547, 531, -65]
[439, 524, 66]
[544, 743, -66]
[443, 730, 70]
[540, 922, 114]
[440, 920, 212]
[550, 947, 126]
[445, 948, 222]
[510, 980, -3]
[423, 972, 84]
[477, 152, -245]
[493, 132, -245]
[502, 132, -245]
[510, 133, -245]
[473, 133, -225]
[468, 134, -225]
[463, 134, -226]
[527, 146, -186]
[470, 146, -93]
[496, 173, -220]
[469, 173, -193]
[602, 264, -172]
[438, 262, 48]
[619, 417, -273]
[399, 389, 161]
[534, 426, -465]
[292, 372, 77]
[502, 443, -511]
[260, 362, 71]
[510, 415, -508]
[259, 353, 36]
[511, 403, -467]
[270, 353, 60]
[548, 529, -68]
[440, 522, 69]
[542, 737, -61]
[442, 726, 120]
[538, 914, 126]
[440, 911, 312]
[548, 939, 138]
[444, 938, 328]
[507, 967, 5]
[423, 961, 178]
[477, 152, -229]
[493, 132, -227]
[502, 132, -227]
[510, 133, -227]
[473, 133, -210]
[468, 133, -210]
[464, 134, -211]
[528, 146, -170]
[470, 146, -88]
[496, 172, -205]
[469, 172, -182]
[602, 263, -162]
[438, 262, 43]
[620, 417, -264]
[397, 389, 165]
[538, 414, -454]
[278, 385, 109]
[510, 429, -497]
[241, 383, 105]
[513, 395, -493]
[235, 380, 67]
[517, 390, -455]
[248, 372, 90]
[549, 529, -65]
[440, 522, 66]
[542, 736, -47]
[443, 726, 122]
[538, 912, 131]
[440, 911, 281]
[548, 936, 141]
[444, 939, 293]
[506, 967, 32]
[422, 961, 166]
[477, 151, -257]
[493, 131, -256]
[502, 132, -256]
[510, 132, -256]
[474, 132, -238]
[469, 133, -238]
[464, 134, -238]
[528, 146, -194]
[470, 145, -107]
[496, 172, -231]
[469, 171, -206]
[602, 263, -180]
[437, 261, 35]
[622, 419, -280]
[397, 391, 143]
[540, 412, -481]
[282, 396, 47]
[513, 417, -509]
[256, 396, 36]
[517, 388, -512]
[250, 384, -2]
[519, 386, -479]
[250, 383, 28]
[549, 529, -65]
[442, 522, 66]
[545, 737, -32]
[443, 727, 132]
[539, 912, 180]
[440, 911, 306]
[549, 936, 195]
[444, 938, 319]
[508, 968, 64]
[422, 961, 194]
[478, 151, -257]
[493, 131, -256]
[502, 131, -256]
[511, 132, -256]
[474, 132, -238]
[469, 133, -238]
[464, 133, -239]
[529, 145, -194]
[470, 145, -106]
[496, 171, -231]
[470, 171, -206]
[602, 263, -180]
[437, 261, 37]
[623, 423, -258]
[396, 393, 137]
[542, 429, -406]
[285, 409, -26]
[515, 444, -448]
[272, 419, -43]
[518, 416, -445]
[264, 398, -79]
[521, 411, -406]
[273, 395, -45]
[550, 529, -68]
[442, 522, 68]
[545, 737, -34]
[442, 728, 176]
[539, 913, 171]
[440, 911, 373]
[549, 938, 185]
[443, 939, 390]
[506, 969, 52]
[421, 962, 265]
[478, 151, -219]
[493, 131, -221]
[502, 131, -221]
[511, 132, -221]
[474, 132, -202]
[469, 132, -202]
[464, 133, -202]
[529, 145, -171]
[470, 144, -80]
[496, 171, -198]
[470, 170, -172]
[602, 263, -169]
[436, 261, 51]
[623, 422, -229]
[396, 394, 155]
[542, 445, -358]
[294, 422, 66]
[517, 468, -396]
[275, 441, 59]
[517, 443, -395]
[265, 425, 21]
[520, 429, -358]
[278, 417, 47]
[550, 528, -67]
[443, 521, 68]
[542, 736, -36]
[442, 728, 173]
[534, 910, 149]
[440, 911, 332]
[544, 934, 162]
[443, 938, 345]
[501, 965, 48]
[415, 961, 233]
[478, 150, -233]
[494, 131, -232]
[502, 131, -232]
[511, 132, -232]
[474, 132, -214]
[469, 132, -214]
[464, 133, -214]
[529, 145, -174]
[470, 144, -85]
[496, 171, -208]
[470, 170, -183]
[602, 263, -182]
[437, 260, 49]
[622, 422, -226]
[400, 395, 136]
[530, 474, -326]
[309, 440, 42]
[504, 498, -366]
[288, 464, 41]
[497, 486, -367]
[281, 449, -41]
[503, 474, -326]
[295, 441, 23]
[543, 529, -68]
[443, 520, 69]
[531, 745, -37]
[433, 732, 168]
[522, 920, 152]
[431, 915, 336]
[531, 947, 165]
[436, 944, 350]
[489, 973, 47]
[402, 965, 230]
[478, 150, -226]
[494, 131, -228]
[502, 131, -228]
[511, 131, -228]
[474, 132, -207]
[469, 132, -207]
[464, 133, -207]
[530, 144, -178]
[471, 144, -84]
[496, 171, -206]
[470, 170, -177]
[602, 263, -198]
[438, 260, 55]
[621, 420, -228]
[403, 396, 151]
[528, 497, -296]
[312, 452, 47]
[506, 525, -335]
[288, 469, 37]
[487, 512, -339]
[282, 457, -9]
[494, 500, -297]
[293, 454, 25]
[543, 530, -74]
[444, 520, 75]
[531, 754, -74]
[433, 737, 133]
[520, 931, 118]
[430, 924, 269]
[531, 957, 131]
[436, 954, 278]
[486, 983, 17]
[397, 970, 161]
[477, 150, -233]
[493, 131, -234]
[501, 131, -234]
[510, 131, -234]
[474, 132, -214]
[469, 132, -214]
[464, 133, -214]
[530, 144, -188]
[471, 144, -86]
[496, 170, -210]
[470, 170, -184]
[602, 262, -203]
[439, 260, 54]
[623, 416, -234]
[406, 395, 159]
[529, 507, -317]
[335, 461, 44]
[506, 535, -360]
[308, 481, 30]
[486, 521, -366]
[306, 466, -13]
[493, 510, -319]
[316, 471, 22]
[542, 531, -76]
[445, 520, 76]
[530, 757, -72]
[432, 738, 112]
[517, 933, 149]
[425, 925, 268]
[527, 959, 165]
[430, 954, 279]
[483, 986, 44]
[395, 972, 149]
[476, 150, -232]
[491, 130, -232]
[500, 131, -233]
[508, 131, -233]
[474, 132, -212]
[469, 132, -212]
[464, 133, -212]
[530, 144, -180]
[471, 144, -78]
[494, 170, -208]
[469, 170, -180]
[602, 262, -185]
[439, 260, 55]
[623, 415, -208]
[406, 395, 151]
[530, 508, -309]
[350, 476, 24]
[511, 536, -353]
[325, 495, 10]
[489, 520, -363]
[320, 490, -25]
[497, 510, -314]
[333, 486, 4]
[546, 532, -75]
[445, 522, 75]
[535, 756, -70]
[432, 742, 98]
[520, 932, 162]
[425, 926, 256]
[528, 958, 179]
[430, 955, 267]
[487, 986, 54]
[395, 977, 136]
[476, 150, -252]
[491, 130, -251]
[499, 130, -251]
[508, 130, -251]
[474, 132, -232]
[469, 132, -232]
[464, 133, -232]
[530, 143, -189]
[471, 143, -98]
[494, 170, -226]
[469, 170, -200]
[602, 261, -189]
[438, 260, 33]
[623, 414, -215]
[406, 398, 130]
[537, 517, -310]
[343, 486, 2]
[529, 550, -354]
[322, 508, -17]
[507, 534, -366]
[319, 504, -64]
[506, 521, -315]
[328, 498, -21]
[546, 534, -75]
[443, 522, 75]
[536, 761, -68]
[432, 745, 113]
[522, 941, 168]
[426, 933, 281]
[531, 967, 184]
[431, 962, 293]
[492, 996, 56]
[396, 983, 161]
[475, 150, -252]
[491, 129, -251]
[499, 129, -251]
[508, 129, -251]
[473, 131, -231]
[469, 132, -231]
[464, 133, -232]
[530, 141, -189]
[471, 143, -95]
[494, 169, -226]
[469, 170, -199]
[602, 260, -189]
[438, 259, 33]
[623, 412, -217]
[405, 397, 140]
[541, 524, -315]
[350, 488, 14]
[537, 556, -359]
[329, 510, -5]
[515, 541, -372]
[325, 506, -50]
[515, 529, -321]
[336, 500, -7]
[544, 537, -75]
[435, 523, 75]
[530, 761, -62]
[422, 744, 120]
[515, 941, 181]
[414, 932, 286]
[522, 968, 198]
[419, 961, 298]
[487, 997, 65]
[390, 984, 172]
[473, 149, -245]
[489, 129, -248]
[497, 128, -248]
[506, 128, -248]
[472, 131, -225]
[467, 132, -225]
[463, 133, -225]
[530, 141, -197]
[471, 143, -91]
[491, 169, -224]
[468, 169, -193]
[602, 261, -205]
[437, 259, 42]
[622, 412, -232]
[405, 398, 129]
[542, 536, -328]
[348, 492, -26]
[536, 577, -374]
[325, 515, -46]
[515, 561, -382]
[321, 509, -90]
[513, 535, -332]
[333, 504, -49]
[535, 543, -80]
[429, 525, 81]
[515, 765, -100]
[405, 744, 101]
[499, 948, 129]
[398, 933, 252]
[506, 975, 144]
[403, 962, 261]
[469, 1002, 8]
[372, 985, 123]
[470, 148, -243]
[486, 128, -246]
[494, 128, -246]
[502, 127, -247]
[469, 130, -223]
[465, 131, -223]
[461, 132, -223]
[529, 140, -197]
[471, 142, -91]
[488, 167, -224]
[466, 168, -193]
[600, 260, -205]
[436, 259, 40]
[618, 412, -230]
[405, 398, 125]
[549, 543, -314]
[350, 494, -17]
[550, 595, -359]
[324, 515, -35]
[527, 582, -373]
[323, 507, -80]
[523, 562, -320]
[334, 509, -39]
[531, 542, -81]
[427, 526, 82]
[512, 764, -93]
[408, 740, 106]
[498, 946, 129]
[400, 930, 264]
[506, 972, 143]
[405, 960, 274]
[467, 1001, 12]
[373, 979, 141]
[468, 146, -238]
[483, 126, -241]
[491, 126, -242]
[500, 125, -242]
[466, 128, -217]
[461, 129, -217]
[457, 130, -217]
[527, 139, -196]
[469, 140, -86]
[486, 165, -220]
[464, 166, -187]
[599, 261, -208]
[434, 259, 47]
[611, 417, -231]
[405, 401, 121]
[549, 548, -320]
[351, 499, -37]
[545, 602, -366]
[327, 520, -57]
[525, 586, -379]
[328, 509, -101]
[523, 567, -325]
[338, 513, -60]
[530, 543, -82]
[424, 527, 82]
[515, 766, -108]
[409, 744, 91]
[502, 949, 119]
[403, 935, 241]
[510, 976, 133]
[407, 965, 250]
[470, 1005, 0]
[376, 985, 114]
[465, 144, -249]
[481, 125, -251]
[489, 124, -251]
[498, 124, -251]
[463, 127, -228]
[458, 127, -228]
[454, 128, -228]
[525, 137, -200]
[467, 139, -93]
[483, 163, -229]
[461, 164, -198]
[598, 261, -207]
[432, 259, 34]
[608, 419, -231]
[406, 406, 98]
[567, 562, -314]
[358, 507, -63]
[571, 611, -358]
[332, 529, -85]
[546, 604, -375]
[336, 524, -129]
[543, 583, -322]
[347, 523, -86]
[531, 543, -81]
[425, 527, 81]
[525, 767, -82]
[413, 749, 97]
[518, 952, 146]
[408, 944, 257]
[526, 979, 160]
[411, 976, 269]
[485, 1009, 4]
[383, 994, 134]
[465, 142, -258]
[481, 123, -258]
[489, 123, -258]
[497, 122, -259]
[462, 126, -238]
[457, 126, -238]
[452, 127, -238]
[524, 136, -204]
[464, 138, -105]
[483, 162, -235]
[460, 163, -207]
[596, 259, -213]
[431, 259, 26]
[607, 419, -232]
[413, 410, 106]
[567, 564, -301]
[375, 516, -24]
[573, 612, -343]
[364, 553, -38]
[548, 606, -357]
[368, 548, -82]
[544, 586, -307]
[372, 530, -45]
[531, 543, -82]
[425, 527, 82]
[529, 768, -57]
[421, 754, 137]
[524, 957, 151]
[416, 950, 296]
[532, 988, 162]
[418, 983, 306]
[490, 1013, 11]
[388, 999, 165]
[464, 140, -256]
[480, 121, -256]
[488, 121, -256]
[497, 121, -256]
[461, 124, -236]
[456, 124, -235]
[451, 125, -236]
[523, 134, -203]
[461, 136, -103]
[482, 160, -233]
[459, 161, -205]
[594, 258, -210]
[431, 257, 29]
[606, 419, -227]
[418, 409, 106]
[567, 560, -293]
[389, 515, -14]
[573, 609, -334]
[383, 553, -29]
[549, 603, -348]
[386, 547, -71]
[546, 583, -299]
[390, 528, -35]
[532, 543, -82]
[426, 527, 82]
[529, 768, -58]
[421, 755, 133]
[522, 958, 148]
[415, 952, 289]
[530, 989, 159]
[418, 985, 297]
[489, 1013, 13]
[387, 1002, 152]
[464, 139, -261]
[480, 120, -259]
[489, 120, -260]
[497, 120, -260]
[460, 122, -240]
[455, 123, -240]
[449, 123, -240]
[522, 133, -203]
[457, 135, -103]
[482, 159, -236]
[458, 160, -208]
[592, 258, -210]
[429, 256, 28]
[605, 420, -222]
[418, 409, 109]
[569, 565, -292]
[387, 516, -14]
[574, 616, -335]
[379, 553, -29]
[550, 611, -350]
[383, 548, -72]
[546, 590, -299]
[390, 530, -35]
[532, 543, -82]
[426, 527, 82]
[529, 769, -46]
[421, 757, 140]
[521, 961, 160]
[413, 955, 296]
[527, 992, 170]
[415, 989, 306]
[487, 1015, 14]
[385, 1006, 152]
[464, 138, -268]
[480, 119, -266]
[488, 119, -266]
[497, 119, -266]
[460, 120, -247]
[454, 121, -246]
[448, 121, -247]
[522, 132, -202]
[456, 132, -106]
[482, 157, -242]
[458, 159, -215]
[590, 257, -208]
[428, 256, 21]
[605, 421, -222]
[417, 408, 111]
[581, 571, -298]
[383, 520, -9]
[585, 623, -341]
[371, 556, -25]
[558, 622, -357]
[377, 548, -69]
[553, 600, -305]
[382, 534, -31]
[533, 543, -81]
[427, 527, 82]
[529, 768, -35]
[421, 758, 154]
[521, 961, 178]
[413, 955, 331]
[528, 992, 190]
[415, 988, 343]
[488, 1016, 31]
[386, 1007, 185]
