[491, 101, -170]
[515, 77, -180]
[525, 78, -181]
[534, 80, -181]
[496, 76, -157]
[492, 75, -157]
[489, 75, -157]
[562, 94, -195]
[505, 86, -67]
[508, 124, -171]
[488, 121, -130]
[641, 233, -222]
[476, 208, 14]
[623, 398, -218]
[455, 337, 107]
[528, 542, -183]
[436, 438, 75]
[535, 585, -209]
[431, 470, 75]
[482, 578, -212]
[432, 469, 43]
[477, 547, -181]
[438, 457, 60]
[565, 509, -57]
[482, 486, 57]
[557, 694, 1]
[479, 674, 180]
[550, 856, 170]
[482, 833, 353]
[556, 883, 177]
[486, 858, 368]
[519, 900, 76]
[459, 880, 285]
[495, 103, -168]
[517, 78, -181]
[526, 78, -181]
[535, 79, -181]
[500, 77, -155]
[496, 77, -155]
[493, 77, -155]
[566, 94, -196]
[514, 87, -66]
[514, 125, -170]
[494, 122, -130]
[652, 241, -215]
[481, 210, 13]
[641, 408, -206]
[459, 344, 106]
[559, 551, -173]
[441, 455, 63]
[563, 605, -205]
[433, 486, 61]
[495, 586, -198]
[438, 488, 31]
[482, 562, -173]
[442, 476, 48]
[567, 517, -56]
[482, 491, 57]
[557, 706, -5]
[474, 687, 184]
[553, 881, 164]
[477, 856, 359]
[563, 912, 173]
[480, 885, 375]
[520, 929, 62]
[456, 908, 281]
[495, 96, -182]
[516, 73, -195]
[525, 73, -195]
[534, 75, -195]
[499, 73, -167]
[496, 73, -167]
[492, 74, -167]
[566, 93, -205]
[512, 84, -79]
[513, 120, -185]
[494, 118, -146]
[655, 247, -229]
[480, 212, 10]
[641, 420, -221]
[459, 348, 90]
[561, 561, -197]
[444, 451, 51]
[559, 615, -226]
[438, 485, 49]
[510, 595, -231]
[443, 483, 19]
[498, 569, -198]
[448, 475, 36]
[567, 523, -62]
[482, 496, 62]
[554, 703, -27]
[474, 678, 191]
[554, 870, 130]
[479, 840, 370]
[565, 898, 139]
[483, 868, 387]
[518, 915, 37]
[453, 887, 310]
[495, 99, -183]
[517, 75, -195]
[526, 75, -195]
[536, 76, -195]
[499, 75, -169]
[496, 75, -169]
[492, 76, -169]
[567, 93, -195]
[512, 86, -80]
[515, 121, -182]
[495, 119, -147]
[659, 250, -209]
[479, 213, 2]
[640, 419, -200]
[460, 349, 74]
[562, 558, -193]
[450, 459, 32]
[555, 618, -213]
[445, 493, 29]
[518, 593, -212]
[449, 495, 0]
[507, 568, -192]
[453, 482, 18]
[568, 523, -56]
[482, 498, 56]
[554, 701, -21]
[475, 636, 179]
[555, 864, 129]
[479, 837, 350]
[566, 890, 139]
[483, 864, 366]
[519, 913, 40]
[453, 884, 288]
[496, 97, -185]
[519, 74, -196]
[529, 75, -196]
[538, 76, -196]
[501, 74, -170]
[497, 74, -170]
[493, 75, -171]
[571, 93, -193]
[512, 84, -80]
[516, 120, -182]
[496, 118, -149]
[661, 248, -208]
[478, 213, 1]
[643, 416, -197]
[459, 352, 72]
[564, 552, -187]
[444, 462, 22]
[555, 618, -210]
[437, 497, 16]
[522, 588, -216]
[442, 498, -12]
[514, 560, -187]
[447, 484, 8]
[569, 524, -56]
[481, 500, 56]
[555, 702, -17]
[476, 665, 184]
[558, 866, 134]
[482, 837, 359]
[569, 893, 143]
[486, 865, 376]
[519, 916, 46]
[454, 883, 301]
[496, 95, -198]
[520, 72, -209]
[529, 73, -209]
[539, 75, -209]
[501, 71, -182]
[497, 72, -182]
[494, 72, -183]
[571, 93, -208]
[515, 83, -88]
[515, 119, -195]
[496, 117, -159]
[660, 249, -227]
[478, 213, 0]
[640, 423, -215]
[461, 351, 76]
[564, 558, -198]
[447, 459, 32]
[555, 628, -224]
[440, 493, 28]
[524, 617, -232]
[443, 491, 0]
[519, 564, -199]
[449, 477, 18]
[569, 525, -59]
[480, 500, 59]
[555, 702, -18]
[476, 673, 192]
[558, 868, 137]
[484, 839, 374]
[569, 895, 148]
[489, 868, 391]
[519, 917, 52]
[453, 883, 319]
[495, 94, -210]
[520, 71, -221]
[529, 72, -221]
[538, 73, -222]
[501, 70, -194]
[497, 70, -194]
[493, 71, -194]
[570, 92, -224]
[516, 81, -97]
[514, 118, -207]
[495, 117, -171]
[658, 248, -245]
[479, 213, -3]
[641, 424, -235]
[464, 350, 83]
[565, 560, -213]
[449, 459, 49]
[555, 627, -240]
[443, 494, 48]
[524, 616, -247]
[445, 492, 17]
[521, 567, -213]
[450, 477, 35]
[569, 526, -64]
[480, 500, 65]
[554, 703, -21]
[475, 624, 203]
[558, 871, 137]
[485, 838, 390]
[568, 899, 148]
[491, 868, 408]
[518, 917, 53]
[451, 881, 338]
[495, 92, -203]
[520, 70, -214]
[529, 71, -214]
[538, 72, -214]
[501, 69, -189]
[497, 69, -189]
[494, 70, -189]
[570, 91, -210]
[517, 80, -96]
[514, 118, -198]
[495, 116, -165]
[659, 248, -228]
[480, 213, 0]
[641, 425, -220]
[464, 349, 95]
[566, 561, -203]
[447, 456, 65]
[557, 627, -229]
[442, 489, 65]
[527, 617, -235]
[445, 491, 35]
[521, 569, -203]
[450, 477, 51]
[570, 525, -63]
[480, 500, 63]
[554, 701, -23]
[475, 615, 198]
[558, 868, 136]
[486, 836, 382]
[568, 895, 147]
[492, 865, 399]
[518, 917, 53]
[450, 879, 329]
[496, 91, -201]
[521, 68, -213]
[530, 70, -213]
[539, 71, -213]
[502, 68, -184]
[498, 68, -184]
[495, 68, -185]
[571, 90, -205]
[517, 79, -88]
[514, 117, -196]
[495, 115, -162]
[660, 246, -223]
[480, 212, 4]
[643, 422, -215]
[464, 349, 93]
[567, 553, -200]
[448, 456, 51]
[556, 622, -223]
[443, 488, 48]
[529, 612, -228]
[442, 490, 17]
[524, 556, -200]
[450, 479, 36]
[571, 526, -63]
[480, 500, 64]
[554, 702, -28]
[479, 655, 197]
[558, 869, 128]
[487, 836, 379]
[568, 896, 139]
[493, 865, 396]
[518, 918, 43]
[451, 879, 326]
[496, 91, -187]
[521, 69, -200]
[530, 70, -200]
[539, 72, -201]
[502, 68, -172]
[498, 69, -172]
[495, 69, -172]
[571, 90, -202]
[518, 80, -78]
[514, 117, -186]
[495, 115, -149]
[662, 246, -218]
[482, 212, 8]
[644, 423, -212]
[465, 349, 90]
[568, 554, -191]
[447, 457, 41]
[556, 624, -216]
[440, 491, 37]
[530, 613, -224]
[440, 489, 6]
[526, 559, -191]
[449, 478, 26]
[571, 526, -62]
[480, 499, 63]
[554, 702, -34]
[481, 665, 195]
[557, 869, 111]
[487, 836, 364]
[568, 896, 120]
[493, 865, 379]
[516, 919, 27]
[451, 879, 319]
[496, 92, -180]
[521, 70, -193]
[530, 71, -193]
[539, 72, -193]
[502, 69, -166]
[498, 69, -166]
[495, 69, -166]
[571, 90, -202]
[519, 80, -76]
[514, 117, -180]
[495, 116, -143]
[662, 246, -215]
[483, 212, 8]
[644, 423, -206]
[465, 348, 89]
[570, 551, -181]
[447, 455, 47]
[555, 623, -205]
[438, 491, 44]
[530, 612, -213]
[439, 488, 14]
[529, 554, -182]
[449, 477, 32]
[571, 525, -62]
[480, 499, 62]
[555, 701, -33]
[483, 667, 181]
[557, 868, 110]
[488, 836, 340]
[568, 895, 119]
[493, 864, 355]
[517, 918, 28]
[451, 879, 291]
[497, 92, -192]
[521, 70, -205]
[530, 71, -205]
[539, 72, -205]
[502, 69, -178]
[499, 70, -178]
[496, 70, -179]
[572, 90, -212]
[520, 80, -90]
[515, 118, -191]
[497, 116, -155]
[663, 247, -227]
[483, 211, -4]
[644, 422, -212]
[466, 348, 86]
[569, 551, -187]
[450, 458, 34]
[552, 624, -212]
[444, 491, 32]
[529, 612, -219]
[446, 493, 2]
[530, 556, -187]
[453, 481, 20]
[572, 525, -61]
[481, 499, 61]
[556, 698, -33]
[483, 608, 181]
[558, 864, 115]
[491, 827, 344]
[568, 890, 124]
[495, 856, 359]
[518, 914, 33]
[452, 866, 296]
[499, 92, -206]
[522, 70, -218]
[531, 71, -218]
[540, 73, -219]
[504, 69, -193]
[500, 70, -193]
[497, 70, -193]
[574, 90, -221]
[521, 80, -102]
[517, 118, -203]
[499, 116, -169]
[664, 247, -238]
[484, 210, -10]
[645, 421, -222]
[465, 348, 81]
[569, 550, -203]
[449, 457, 42]
[551, 623, -229]
[443, 489, 43]
[529, 598, -235]
[445, 491, 11]
[530, 555, -203]
[452, 480, 28]
[572, 525, -61]
[481, 499, 62]
[555, 696, -31]
[483, 601, 182]
[557, 860, 118]
[491, 821, 344]
[567, 886, 127]
[495, 851, 360]
[517, 909, 42]
[451, 858, 305]
[502, 93, -209]
[524, 70, -220]
[533, 71, -220]
[542, 73, -220]
[506, 69, -195]
[502, 70, -195]
[499, 70, -195]
[577, 90, -221]
[521, 81, -103]
[520, 118, -205]
[502, 116, -171]
[667, 246, -237]
[485, 209, -12]
[646, 420, -223]
[465, 348, 78]
[569, 548, -208]
[448, 458, 39]
[549, 619, -236]
[443, 490, 38]
[530, 593, -241]
[446, 493, 6]
[531, 553, -208]
[452, 481, 24]
[574, 525, -61]
[482, 499, 61]
[556, 695, -30]
[483, 601, 182]
[557, 858, 121]
[493, 818, 346]
[568, 884, 131]
[498, 848, 362]
[517, 907, 50]
[452, 856, 305]
[505, 93, -209]
[527, 71, -221]
[536, 71, -221]
[545, 73, -221]
[509, 70, -195]
[505, 70, -195]
[502, 71, -195]
[579, 90, -222]
[523, 81, -103]
[523, 118, -206]
[505, 116, -171]
[669, 246, -237]
[486, 207, -13]
[648, 419, -223]
[465, 345, 83]
[570, 546, -208]
[448, 456, 55]
[556, 607, -235]
[442, 488, 57]
[531, 592, -240]
[445, 490, 24]
[533, 551, -208]
[452, 479, 41]
[574, 524, -61]
[481, 498, 61]
[556, 684, -21]
[480, 596, 188]
[554, 840, 145]
[493, 804, 367]
[563, 864, 157]
[498, 831, 384]
[516, 891, 77]
[452, 844, 329]
[508, 93, -206]
[530, 71, -218]
[539, 71, -218]
[548, 73, -218]
[511, 70, -192]
[507, 70, -192]
[503, 71, -193]
[582, 90, -219]
[524, 81, -100]
[526, 118, -203]
[507, 117, -168]
[670, 246, -233]
[487, 207, -11]
[649, 419, -221]
[465, 345, 83]
[570, 545, -205]
[447, 456, 53]
[557, 600, -232]
[441, 488, 53]
[532, 591, -237]
[445, 490, 21]
[534, 550, -205]
[451, 479, 38]
[574, 525, -60]
[481, 498, 61]
[556, 681, -20]
[480, 596, 188]
[552, 836, 144]
[493, 801, 366]
[561, 859, 155]
[498, 828, 383]
[516, 888, 74]
[452, 842, 321]
[511, 93, -212]
[533, 70, -224]
[542, 71, -224]
[551, 73, -224]
[514, 70, -197]
[510, 70, -197]
[506, 71, -198]
[585, 90, -227]
[527, 80, -105]
[528, 117, -209]
[509, 116, -174]
[671, 247, -245]
[489, 207, -13]
[648, 418, -232]
[465, 345, 82]
[569, 544, -215]
[447, 456, 50]
[556, 594, -243]
[441, 488, 51]
[532, 587, -248]
[445, 490, 19]
[534, 549, -215]
[451, 480, 36]
[575, 526, -63]
[482, 499, 63]
[556, 679, -20]
[480, 583, 197]
[552, 833, 146]
[495, 797, 378]
[561, 857, 158]
[501, 824, 396]
[516, 883, 78]
[452, 835, 343]
[517, 92, -230]
[539, 70, -242]
[548, 71, -242]
[558, 72, -242]
[520, 69, -215]
[515, 69, -215]
[511, 70, -216]
[592, 89, -244]
[529, 80, -121]
[533, 117, -227]
[514, 116, -191]
[675, 247, -259]
[493, 206, -23]
[649, 418, -245]
[465, 345, 86]
[566, 544, -228]
[435, 454, 74]
[556, 590, -254]
[423, 488, 79]
[528, 592, -260]
[417, 481, 45]
[533, 550, -228]
[430, 471, 59]
[576, 526, -63]
[482, 499, 64]
[558, 667, -11]
[484, 579, 212]
[551, 814, 163]
[499, 781, 405]
[559, 837, 176]
[507, 807, 425]
[516, 867, 102]
[454, 820, 379]
[521, 90, -222]
[542, 68, -233]
[551, 69, -233]
[561, 71, -233]
[523, 68, -207]
[519, 68, -207]
[515, 69, -208]
[594, 88, -235]
[533, 79, -117]
[536, 115, -218]
[518, 115, -184]
[676, 247, -252]
[495, 205, -11]
[649, 418, -244]
[465, 341, 110]
[561, 544, -232]
[424, 452, 93]
[548, 594, -260]
[409, 485, 97]
[525, 589, -265]
[403, 474, 62]
[527, 549, -231]
[416, 467, 77]
[576, 526, -66]
[482, 498, 66]
[554, 667, -9]
[479, 620, 224]
[544, 818, 174]
[497, 783, 431]
[552, 841, 188]
[505, 809, 452]
[510, 868, 108]
[453, 824, 399]
[524, 90, -215]
[545, 68, -229]
[554, 69, -229]
[563, 71, -229]
[526, 68, -202]
[522, 68, -202]
[518, 69, -202]
[597, 88, -234]
[537, 79, -111]
[539, 115, -212]
[522, 115, -176]
[677, 245, -250]
[497, 203, -4]
[650, 415, -242]
[464, 337, 121]
[559, 544, -225]
[418, 446, 115]
[547, 596, -252]
[406, 481, 122]
[525, 588, -257]
[400, 468, 89]
[525, 549, -224]
[409, 462, 101]
[578, 526, -66]
[485, 497, 66]
[554, 669, -10]
[479, 637, 216]
[543, 821, 164]
[491, 787, 422]
[551, 845, 177]
[497, 814, 441]
[510, 872, 95]
[452, 825, 394]
[525, 90, -201]
[546, 68, -213]
[555, 69, -214]
[564, 71, -214]
[527, 67, -187]
[523, 68, -187]
[519, 68, -187]
[598, 87, -216]
[537, 79, -93]
[540, 115, -198]
[522, 115, -162]
[678, 244, -237]
[499, 203, 8]
[650, 415, -230]
[465, 336, 132]
[557, 543, -223]
[416, 440, 121]
[545, 598, -250]
[405, 473, 127]
[525, 587, -254]
[398, 461, 93]
[522, 548, -223]
[407, 453, 106]
[579, 526, -65]
[486, 497, 66]
[553, 672, -17]
[479, 647, 207]
[542, 830, 144]
[486, 794, 397]
[550, 855, 155]
[490, 820, 415]
[506, 879, 71]
[451, 836, 355]
[524, 90, -190]
[546, 68, -203]
[555, 69, -203]
[564, 71, -203]
[527, 68, -177]
[523, 68, -177]
[519, 68, -177]
[598, 87, -211]
[541, 79, -88]
[541, 115, -188]
[523, 115, -153]
[679, 243, -228]
[501, 203, 9]
[652, 412, -214]
[465, 331, 145]
[557, 541, -204]
[415, 429, 155]
[546, 598, -226]
[400, 453, 165]
[525, 587, -233]
[398, 447, 133]
[523, 548, -204]
[406, 443, 142]
[583, 526, -63]
[489, 497, 64]
[559, 670, -20]
[483, 642, 186]
[545, 825, 133]
[492, 793, 354]
[552, 850, 145]
[498, 819, 370]
[512, 876, 69]
[457, 836, 321]
[525, 90, -173]
[547, 68, -188]
[556, 69, -188]
[565, 71, -188]
[529, 68, -161]
[525, 68, -161]
[522, 69, -161]
[599, 87, -201]
[546, 79, -78]
[542, 115, -173]
[525, 115, -138]
[681, 241, -218]
[504, 203, 16]
[655, 409, -202]
[465, 330, 146]
[558, 537, -190]
[409, 425, 146]
[546, 598, -211]
[393, 451, 153]
[527, 586, -219]
[389, 444, 120]
[523, 546, -190]
[398, 439, 131]
[584, 526, -63]
[492, 497, 63]
[559, 671, -25]
[483, 645, 170]
[545, 828, 119]
[492, 796, 317]
[553, 853, 130]
[498, 823, 331]
[510, 877, 61]
[453, 836, 284]
[527, 91, -174]
[548, 69, -189]
[556, 70, -189]
[565, 71, -189]
[530, 69, -163]
[526, 69, -163]
[523, 69, -163]
[601, 88, -202]
[547, 79, -80]
[544, 117, -174]
[526, 117, -139]
[684, 241, -215]
[506, 201, 12]
[657, 405, -197]
[467, 325, 148]
[558, 530, -184]
[412, 413, 160]
[547, 570, -204]
[397, 441, 167]
[529, 574, -212]
[394, 433, 136]
[525, 538, -184]
[401, 426, 147]
[586, 523, -57]
[497, 494, 58]
[569, 660, -1]
[488, 598, 162]
[561, 805, 152]
[505, 784, 308]
[569, 828, 164]
[512, 808, 323]
[533, 856, 108]
[468, 830, 282]
[530, 91, -181]
[550, 69, -198]
[559, 70, -198]
[567, 71, -198]
[533, 69, -169]
[529, 69, -169]
[526, 69, -169]
[602, 87, -213]
[549, 79, -85]
[547, 116, -183]
[529, 117, -145]
[685, 238, -224]
[510, 200, 11]
[661, 401, -212]
[468, 325, 156]
[558, 524, -213]
[407, 402, 173]
[545, 557, -235]
[381, 423, 180]
[525, 548, -245]
[383, 420, 148]
[525, 531, -214]
[391, 415, 159]
[592, 520, -56]
[503, 492, 57]
[578, 656, 17]
[499, 611, 168]
[574, 800, 191]
[515, 781, 323]
[583, 822, 205]
[523, 805, 338]
[547, 850, 143]
[480, 829, 294]
[532, 91, -205]
[552, 69, -220]
[561, 70, -220]
[569, 71, -220]
[535, 69, -192]
[531, 69, -192]
[528, 69, -192]
[603, 87, -229]
[549, 79, -101]
[548, 116, -205]
[530, 117, -167]
[686, 238, -239]
[511, 200, 0]
[662, 400, -232]
[469, 325, 146]
[558, 521, -245]
[405, 405, 156]
[546, 553, -270]
[371, 421, 163]
[526, 544, -280]
[376, 417, 130]
[529, 528, -246]
[386, 416, 142]
[596, 520, -56]
[506, 492, 57]
[585, 656, 21]
[505, 621, 182]
[582, 799, 209]
[522, 781, 366]
[590, 821, 225]
[530, 804, 384]
[554, 850, 160]
[486, 829, 338]
[534, 92, -203]
[554, 70, -217]
[563, 70, -218]
[571, 71, -218]
[536, 69, -190]
[532, 70, -190]
[529, 70, -190]
[605, 87, -226]
[549, 80, -100]
[550, 116, -202]
[531, 117, -166]
[687, 237, -238]
[514, 200, 3]
[663, 398, -229]
[470, 325, 157]
[558, 518, -233]
[404, 400, 170]
[546, 550, -257]
[368, 413, 177]
[526, 536, -266]
[376, 411, 143]
[529, 522, -233]
[379, 408, 155]
[599, 518, -57]
[511, 491, 57]
[590, 658, 12]
[511, 631, 186]
[580, 801, 193]
[522, 784, 369]
[588, 822, 208]
[529, 808, 386]
[549, 856, 137]
[487, 831, 335]
[537, 92, -213]
[557, 70, -229]
[565, 71, -229]
[574, 72, -229]
[539, 69, -200]
[535, 70, -200]
[531, 70, -200]
[608, 87, -238]
[550, 80, -105]
[553, 117, -212]
[534, 117, -173]
[689, 236, -253]
[518, 199, 3]
[663, 399, -243]
[471, 325, 151]
[554, 513, -246]
[391, 394, 154]
[539, 540, -272]
[363, 414, 160]
[519, 521, -282]
[359, 405, 128]
[524, 511, -247]
[374, 401, 140]
[603, 514, -60]
[518, 486, 60]
[592, 659, 8]
[518, 589, 200]
[581, 802, 184]
[524, 785, 382]
[590, 823, 198]
[530, 809, 399]
[546, 856, 126]
[487, 829, 346]
[539, 91, -199]
[559, 69, -214]
[567, 70, -214]
[576, 71, -214]
[542, 69, -185]
[538, 69, -185]
[534, 69, -185]
[609, 87, -225]
[553, 79, -89]
[555, 116, -199]
[536, 116, -159]
[689, 234, -248]
[521, 198, 22]
[664, 397, -238]
[471, 325, 152]
[552, 510, -243]
[375, 387, 133]
[535, 536, -269]
[335, 404, 135]
[516, 516, -278]
[331, 399, 98]
[521, 505, -243]
[349, 395, 115]
[606, 513, -62]
[522, 485, 63]
[592, 667, -17]
[520, 583, 197]
[581, 829, 135]
[523, 799, 371]
[591, 855, 147]
[529, 828, 386]
[545, 879, 69]
[484, 837, 330]
[541, 93, -181]
[560, 71, -195]
[568, 71, -196]
[577, 72, -196]
[544, 70, -167]
[540, 70, -167]
[536, 70, -167]
[611, 87, -208]
[556, 80, -78]
[556, 117, -181]
[538, 118, -143]
[692, 234, -232]
[527, 198, 25]
[665, 396, -221]
[472, 325, 155]
[552, 505, -219]
[382, 383, 136]
[533, 530, -241]
[350, 404, 137]
[513, 509, -251]
[348, 393, 102]
[519, 498, -219]
[362, 389, 118]
[607, 512, -62]
[525, 483, 63]
[593, 667, -16]
[518, 614, 189]
[579, 829, 143]
[522, 799, 347]
[590, 854, 156]
[528, 828, 361]
[544, 879, 82]
[484, 837, 308]
[543, 93, -207]
[563, 71, -218]
[571, 71, -218]
[580, 72, -218]
[546, 70, -189]
[542, 70, -189]
[538, 70, -189]
[613, 87, -216]
[556, 80, -81]
[559, 117, -202]
[539, 117, -164]
[692, 234, -247]
[527, 197, 26]
[666, 396, -252]
[468, 325, 152]
[552, 503, -271]
[363, 384, 99]
[533, 528, -302]
[322, 401, 98]
[512, 509, -307]
[320, 396, 60]
[517, 497, -270]
[351, 392, 80]
[608, 510, -66]
[525, 481, 66]
[591, 669, -26]
[519, 585, 197]
[579, 835, 152]
[519, 802, 382]
[588, 861, 168]
[524, 832, 399]
[537, 884, 85]
[480, 841, 336]
[548, 95, -201]
[566, 72, -213]
[574, 73, -213]
[584, 73, -213]
[549, 72, -186]
[546, 72, -186]
[542, 72, -186]
[617, 88, -215]
[558, 81, -82]
[564, 119, -197]
[544, 119, -161]
[695, 234, -241]
[528, 197, 26]
[668, 395, -236]
[469, 320, 162]
[552, 500, -250]
[371, 371, 160]
[533, 525, -278]
[334, 384, 164]
[513, 507, -288]
[333, 379, 131]
[517, 496, -251]
[354, 376, 145]
[607, 507, -66]
[527, 474, 66]
[591, 642, 7]
[519, 546, 235]
[579, 786, 202]
[526, 749, 448]
[589, 807, 220]
[534, 774, 470]
[539, 832, 158]
[488, 784, 432]
[551, 96, -205]
[569, 73, -219]
[578, 74, -219]
[588, 74, -219]
[552, 73, -192]
[547, 73, -192]
[543, 72, -192]
[620, 89, -224]
[558, 82, -95]
[567, 120, -202]
[546, 119, -166]
[697, 234, -242]
[530, 196, 16]
[668, 395, -234]
[469, 315, 169]
[552, 500, -244]
[370, 362, 185]
[533, 526, -271]
[332, 374, 190]
[512, 508, -280]
[333, 366, 156]
[517, 497, -244]
[349, 364, 169]
[607, 506, -65]
[527, 472, 66]
[586, 644, 12]
[519, 550, 241]
[572, 793, 199]
[521, 756, 452]
[582, 816, 215]
[530, 781, 473]
[528, 840, 145]
[483, 793, 425]
[554, 96, -192]
[573, 73, -206]
[581, 74, -206]
[591, 74, -207]
[555, 73, -181]
[551, 73, -181]
[547, 72, -181]
[622, 90, -215]
[561, 82, -94]
[570, 120, -190]
[549, 119, -156]
[699, 234, -225]
[533, 195, 13]
[670, 395, -217]
[471, 312, 164]
[552, 490, -234]
[371, 352, 170]
[533, 518, -258]
[334, 361, 177]
[511, 498, -263]
[332, 355, 142]
[517, 487, -232]
[347, 353, 155]
[610, 505, -60]
[531, 473, 60]
[592, 652, -28]
[519, 563, 200]
[575, 807, 110]
[521, 775, 363]
[585, 828, 121]
[529, 805, 379]
[530, 861, 53]
[482, 811, 331]
[553, 99, -157]
[572, 76, -173]
[580, 76, -173]
[590, 77, -173]
[554, 76, -147]
[550, 76, -147]
[546, 75, -148]
[621, 91, -185]
[562, 84, -69]
[570, 122, -156]
[549, 121, -123]
[700, 234, -195]
[534, 194, 26]
[671, 392, -185]
[475, 312, 176]
[552, 480, -198]
[373, 346, 187]
[533, 514, -219]
[336, 352, 193]
[513, 493, -227]
[332, 345, 159]
[517, 480, -198]
[347, 345, 171]
[614, 505, -50]
[534, 475, 51]
[599, 667, -24]
[525, 632, 147]
[584, 834, 100]
[521, 810, 266]
[593, 858, 110]
[528, 841, 277]
[542, 887, 38]
[483, 851, 218]
[552, 102, -168]
[571, 79, -184]
[579, 79, -184]
[589, 79, -184]
[554, 79, -158]
[549, 79, -158]
[545, 79, -158]
[620, 93, -195]
[562, 87, -73]
[569, 125, -168]
[548, 124, -133]
[700, 234, -208]
[535, 194, 24]
[670, 391, -199]
[475, 313, 174]
[551, 478, -208]
[371, 345, 174]
[533, 511, -230]
[331, 353, 181]
[513, 490, -238]
[324, 346, 146]
[518, 477, -208]
[341, 345, 158]
[617, 503, -50]
[538, 475, 51]
[604, 666, -32]
[526, 594, 154]
[591, 832, 104]
[527, 806, 292]
[600, 856, 115]
[533, 836, 305]
[552, 884, 44]
[491, 846, 251]
[552, 103, -160]
[571, 81, -176]
[579, 81, -176]
[588, 81, -176]
[553, 80, -150]
[549, 80, -150]
[545, 80, -151]
[621, 94, -187]
[563, 87, -69]
[569, 126, -159]
[548, 125, -125]
[701, 234, -195]
[536, 193, 28]
[671, 391, -182]
[475, 313, 190]
[551, 470, -186]
[371, 341, 218]
[533, 500, -204]
[334, 348, 228]
[513, 478, -210]
[327, 340, 195]
[518, 467, -184]
[343, 340, 203]
[618, 503, -49]
[537, 477, 50]
[603, 672, -33]
[525, 636, 151]
[590, 840, 98]
[526, 816, 288]
[599, 864, 109]
[533, 845, 301]
[550, 893, 37]
[489, 858, 242]
[551, 104, -152]
[570, 81, -169]
[578, 81, -169]
[588, 81, -169]
[553, 81, -143]
[549, 80, -143]
[545, 80, -143]
[621, 94, -182]
[563, 88, -65]
[568, 127, -151]
[548, 126, -118]
[702, 234, -183]
[538, 192, 29]
[673, 390, -170]
[477, 310, 195]
[551, 459, -176]
[372, 331, 225]
[533, 487, -194]
[338, 334, 235]
[516, 465, -197]
[328, 327, 202]
[519, 454, -174]
[345, 327, 211]
[618, 503, -45]
[536, 477, 45]
[603, 674, -30]
[524, 649, 123]
[590, 845, 95]
[526, 826, 229]
[598, 870, 104]
[532, 854, 239]
[553, 898, 32]
[489, 872, 175]
[551, 103, -145]
[570, 81, -163]
[578, 81, -163]
[587, 81, -163]
[553, 81, -135]
[549, 80, -135]
[545, 80, -136]
[621, 94, -180]
[566, 89, -56]
[568, 126, -146]
[548, 125, -110]
[704, 234, -182]
[539, 192, 37]
[673, 390, -178]
[477, 308, 187]
[550, 450, -188]
[370, 322, 204]
[531, 475, -207]
[333, 322, 204]
[515, 449, -210]
[325, 313, 172]
[519, 441, -185]
[341, 315, 186]
[620, 503, -42]
[536, 479, 42]
[608, 681, -25]
[524, 662, 113]
[596, 853, 109]
[526, 840, 225]
[602, 877, 119]
[532, 866, 235]
[564, 907, 47]
[495, 890, 166]
[551, 105, -132]
[570, 82, -152]
[578, 82, -152]
[587, 82, -152]
[553, 82, -124]
[549, 82, -124]
[546, 82, -124]
[620, 95, -173]
[566, 91, -47]
[568, 128, -134]
[548, 127, -98]
[706, 234, -170]
[540, 192, 42]
[673, 391, -164]
[477, 308, 206]
[545, 441, -168]
[371, 323, 243]
[519, 458, -183]
[335, 325, 254]
[509, 432, -181]
[327, 317, 225]
[514, 425, -163]
[341, 318, 229]
[622, 503, -37]
[536, 480, 38]
[607, 686, -24]
[523, 670, 95]
[594, 857, 122]
[520, 849, 225]
[602, 881, 136]
[525, 874, 237]
[562, 912, 52]
[494, 905, 157]
[551, 107, -137]
[569, 84, -156]
[578, 84, -156]
[586, 84, -156]
[553, 84, -129]
[549, 83, -129]
[545, 83, -129]
[620, 96, -175]
[566, 92, -50]
[568, 129, -138]
[548, 128, -102]
[706, 234, -173]
[541, 193, 40]
[672, 391, -166]
[477, 308, 199]
[538, 439, -168]
[372, 324, 223]
[511, 455, -184]
[335, 326, 232]
[501, 427, -182]
[327, 318, 202]
[509, 422, -163]
[342, 319, 209]
[623, 504, -38]
[536, 481, 38]
[606, 691, -24]
[522, 675, 90]
[593, 861, 135]
[519, 854, 219]
[601, 884, 150]
[524, 877, 231]
[561, 916, 69]
[494, 910, 153]
[551, 107, -142]
[569, 84, -158]
[577, 85, -158]
[586, 85, -158]
[553, 84, -131]
[549, 84, -131]
[546, 83, -131]
[620, 96, -187]
[567, 92, -56]
[568, 129, -141]
[548, 128, -107]
[707, 235, -180]
[541, 191, 33]
[672, 391, -169]
[480, 306, 192]
[536, 434, -185]
[372, 317, 206]
[512, 453, -202]
[336, 319, 214]
[501, 423, -191]
[328, 312, 183]
[509, 417, -177]
[343, 313, 192]
[623, 503, -39]
[537, 481, 39]
[605, 687, -28]
[520, 663, 100]
[593, 860, 131]
[519, 845, 225]
[600, 883, 145]
[524, 870, 237]
[560, 915, 69]
[494, 897, 166]
[551, 108, -125]
[569, 86, -144]
[577, 87, -144]
[585, 87, -144]
[553, 86, -117]
[549, 85, -117]
[546, 85, -117]
[620, 98, -166]
[570, 93, -44]
[568, 131, -127]
[549, 129, -92]
[709, 235, -154]
[541, 191, 33]
[669, 391, -149]
[480, 306, 165]
[536, 431, -175]
[369, 312, 161]
[514, 449, -192]
[330, 311, 162]
[502, 418, -192]
[324, 303, 135]
[509, 410, -172]
[339, 305, 147]
[623, 503, -24]
[535, 481, 25]
[605, 693, -24]
[517, 671, 57]
[592, 865, 133]
[510, 852, 169]
[600, 888, 147]
[513, 877, 178]
[561, 923, 68]
[494, 910, 92]
[551, 110, -123]
[569, 88, -144]
[577, 88, -144]
[585, 89, -144]
[553, 87, -117]
[550, 87, -117]
[547, 86, -117]
[620, 100, -169]
[572, 94, -45]
[568, 132, -126]
[549, 130, -90]
[711, 236, -153]
[541, 191, 25]
[666, 390, -148]
[479, 306, 148]
[537, 421, -177]
[368, 311, 141]
[514, 436, -194]
[328, 310, 142]
[502, 402, -198]
[325, 301, 114]
[515, 400, -176]
[340, 302, 126]
[624, 503, -19]
[532, 481, 20]
[604, 695, -22]
[514, 672, 49]
[589, 866, 146]
[498, 854, 171]
[594, 890, 160]
[497, 880, 181]
[560, 926, 76]
[485, 916, 91]
[551, 110, -124]
[569, 88, -146]
[577, 89, -146]
[585, 89, -146]
[553, 88, -119]
[550, 88, -119]
[548, 87, -119]
[620, 101, -173]
[572, 96, -46]
[569, 132, -128]
[550, 131, -90]
[712, 235, -152]
[543, 191, 24]
[674, 387, -157]
[481, 307, 170]
[567, 421, -203]
[370, 303, 207]
[559, 447, -218]
[329, 304, 215]
[554, 417, -227]
[325, 293, 185]
[545, 401, -204]
[341, 296, 194]
[624, 513, -22]
[529, 486, 22]
[605, 701, 0]
[513, 681, 71]
[589, 870, 175]
[495, 862, 221]
[592, 895, 191]
[495, 889, 237]
[560, 932, 112]
[479, 923, 132]
[551, 110, -128]
[569, 88, -149]
[577, 88, -149]
[584, 89, -149]
[553, 88, -123]
[550, 87, -123]
[548, 87, -123]
[620, 101, -171]
[572, 96, -48]
[569, 132, -130]
[550, 131, -95]
[713, 235, -145]
[543, 192, 19]
[677, 386, -147]
[481, 309, 165]
[577, 424, -200]
[371, 302, 195]
[563, 453, -217]
[330, 303, 201]
[559, 424, -224]
[328, 291, 176]
[553, 405, -201]
[344, 293, 183]
[625, 520, -21]
[526, 489, 21]
[604, 703, 1]
[511, 682, 78]
[586, 872, 171]
[489, 861, 241]
[587, 897, 187]
[489, 888, 257]
[558, 935, 107]
[472, 922, 159]
[551, 111, -118]
[569, 88, -141]
[576, 88, -141]
[584, 89, -141]
[553, 88, -114]
[550, 88, -114]
[548, 88, -114]
[619, 101, -168]
[572, 97, -44]
[569, 132, -122]
[550, 131, -86]
[713, 235, -139]
[543, 195, 18]
[676, 388, -127]
[481, 311, 131]
[571, 404, -150]
[372, 296, 113]
[548, 416, -161]
[326, 295, 111]
[550, 390, -166]
[318, 276, 83]
[550, 381, -149]
[344, 283, 98]
[625, 524, -19]
[523, 494, 19]
[604, 713, 14]
[510, 696, 87]
[586, 885, 162]
[490, 876, 212]
[587, 910, 177]
[490, 903, 223]
[558, 944, 100]
[473, 935, 138]
[551, 115, -107]
[568, 92, -130]
[575, 92, -130]
[583, 91, -130]
[553, 93, -103]
[550, 93, -103]
[548, 93, -104]
[618, 101, -158]
[572, 100, -35]
[569, 135, -110]
[551, 135, -74]
[714, 235, -126]
[544, 198, 18]
[677, 388, -118]
[482, 311, 113]
[575, 394, -153]
[375, 289, 66]
[553, 416, -165]
[331, 284, 59]
[554, 388, -174]
[327, 270, 33]
[557, 381, -154]
[348, 275, 51]
[625, 524, -16]
[521, 496, 17]
[601, 710, 10]
[507, 694, 77]
[585, 883, 134]
[486, 877, 174]
[586, 908, 143]
[485, 903, 183]
[557, 941, 58]
[471, 936, 96]
[551, 115, -115]
[568, 92, -137]
[575, 92, -137]
[583, 91, -137]
[553, 94, -110]
[550, 94, -110]
[548, 94, -110]
[618, 101, -162]
[572, 101, -39]
[569, 135, -118]
[552, 135, -82]
[715, 235, -136]
[544, 200, 15]
[677, 389, -130]
[483, 311, 78]
[563, 381, -133]
[388, 287, 16]
[525, 388, -139]
[361, 286, 8]
[528, 362, -140]
[356, 269, -7]
[547, 364, -128]
[366, 274, 5]
[625, 523, -19]
[518, 496, 19]
[598, 709, 5]
[504, 691, 81]
[583, 882, 120]
[486, 871, 197]
[585, 907, 128]
[486, 898, 208]
[553, 937, 38]
[468, 929, 129]
[551, 115, -119]
[568, 93, -140]
[575, 92, -140]
[582, 91, -141]
[553, 94, -114]
[550, 94, -114]
[548, 94, -114]
[617, 101, -164]
[573, 101, -40]
[570, 136, -122]
[553, 135, -86]
[716, 235, -142]
[546, 201, 10]
[677, 390, -133]
[483, 305, 73]
[557, 376, -146]
[387, 276, 23]
[517, 379, -157]
[361, 280, 17]
[527, 363, -157]
[356, 262, -2]
[543, 357, -142]
[371, 266, 11]
[623, 524, -21]
[518, 495, 21]
[597, 708, 3]
[504, 689, 97]
[581, 880, 122]
[487, 868, 203]
[584, 905, 131]
[488, 895, 215]
[548, 936, 48]
[465, 927, 132]
[551, 115, -122]
[567, 93, -143]
[575, 92, -143]
[582, 91, -143]
[553, 95, -116]
[550, 95, -116]
[548, 95, -116]
[617, 101, -166]
[573, 102, -42]
[570, 136, -124]
[553, 136, -88]
[716, 235, -144]
[546, 203, 11]
[677, 392, -135]
[483, 306, 76]
[550, 370, -150]
[386, 276, 29]
[510, 374, -160]
[359, 276, 23]
[522, 360, -160]
[353, 258, 3]
[535, 352, -146]
[369, 262, 17]
[621, 526, -21]
[517, 497, 22]
[596, 711, 2]
[505, 692, 105]
[581, 884, 122]
[489, 871, 218]
[584, 910, 131]
[490, 898, 230]
[548, 938, 44]
[466, 926, 143]
[551, 117, -122]
[567, 95, -141]
[574, 93, -141]
[582, 92, -141]
[553, 96, -116]
[550, 96, -116]
[548, 97, -116]
[617, 101, -157]
[573, 102, -41]
[570, 138, -122]
[553, 138, -88]
[716, 235, -131]
[546, 205, 12]
[678, 394, -137]
[483, 306, 60]
[550, 369, -150]
[386, 274, -9]
[513, 367, -160]
[360, 275, -19]
[520, 349, -159]
[355, 257, -34]
[535, 344, -146]
[372, 262, -20]
[621, 527, -22]
[517, 499, 22]
[596, 711, 5]
[505, 694, 106]
[580, 884, 124]
[489, 871, 221]
[584, 909, 133]
[490, 899, 232]
[547, 938, 49]
[466, 926, 151]
[551, 120, -127]
[567, 97, -146]
[575, 95, -146]
[582, 94, -146]
[553, 99, -121]
[550, 99, -121]
[548, 99, -121]
[617, 101, -160]
[573, 103, -44]
[570, 140, -126]
[554, 142, -93]
[716, 235, -133]
[546, 206, 7]
[668, 382, -145]
[478, 295, 37]
[531, 328, -143]
[384, 266, -49]
[490, 317, -154]
[361, 275, -61]
[495, 304, -150]
[358, 258, -78]
[510, 304, -138]
[375, 261, -61]
[617, 526, -22]
[516, 498, 23]
[591, 711, 13]
[499, 692, 109]
[564, 879, 136]
[481, 869, 224]
[565, 904, 145]
[484, 898, 235]
[530, 936, 66]
[445, 922, 158]
[551, 123, -139]
[568, 100, -157]
[575, 98, -157]
[583, 97, -157]
[553, 102, -133]
[550, 102, -133]
[548, 102, -133]
[617, 102, -161]
[572, 105, -51]
[571, 143, -136]
[554, 146, -104]
[716, 234, -133]
[546, 207, 5]
[669, 380, -154]
[472, 290, 34]
[531, 319, -146]
[383, 264, -57]
[487, 304, -156]
[361, 271, -68]
[489, 287, -151]
[358, 253, -85]
[507, 292, -140]
[375, 257, -69]
[615, 526, -23]
[515, 499, 23]
[591, 711, 18]
[499, 693, 110]
[566, 879, 143]
[482, 871, 224]
[568, 903, 152]
[485, 899, 234]
[532, 936, 75]
[448, 923, 158]
[551, 126, -130]
[567, 102, -150]
[575, 100, -150]
[583, 98, -150]
[553, 105, -126]
[550, 105, -126]
[548, 105, -126]
[617, 103, -162]
[572, 107, -51]
[571, 146, -130]
[554, 150, -98]
[716, 234, -137]
[546, 207, 7]
[670, 379, -154]
[474, 288, 105]
[533, 316, -131]
[386, 264, 118]
[479, 307, -136]
[371, 273, 124]
[492, 277, -127]
[369, 256, 107]
[508, 283, -123]
[384, 259, 109]
[615, 525, -23]
[514, 499, 23]
[591, 711, 15]
[503, 695, 112]
[568, 881, 131]
[486, 873, 230]
[569, 906, 140]
[490, 901, 241]
[541, 939, 61]
[453, 928, 164]
[551, 128, -127]
[567, 104, -148]
[575, 102, -148]
[583, 99, -148]
[553, 106, -123]
[550, 106, -123]
[548, 106, -123]
[617, 103, -163]
[571, 109, -51]
[571, 147, -128]
[554, 152, -95]
[716, 234, -139]
[546, 207, 8]
[670, 378, -153]
[475, 287, 112]
[535, 315, -132]
[387, 263, 120]
[477, 307, -137]
[374, 273, 124]
[493, 276, -128]
[372, 257, 108]
[507, 278, -124]
[388, 259, 111]
[615, 525, -23]
[514, 499, 23]
[592, 711, 14]
[504, 696, 112]
[569, 882, 128]
[488, 875, 231]
[570, 907, 137]
[492, 901, 242]
[546, 940, 56]
[456, 930, 164]
[552, 129, -128]
[568, 105, -148]
[576, 103, -148]
[584, 101, -148]
[553, 108, -123]
[550, 107, -123]
[548, 107, -123]
[618, 106, -163]
[571, 110, -51]
[572, 149, -128]
[554, 153, -95]
[713, 235, -153]
[546, 207, 6]
[597, 344, -159]
[470, 282, 17]
[472, 269, -117]
[383, 259, -110]
[423, 264, -126]
[367, 266, -130]
[443, 235, -124]
[372, 251, -148]
[457, 237, -112]
[386, 253, -124]
[607, 525, -23]
[511, 498, 24]
[589, 707, 14]
[502, 685, 113]
[566, 871, 127]
[488, 856, 225]
[568, 895, 135]
[492, 884, 235]
[536, 927, 58]
[454, 905, 167]
[551, 134, -119]
[567, 109, -142]
[575, 108, -142]
[583, 106, -142]
[553, 111, -116]
[550, 111, -116]
[548, 111, -116]
[617, 109, -164]
[571, 112, -48]
[570, 153, -123]
[554, 156, -88]
[710, 235, -162]
[547, 206, 6]
[588, 330, -165]
[471, 276, 35]
[467, 262, -108]
[389, 249, -58]
[429, 244, -115]
[375, 243, -73]
[439, 233, -115]
[375, 243, -89]
[453, 234, -103]
[391, 246, -70]
[602, 521, -25]
[508, 494, 26]
[588, 699, 13]
[499, 674, 85]
[565, 866, 125]
[484, 848, 186]
[568, 891, 133]
[489, 876, 195]
[535, 920, 58]
[449, 896, 124]
[551, 139, -109]
[566, 114, -132]
[574, 111, -132]
[582, 109, -132]
[552, 116, -106]
[549, 116, -106]
[547, 116, -106]
[617, 111, -158]
[571, 115, -39]
[570, 158, -113]
[554, 162, -78]
[709, 235, -153]
[548, 206, 11]
[610, 342, -169]
[471, 276, 51]
[469, 276, -162]
[384, 239, -34]
[443, 269, -176]
[357, 244, -49]
[472, 244, -177]
[362, 232, -70]
[480, 245, -159]
[378, 235, -48]
[601, 520, -24]
[508, 494, 24]
[588, 699, 12]
[499, 675, 67]
[565, 867, 124]
[484, 850, 154]
[568, 891, 132]
[489, 878, 162]
[538, 921, 56]
[452, 899, 86]
[551, 140, -112]
[565, 115, -134]
[573, 113, -134]
[581, 111, -134]
[551, 117, -109]
[548, 116, -109]
[546, 116, -109]
[617, 111, -159]
[570, 116, -40]
[569, 159, -115]
[553, 163, -81]
[708, 236, -153]
[550, 205, 10]
[615, 345, -177]
[471, 274, 57]
[488, 269, -173]
[380, 233, -13]
[454, 262, -186]
[347, 231, -24]
[475, 234, -185]
[351, 216, -44]
[484, 235, -169]
[370, 222, -26]
[599, 520, -24]
[508, 493, 24]
[588, 698, 11]
[499, 675, 74]
[566, 867, 122]
[484, 850, 170]
[569, 892, 130]
[489, 878, 179]
[537, 921, 56]
[453, 899, 107]
[551, 140, -108]
[565, 115, -130]
[573, 113, -130]
[581, 111, -130]
[551, 117, -105]
[548, 116, -105]
[546, 116, -105]
[617, 111, -153]
[569, 116, -38]
[569, 158, -110]
[553, 163, -77]
[707, 236, -138]
[550, 204, 11]
[624, 346, -189]
[471, 273, 105]
[538, 283, -250]
[375, 231, 104]
[505, 277, -269]
[343, 233, 102]
[523, 251, -268]
[344, 217, 78]
[529, 251, -249]
[366, 219, 91]
[599, 519, -23]
[507, 493, 23]
[587, 697, 8]
[500, 674, 78]
[567, 867, 115]
[484, 849, 180]
[570, 892, 123]
[489, 877, 189]
[538, 921, 49]
[453, 899, 116]
[550, 140, -107]
[564, 116, -128]
[572, 114, -128]
[580, 111, -128]
[551, 117, -103]
[548, 117, -103]
[545, 116, -103]
[617, 112, -150]
[568, 116, -33]
[569, 159, -109]
[553, 163, -75]
[707, 237, -132]
[550, 204, 27]
[671, 349, -211]
[472, 273, 181]
[589, 289, -307]
[375, 230, 241]
[560, 284, -327]
[345, 216, 252]
[571, 257, -321]
[346, 208, 230]
[574, 258, -304]
[359, 214, 231]
[598, 519, -24]
[506, 493, 25]
[586, 689, -7]
[500, 669, 86]
[566, 861, 99]
[485, 844, 195]
[569, 887, 107]
[489, 872, 205]
[538, 915, 32]
[453, 894, 135]
[549, 141, -107]
[563, 117, -128]
[570, 115, -128]
[578, 113, -128]
[549, 118, -102]
[547, 118, -102]
[544, 117, -103]
[616, 113, -148]
[567, 117, -29]
[568, 160, -108]
[553, 164, -74]
[707, 237, -128]
[550, 203, 33]
[707, 350, -226]
[475, 272, 194]
[609, 292, -338]
[378, 229, 262]
[576, 287, -359]
[346, 211, 274]
[584, 260, -351]
[347, 201, 253]
[581, 261, -334]
[360, 213, 252]
[599, 519, -25]
[506, 492, 25]
[585, 686, -6]
[500, 668, 75]
[564, 861, 104]
[482, 845, 181]
[567, 887, 113]
[486, 872, 190]
[535, 914, 34]
[452, 896, 112]
[548, 142, -109]
[561, 118, -129]
[568, 116, -129]
[576, 114, -129]
[547, 119, -104]
[544, 118, -104]
[542, 118, -104]
[614, 113, -145]
[563, 117, -31]
[566, 161, -109]
[550, 164, -76]
[706, 237, -123]
[547, 203, 31]
[712, 348, -229]
[475, 273, 175]
[599, 291, -343]
[383, 229, 232]
[561, 285, -366]
[357, 209, 241]
[568, 255, -355]
[358, 198, 222]
[572, 257, -338]
[364, 208, 223]
[599, 519, -24]
[505, 492, 25]
[585, 686, -4]
[500, 668, 69]
[564, 861, 107]
[480, 845, 168]
[566, 887, 116]
[483, 873, 177]
[535, 915, 38]
[451, 897, 98]
[547, 142, -118]
[560, 117, -136]
[568, 116, -136]
[576, 114, -136]
[546, 119, -113]
[544, 118, -113]
[541, 118, -113]
[614, 114, -147]
[561, 117, -37]
[566, 161, -115]
[549, 165, -84]
[704, 236, -127]
[543, 203, 28]
[723, 347, -244]
[473, 273, 164]
[590, 278, -354]
[385, 227, 217]
[551, 258, -378]
[362, 203, 226]
[555, 240, -358]
[363, 194, 210]
[562, 247, -345]
[372, 206, 210]
[599, 517, -25]
[503, 492, 25]
[585, 688, 0]
[498, 668, 73]
[564, 864, 129]
[474, 847, 175]
[565, 890, 140]
[476, 875, 184]
[535, 919, 53]
[448, 902, 107]
[546, 141, -125]
[560, 117, -141]
[568, 115, -141]
[576, 114, -141]
[546, 118, -119]
[543, 118, -119]
[540, 118, -119]
[614, 113, -148]
[559, 117, -40]
[566, 160, -120]
[549, 165, -89]
[703, 235, -129]
[541, 203, 27]
[725, 346, -248]
[473, 274, 165]
[593, 277, -365]
[387, 225, 217]
[550, 254, -390]
[365, 201, 225]
[552, 238, -371]
[365, 192, 209]
[563, 246, -356]
[376, 205, 210]
[600, 517, -25]
[502, 492, 25]
[585, 691, 5]
[497, 669, 70]
[564, 869, 137]
[473, 851, 171]
[565, 895, 147]
[475, 879, 180]
[535, 923, 58]
[449, 907, 94]
[545, 144, -124]
[558, 120, -141]
[566, 119, -141]
[574, 117, -141]
[544, 121, -118]
[541, 121, -118]
[539, 121, -118]
[612, 117, -149]
[558, 122, -40]
[564, 164, -120]
[547, 167, -89]
[702, 235, -123]
[539, 204, 27]
[727, 347, -231]
[466, 272, 131]
[604, 279, -316]
[397, 222, 145]
[561, 256, -335]
[386, 198, 147]
[562, 241, -322]
[378, 187, 143]
[569, 248, -308]
[389, 202, 142]
[599, 517, -25]
[502, 493, 25]
[586, 697, 4]
[497, 674, 72]
[564, 873, 120]
[474, 854, 170]
[565, 899, 128]
[476, 881, 179]
[536, 926, 38]
[451, 910, 96]
[545, 151, -121]
[558, 127, -141]
[566, 125, -141]
[574, 123, -141]
[544, 128, -118]
[540, 128, -118]
[537, 128, -118]
[612, 122, -151]
[555, 128, -39]
[564, 170, -119]
[547, 173, -86]
[702, 235, -122]
[537, 207, 25]
[717, 357, -210]
[450, 273, 63]
[602, 279, -269]
[397, 222, 7]
[562, 255, -283]
[381, 196, 0]
[562, 241, -266]
[377, 187, -2]
[569, 248, -260]
[387, 200, 2]
[599, 518, -21]
[500, 496, 21]
[587, 705, 11]
[495, 685, 75]
[567, 879, 127]
[474, 862, 175]
[567, 904, 136]
[476, 888, 184]
[544, 934, 41]
[455, 920, 101]
[545, 153, -121]
[558, 129, -141]
[565, 128, -141]
[573, 126, -141]
[543, 130, -118]
[540, 130, -118]
[537, 129, -118]
[610, 126, -151]
[553, 130, -39]
[564, 172, -119]
[547, 174, -86]
[700, 234, -120]
[537, 209, 26]
[718, 359, -210]
[451, 281, 77]
[603, 277, -277]
[400, 223, 20]
[565, 252, -289]
[381, 196, 12]
[566, 240, -269]
[379, 186, 57]
[572, 247, -265]
[390, 200, 38]
[599, 518, -23]
[500, 496, 24]
[587, 705, 3]
[495, 684, 101]
[567, 879, 113]
[474, 862, 217]
[567, 904, 122]
[476, 887, 229]
[544, 934, 32]
[458, 920, 149]
[543, 153, -121]
[555, 128, -137]
[562, 127, -137]
[569, 125, -137]
[542, 129, -116]
[539, 129, -116]
[536, 128, -116]
[604, 125, -137]
[551, 129, -37]
[561, 172, -115]
[545, 171, -85]
[693, 231, -104]
[535, 211, 26]
[732, 360, -212]
[455, 281, 119]
[624, 278, -307]
[414, 225, 169]
[589, 253, -323]
[412, 219, 177]
[584, 242, -304]
[406, 189, 175]
[595, 252, -297]
[408, 205, 168]
[597, 517, -24]
[500, 496, 24]
[586, 702, -3]
[497, 677, 105]
[566, 870, 86]
[486, 847, 216]
[566, 894, 93]
[490, 872, 226]
[544, 929, 15]
[466, 903, 157]
[543, 152, -120]
[555, 128, -137]
[562, 127, -137]
[569, 125, -137]
[541, 129, -116]
[539, 128, -116]
[536, 128, -116]
[604, 126, -140]
[550, 130, -37]
[561, 172, -114]
[545, 171, -85]
[693, 231, -105]
[536, 212, 24]
[733, 354, -199]
[458, 283, 116]
[633, 279, -270]
[417, 225, 161]
[598, 255, -280]
[404, 212, 165]
[597, 242, -263]
[401, 191, 150]
[604, 251, -260]
[412, 206, 152]
[595, 518, -24]
[500, 497, 24]
[585, 702, -4]
[498, 677, 109]
[566, 867, 80]
[490, 846, 219]
[566, 891, 86]
[494, 872, 229]
[543, 926, 9]
[469, 901, 163]
[543, 151, -120]
[554, 127, -137]
[561, 126, -137]
[569, 125, -137]
[541, 128, -115]
[538, 128, -115]
[536, 128, -116]
[604, 126, -142]
[551, 129, -36]
[562, 171, -114]
[545, 170, -84]
[692, 231, -107]
[536, 214, 23]
[729, 365, -194]
[466, 292, 58]
[634, 279, -249]
[431, 229, -1]
[601, 256, -260]
[419, 219, -9]
[602, 242, -240]
[419, 199, -15]
[607, 250, -238]
[431, 211, -7]
[593, 518, -26]
[500, 497, 26]
[585, 702, -11]
[500, 677, 117]
[566, 865, 73]
[493, 846, 228]
[566, 888, 79]
[497, 872, 238]
[542, 924, 1]
[469, 900, 174]
[542, 151, -122]
[553, 127, -140]
[560, 126, -140]
[567, 125, -140]
[540, 128, -119]
[538, 127, -119]
[535, 127, -119]
[601, 125, -144]
[549, 129, -41]
[560, 169, -117]
[544, 168, -87]
[691, 230, -106]
[535, 214, 16]
[727, 368, -175]
[473, 292, 73]
[626, 280, -205]
[436, 228, 53]
[591, 254, -211]
[416, 211, 51]
[593, 239, -193]
[417, 196, 45]
[598, 247, -194]
[433, 211, 48]
[593, 517, -23]
[501, 497, 23]
[585, 700, -9]
[501, 677, 115]
[566, 863, 79]
[493, 846, 223]
[566, 886, 85]
[496, 871, 234]
[543, 921, 6]
[469, 900, 166]
[541, 150, -123]
[552, 127, -142]
[559, 126, -142]
[565, 124, -142]
[540, 128, -119]
[538, 127, -119]
[535, 127, -119]
[599, 125, -152]
[549, 129, -42]
[559, 168, -120]
[544, 167, -88]
[690, 230, -113]
[534, 215, 10]
[725, 373, -178]
[490, 306, -1]
[623, 275, -183]
[453, 249, -115]
[587, 249, -188]
[443, 237, -130]
[591, 229, -169]
[442, 221, -135]
[595, 243, -171]
[455, 230, -122]
[590, 517, -23]
[501, 497, 24]
[581, 697, -5]
[499, 675, 127]
[561, 856, 85]
[491, 839, 251]
[562, 879, 91]
[496, 864, 263]
[534, 912, 16]
[465, 893, 199]
[541, 150, -126]
[552, 127, -145]
[559, 125, -145]
[565, 124, -145]
[540, 127, -121]
[538, 127, -121]
[535, 127, -121]
[598, 126, -153]
[549, 129, -43]
[559, 168, -123]
[544, 166, -92]
[685, 230, -116]
[531, 218, 8]
[711, 372, -179]
[490, 315, 27]
[622, 268, -186]
[449, 278, -39]
[589, 241, -193]
[438, 273, -49]
[592, 222, -178]
[438, 258, -56]
[603, 234, -177]
[450, 263, -46]
[589, 516, -23]
[501, 497, 23]
[578, 697, 8]
[497, 677, 124]
[558, 856, 109]
[490, 840, 247]
[559, 879, 116]
[494, 865, 259]
[532, 911, 37]
[465, 894, 191]
[541, 148, -127]
[552, 126, -145]
[559, 125, -145]
[566, 124, -145]
[540, 127, -122]
[537, 127, -122]
[535, 127, -122]
[598, 125, -154]
[548, 129, -44]
[558, 166, -124]
[543, 165, -92]
[684, 230, -119]
[530, 218, 8]
[705, 372, -177]
[491, 317, 16]
[621, 267, -175]
[449, 288, -73]
[587, 237, -181]
[438, 285, -86]
[590, 222, -166]
[438, 270, -93]
[599, 231, -165]
[451, 274, -81]
[588, 516, -23]
[501, 497, 23]
[576, 697, 7]
[495, 677, 123]
[556, 856, 108]
[487, 840, 247]
[557, 880, 116]
[490, 865, 259]
[530, 911, 35]
[462, 895, 190]
[538, 155, -136]
[548, 133, -155]
[554, 132, -155]
[560, 131, -155]
[536, 134, -130]
[534, 134, -130]
[531, 134, -130]
[591, 134, -171]
[546, 135, -53]
[557, 174, -135]
[541, 171, -101]
[684, 237, -136]
[529, 222, 1]
[685, 376, -180]
[490, 317, 21]
[614, 249, -159]
[446, 276, -44]
[589, 218, -162]
[435, 270, -54]
[593, 207, -147]
[437, 254, -56]
[604, 218, -148]
[449, 261, -50]
[586, 516, -24]
[502, 497, 24]
[571, 697, 38]
[490, 677, 138]
[549, 856, 174]
[478, 840, 276]
[551, 879, 185]
[482, 864, 290]
[520, 908, 107]
[454, 893, 219]
[535, 157, -138]
[546, 136, -156]
[552, 135, -156]
[559, 134, -156]
[534, 137, -131]
[531, 136, -131]
[529, 136, -131]
[590, 134, -168]
[544, 136, -54]
[554, 174, -136]
[539, 172, -103]
[683, 237, -133]
[529, 221, -4]
[680, 374, -161]
[492, 321, -24]
[605, 245, -114]
[470, 288, -143]
[588, 217, -117]
[463, 284, -162]
[593, 201, -103]
[467, 270, -163]
[601, 212, -104]
[478, 274, -150]
[584, 512, -24]
[503, 491, 24]
[565, 687, 32]
[483, 666, 143]
[538, 841, 150]
[468, 822, 281]
[540, 863, 159]
[471, 846, 294]
[507, 891, 81]
[443, 875, 228]
[534, 157, -142]
[545, 136, -161]
[552, 135, -161]
[558, 134, -161]
[532, 137, -136]
[530, 136, -136]
[528, 136, -136]
[589, 134, -172]
[543, 136, -59]
[553, 174, -140]
[538, 172, -107]
[678, 237, -137]
[529, 220, -5]
[674, 370, -167]
[495, 318, -13]
[602, 245, -129]
[473, 280, -116]
[582, 216, -133]
[468, 272, -131]
[592, 198, -118]
[469, 258, -133]
[597, 209, -119]
[480, 265, -122]
[584, 511, -23]
[504, 488, 24]
[564, 679, 37]
[483, 660, 137]
[539, 834, 162]
[467, 817, 271]
[540, 856, 172]
[470, 839, 284]
[510, 882, 94]
[443, 870, 215]
[534, 158, -145]
[545, 137, -164]
[551, 135, -164]
[558, 134, -164]
[532, 138, -139]
[529, 137, -139]
[527, 137, -139]
[589, 134, -173]
[542, 137, -60]
[553, 175, -143]
[538, 173, -111]
[678, 239, -135]
[528, 221, -19]
[668, 362, -160]
[504, 328, -19]
[609, 248, -121]
[522, 324, -86]
[593, 219, -125]
[529, 332, -96]
[606, 203, -112]
[531, 316, -97]
[605, 213, -112]
[536, 315, -90]
[584, 510, -17]
[504, 488, 18]
[564, 679, 61]
[484, 662, 143]
[540, 831, 197]
[468, 819, 294]
[542, 852, 209]
[471, 841, 309]
[523, 884, 130]
[456, 874, 238]
[534, 158, -148]
[545, 137, -163]
[552, 135, -163]
[558, 133, -163]
[532, 138, -141]
[530, 138, -141]
[527, 137, -141]
[589, 133, -168]
[541, 138, -61]
[555, 175, -142]
[539, 174, -112]
[677, 239, -120]
[526, 223, -27]
[669, 360, -160]
[507, 334, -50]
[612, 250, -145]
[538, 337, -130]
[596, 221, -152]
[549, 348, -144]
[608, 204, -138]
[550, 330, -143]
[604, 216, -137]
[553, 328, -133]
[587, 510, -9]
[504, 489, 10]
[572, 680, 56]
[489, 663, 153]
[545, 831, 183]
[472, 820, 322]
[543, 852, 194]
[472, 842, 338]
[537, 886, 111]
[469, 877, 266]
[534, 159, -131]
[544, 138, -150]
[550, 136, -150]
[557, 134, -151]
[530, 139, -126]
[528, 139, -126]
[526, 138, -126]
[589, 134, -165]
[540, 138, -52]
[555, 177, -131]
[538, 175, -99]
[678, 243, -121]
[526, 223, -13]
[655, 365, -148]
[491, 319, -28]
[603, 249, -98]
[522, 290, -142]
[594, 220, -97]
[540, 287, -158]
[608, 203, -90]
[532, 273, -155]
[604, 217, -90]
[534, 276, -147]
[589, 511, -9]
[504, 490, 10]
[574, 683, 5]
[489, 664, 152]
[550, 834, 92]
[475, 822, 307]
[549, 855, 98]
[477, 844, 322]
[536, 891, 13]
[467, 878, 255]
[533, 160, -131]
[543, 139, -150]
[550, 137, -150]
[557, 135, -150]
[529, 140, -126]
[527, 139, -126]
[524, 139, -126]
[588, 134, -164]
[539, 138, -52]
[555, 178, -130]
[538, 175, -98]
[679, 245, -121]
[525, 222, -11]
[650, 371, -144]
[489, 320, -37]
[604, 248, -104]
[506, 293, -149]
[594, 218, -106]
[512, 294, -162]
[611, 200, -95]
[514, 277, -157]
[605, 216, -95]
[519, 280, -152]
[589, 511, -12]
[504, 490, 12]
[576, 685, 11]
[489, 666, 151]
[552, 835, 110]
[475, 822, 310]
[550, 857, 117]
[477, 845, 326]
[536, 896, 32]
[466, 879, 255]
[532, 159, -136]
[541, 138, -155]
[548, 137, -155]
[556, 135, -155]
[528, 139, -130]
[525, 139, -130]
[523, 139, -130]
[588, 134, -170]
[539, 138, -54]
[554, 177, -136]
[537, 175, -102]
[681, 248, -135]
[524, 222, -8]
[646, 379, -151]
[482, 320, -27]
[597, 245, -121]
[496, 288, -147]
[592, 213, -125]
[505, 285, -161]
[609, 195, -112]
[512, 269, -158]
[604, 208, -112]
[518, 272, -152]
[590, 511, -17]
[503, 490, 17]
[576, 689, 7]
[488, 669, 162]
[553, 843, 112]
[475, 827, 328]
[552, 866, 120]
[477, 851, 345]
[536, 903, 32]
[462, 882, 273]
[530, 159, -138]
[540, 139, -158]
[547, 138, -158]
[554, 136, -158]
[527, 140, -132]
[524, 139, -132]
[522, 139, -132]
[587, 135, -176]
[539, 138, -56]
[554, 178, -139]
[537, 175, -104]
[681, 250, -146]
[524, 222, -6]
[646, 379, -169]
[483, 320, -18]
[598, 244, -128]
[491, 288, -146]
[589, 209, -132]
[496, 284, -148]
[608, 192, -119]
[500, 268, -139]
[604, 204, -119]
[508, 271, -147]
[590, 511, -24]
[504, 491, 24]
[576, 689, 9]
[488, 669, 173]
[554, 844, 136]
[475, 827, 344]
[554, 867, 146]
[477, 851, 361]
[533, 903, 56]
[460, 882, 289]
[529, 159, -140]
[537, 139, -161]
[544, 138, -161]
[551, 136, -161]
[525, 140, -134]
[523, 139, -134]
[521, 139, -134]
[584, 136, -184]
[538, 138, -58]
[552, 178, -142]
[536, 175, -106]
[681, 251, -155]
[524, 222, -5]
[648, 379, -178]
[483, 320, 0]
[596, 243, -128]
[491, 291, -92]
[580, 207, -132]
[494, 288, -98]
[600, 191, -116]
[500, 273, -97]
[599, 203, -117]
[506, 276, -96]
[589, 511, -28]
[504, 490, 29]
[576, 689, 20]
[487, 669, 179]
[554, 844, 161]
[475, 827, 356]
[554, 867, 172]
[477, 851, 374]
[531, 902, 83]
[459, 882, 301]
[527, 160, -140]
[536, 140, -162]
[543, 140, -162]
[549, 138, -162]
[524, 140, -134]
[522, 140, -134]
[520, 139, -134]
[582, 137, -188]
[537, 139, -59]
[550, 179, -143]
[534, 176, -106]
[681, 253, -163]
[524, 221, 3]
[643, 380, -185]
[480, 312, 31]
[589, 244, -127]
[475, 280, -33]
[570, 207, -130]
[472, 273, -37]
[591, 191, -114]
[479, 261, -36]
[591, 203, -115]
[488, 265, -37]
[588, 511, -36]
[505, 489, 36]
[574, 689, 18]
[486, 669, 195]
[553, 848, 156]
[474, 827, 380]
[554, 872, 167]
[477, 851, 398]
[526, 902, 78]
[456, 880, 325]
[527, 161, -140]
[536, 141, -162]
[543, 140, -162]
[550, 139, -162]
[524, 141, -134]
[522, 140, -134]
[520, 140, -134]
[581, 137, -184]
[537, 139, -57]
[550, 180, -142]
[534, 176, -106]
[681, 252, -157]
[524, 221, 5]
[645, 380, -182]
[479, 310, 31]
[590, 242, -125]
[475, 279, -83]
[572, 205, -129]
[472, 273, -94]
[591, 188, -113]
[479, 261, -92]
[591, 201, -114]
[487, 265, -88]
[587, 510, -35]
[505, 487, 36]
[571, 686, 18]
[483, 665, 184]
[550, 845, 151]
[472, 822, 356]
[552, 869, 162]
[476, 846, 373]
[520, 895, 75]
[453, 871, 303]
[527, 161, -148]
[536, 141, -169]
[543, 140, -169]
[550, 139, -169]
[524, 141, -142]
[522, 140, -142]
[520, 140, -142]
[580, 138, -185]
[537, 139, -61]
[550, 180, -148]
[534, 176, -112]
[679, 251, -154]
[524, 221, 1]
[646, 377, -182]
[481, 310, -10]
[591, 242, -134]
[476, 282, -140]
[573, 206, -142]
[473, 277, -155]
[591, 189, -126]
[479, 264, -157]
[591, 202, -123]
[488, 268, -147]
[587, 509, -34]
[505, 487, 34]
[574, 680, 18]
[483, 660, 195]
[551, 838, 150]
[473, 815, 390]
[552, 860, 160]
[476, 838, 409]
[524, 889, 74]
[454, 867, 334]
[527, 160, -154]
[536, 141, -174]
[543, 140, -174]
[550, 139, -174]
[524, 141, -147]
[522, 140, -147]
[520, 140, -147]
[579, 137, -190]
[537, 139, -64]
[550, 179, -154]
[534, 176, -118]
[679, 251, -159]
[522, 225, -3]
[654, 375, -184]
[482, 314, -38]
[592, 243, -131]
[478, 292, -182]
[574, 209, -138]
[476, 292, -200]
[591, 194, -121]
[480, 277, -203]
[591, 204, -119]
[489, 279, -189]
[588, 509, -34]
[504, 489, 34]
[574, 679, 22]
[484, 660, 196]
[554, 837, 168]
[473, 816, 391]
[555, 860, 179]
[477, 839, 410]
[529, 888, 82]
[454, 868, 330]
[527, 159, -151]
[535, 140, -171]
[542, 139, -171]
[549, 138, -171]
[523, 141, -145]
[521, 140, -145]
[519, 140, -145]
[577, 137, -188]
[535, 139, -63]
[549, 177, -151]
[533, 175, -116]
[679, 250, -157]
[521, 225, -2]
[660, 375, -184]
[482, 315, -46]
[593, 243, -131]
[478, 292, -208]
[570, 209, -139]
[476, 291, -229]
[586, 194, -121]
[481, 276, -230]
[588, 205, -120]
[489, 279, -215]
[588, 509, -34]
[504, 489, 35]
[575, 680, 16]
[485, 660, 190]
[557, 838, 167]
[475, 817, 376]
[558, 860, 178]
[478, 840, 395]
[531, 889, 72]
[455, 869, 317]
[526, 158, -152]
[535, 139, -172]
[542, 138, -172]
[548, 136, -172]
[523, 140, -145]
[521, 140, -145]
[519, 139, -145]
[576, 137, -186]
[535, 139, -62]
[549, 177, -151]
[533, 174, -116]
[678, 250, -155]
[520, 226, -4]
[668, 375, -195]
[487, 318, -42]
[596, 244, -158]
[485, 301, -176]
[570, 211, -168]
[484, 302, -193]
[587, 196, -146]
[486, 288, -195]
[589, 206, -146]
[494, 290, -183]
[588, 509, -34]
[504, 490, 34]
[577, 680, 29]
[486, 661, 187]
[559, 838, 180]
[475, 818, 371]
[559, 861, 191]
[478, 841, 390]
[533, 889, 94]
[455, 870, 311]
[526, 158, -135]
[534, 139, -156]
[541, 138, -156]
[547, 136, -156]
[522, 140, -128]
[520, 140, -128]
[518, 139, -128]
[575, 137, -179]
[535, 139, -49]
[548, 177, -137]
[532, 175, -100]
[677, 248, -151]
[521, 225, 7]
[674, 379, -191]
[485, 317, -36]
[600, 250, -146]
[482, 300, -191]
[571, 218, -154]
[481, 300, -210]
[588, 200, -127]
[484, 287, -210]
[591, 211, -130]
[491, 288, -198]
[588, 509, -35]
[504, 490, 36]
[578, 683, -2]
[488, 663, 182]
[560, 845, 120]
[475, 823, 352]
[561, 870, 128]
[479, 848, 368]
[534, 896, 34]
[455, 874, 291]
[525, 158, -131]
[534, 139, -152]
[540, 137, -152]
[547, 136, -152]
[522, 139, -124]
[520, 139, -124]
[518, 139, -124]
[575, 136, -177]
[534, 139, -46]
[547, 177, -134]
[531, 175, -97]
[677, 246, -149]
[521, 225, 8]
[675, 383, -179]
[485, 326, -36]
[600, 255, -126]
[484, 313, -194]
[571, 223, -133]
[485, 314, -213]
[587, 204, -108]
[487, 298, -216]
[585, 220, -111]
[493, 299, -201]
[588, 509, -36]
[504, 490, 36]
[579, 687, -3]
[489, 667, 182]
[561, 851, 124]
[475, 828, 351]
[563, 876, 134]
[479, 854, 367]
[535, 902, 38]
[455, 880, 288]
