[477, 60, -202]
[485, 48, -187]
[490, 49, -187]
[495, 49, -187]
[470, 49, -186]
[464, 50, -186]
[458, 51, -186]
[505, 60, -98]
[450, 63, -94]
[485, 76, -169]
[468, 77, -168]
[549, 154, -61]
[410, 151, -49]
[577, 245, -86]
[381, 242, -159]
[608, 271, -197]
[400, 202, -368]
[617, 280, -226]
[410, 195, -407]
[608, 260, -239]
[409, 180, -409]
[593, 254, -205]
[411, 185, -375]
[524, 368, -10]
[438, 369, 11]
[536, 498, -21]
[430, 491, 74]
[550, 597, 161]
[429, 530, 317]
[549, 610, 174]
[436, 586, 339]
[557, 646, 86]
[415, 622, 263]
[485, 64, -195]
[493, 53, -181]
[498, 53, -181]
[503, 53, -181]
[477, 53, -179]
[471, 54, -179]
[467, 55, -179]
[511, 64, -96]
[461, 67, -87]
[496, 81, -165]
[475, 82, -163]
[559, 167, -55]
[416, 156, -34]
[583, 251, -123]
[386, 238, -93]
[609, 267, -306]
[390, 216, -260]
[626, 263, -341]
[382, 220, -291]
[623, 245, -355]
[401, 188, -299]
[612, 246, -316]
[394, 196, -269]
[526, 361, -6]
[443, 361, 6]
[540, 495, -34]
[435, 492, 4]
[537, 590, 184]
[442, 550, 247]
[532, 603, 202]
[435, 590, 268]
[543, 640, 114]
[418, 628, 185]
[486, 66, -178]
[493, 55, -162]
[499, 55, -162]
[504, 56, -162]
[478, 55, -161]
[473, 56, -161]
[468, 57, -161]
[513, 67, -75]
[459, 69, -67]
[496, 83, -145]
[478, 84, -144]
[558, 164, -26]
[417, 159, -29]
[581, 248, -116]
[389, 234, -117]
[637, 259, -288]
[394, 223, -298]
[650, 250, -325]
[394, 226, -333]
[648, 232, -337]
[400, 200, -340]
[638, 235, -297]
[402, 206, -306]
[528, 369, 0]
[442, 367, 1]
[545, 502, -50]
[434, 501, 3]
[549, 612, 137]
[426, 584, 251]
[543, 627, 152]
[430, 597, 273]
[565, 660, 69]
[409, 627, 191]
[483, 69, -201]
[493, 58, -186]
[498, 58, -187]
[503, 59, -187]
[476, 58, -182]
[470, 58, -182]
[465, 59, -183]
[513, 70, -108]
[457, 71, -90]
[494, 86, -173]
[473, 86, -167]
[556, 163, -100]
[418, 158, -70]
[516, 240, -204]
[429, 235, -175]
[458, 195, -281]
[524, 209, -279]
[419, 187, -308]
[556, 205, -303]
[429, 170, -296]
[551, 189, -291]
[442, 175, -277]
[542, 194, -277]
[533, 374, -4]
[445, 371, 5]
[549, 505, -39]
[434, 508, 29]
[561, 603, 160]
[427, 591, 261]
[557, 617, 177]
[432, 602, 281]
[577, 647, 100]
[415, 635, 212]
[485, 69, -192]
[494, 58, -178]
[499, 58, -179]
[504, 59, -179]
[477, 58, -174]
[471, 59, -174]
[465, 60, -174]
[514, 70, -103]
[457, 72, -84]
[496, 86, -164]
[474, 88, -158]
[556, 161, -98]
[420, 156, -47]
[514, 242, -166]
[419, 233, -119]
[426, 205, -231]
[466, 242, -242]
[389, 203, -260]
[480, 254, -271]
[395, 186, -252]
[480, 241, -273]
[406, 188, -229]
[477, 238, -247]
[532, 372, -10]
[445, 368, 10]
[543, 500, -18]
[433, 499, 82]
[554, 598, 184]
[434, 550, 316]
[554, 610, 201]
[431, 599, 337]
[554, 646, 121]
[410, 631, 264]
[487, 69, -196]
[496, 57, -180]
[501, 58, -180]
[506, 59, -180]
[478, 57, -177]
[472, 58, -177]
[466, 59, -177]
[514, 70, -97]
[458, 71, -80]
[498, 86, -164]
[476, 87, -161]
[559, 162, -58]
[422, 156, -38]
[587, 246, -161]
[410, 241, -144]
[612, 208, -336]
[394, 197, -348]
[614, 198, -373]
[392, 183, -386]
[613, 183, -372]
[389, 166, -386]
[606, 188, -341]
[398, 174, -355]
[533, 374, -6]
[447, 371, 6]
[545, 499, -32]
[433, 503, 46]
[549, 589, 166]
[438, 547, 263]
[544, 602, 181]
[437, 600, 283]
[561, 634, 106]
[419, 633, 210]
[487, 69, -206]
[497, 57, -190]
[501, 58, -190]
[506, 59, -190]
[479, 57, -189]
[472, 58, -189]
[467, 59, -189]
[515, 70, -101]
[459, 70, -96]
[498, 86, -174]
[476, 86, -173]
[558, 162, -64]
[421, 155, -49]
[593, 246, -180]
[403, 251, -158]
[597, 194, -365]
[380, 200, -364]
[603, 184, -403]
[374, 182, -401]
[598, 174, -397]
[377, 171, -400]
[594, 178, -367]
[382, 178, -369]
[531, 373, -7]
[446, 370, 7]
[543, 497, -9]
[432, 496, 56]
[545, 582, 181]
[440, 537, 293]
[540, 595, 196]
[446, 580, 315]
[556, 627, 119]
[417, 616, 241]
[487, 69, -217]
[497, 57, -202]
[501, 58, -202]
[506, 59, -202]
[479, 57, -199]
[472, 58, -199]
[467, 58, -200]
[515, 70, -112]
[459, 70, -103]
[498, 86, -185]
[475, 86, -182]
[560, 165, -68]
[420, 155, -53]
[594, 251, -190]
[400, 258, -160]
[598, 188, -378]
[380, 192, -366]
[599, 174, -417]
[378, 169, -404]
[591, 164, -409]
[380, 160, -401]
[590, 172, -380]
[384, 167, -371]
[531, 374, -7]
[444, 371, 7]
[545, 499, -13]
[432, 499, 53]
[545, 587, 189]
[441, 538, 273]
[539, 599, 205]
[439, 596, 293]
[558, 633, 125]
[418, 627, 215]
[486, 70, -223]
[496, 58, -209]
[501, 59, -209]
[506, 60, -209]
[478, 57, -205]
[472, 58, -205]
[466, 59, -205]
[515, 71, -120]
[459, 69, -106]
[497, 86, -192]
[474, 86, -188]
[561, 166, -74]
[419, 155, -56]
[593, 252, -203]
[398, 260, -164]
[596, 186, -392]
[380, 190, -371]
[598, 172, -429]
[379, 168, -409]
[590, 163, -421]
[381, 158, -405]
[589, 171, -392]
[385, 165, -375]
[530, 374, -8]
[443, 371, 8]
[543, 501, -18]
[432, 500, 52]
[542, 589, 179]
[440, 538, 280]
[537, 602, 194]
[437, 594, 301]
[554, 634, 117]
[418, 625, 223]
[485, 70, -218]
[495, 58, -203]
[500, 58, -203]
[505, 60, -203]
[476, 57, -201]
[470, 58, -201]
[464, 59, -201]
[514, 70, -116]
[458, 69, -106]
[497, 86, -187]
[473, 86, -184]
[559, 166, -74]
[418, 157, -62]
[630, 231, -193]
[397, 260, -167]
[599, 178, -370]
[375, 190, -362]
[626, 150, -407]
[372, 167, -398]
[618, 138, -398]
[376, 159, -396]
[613, 147, -371]
[380, 165, -367]
[530, 373, -8]
[444, 369, 9]
[544, 502, -18]
[433, 495, 71]
[548, 589, 172]
[440, 538, 294]
[543, 603, 186]
[437, 595, 314]
[561, 633, 112]
[418, 625, 231]
[485, 70, -202]
[495, 58, -188]
[501, 59, -188]
[506, 60, -188]
[476, 58, -186]
[470, 58, -186]
[464, 59, -186]
[514, 72, -105]
[457, 70, -97]
[496, 87, -173]
[473, 87, -170]
[557, 172, -61]
[418, 161, -58]
[597, 241, -184]
[397, 258, -173]
[600, 171, -357]
[377, 167, -353]
[608, 144, -391]
[374, 145, -386]
[602, 138, -380]
[378, 141, -380]
[599, 148, -357]
[382, 147, -355]
[530, 375, -6]
[445, 372, 6]
[545, 499, -26]
[434, 496, 70]
[553, 590, 131]
[441, 540, 276]
[549, 604, 143]
[445, 562, 295]
[565, 632, 60]
[417, 629, 227]
[484, 70, -196]
[495, 58, -183]
[500, 59, -183]
[505, 60, -183]
[476, 57, -180]
[470, 58, -180]
[464, 59, -180]
[514, 71, -100]
[457, 70, -92]
[496, 88, -168]
[473, 88, -164]
[556, 171, -60]
[418, 163, -58]
[591, 241, -191]
[394, 256, -180]
[594, 160, -360]
[378, 157, -343]
[603, 139, -393]
[374, 135, -374]
[596, 133, -380]
[379, 131, -366]
[590, 142, -359]
[383, 137, -345]
[530, 377, -5]
[445, 373, 5]
[546, 499, -37]
[435, 497, 69]
[554, 593, 122]
[441, 551, 273]
[550, 608, 134]
[442, 599, 292]
[565, 637, 51]
[416, 633, 221]
[483, 70, -194]
[494, 58, -182]
[500, 59, -182]
[505, 60, -182]
[476, 58, -178]
[470, 58, -178]
[464, 59, -178]
[514, 71, -95]
[457, 70, -89]
[496, 88, -167]
[473, 88, -163]
[556, 171, -58]
[418, 163, -53]
[591, 242, -188]
[392, 254, -171]
[595, 158, -354]
[378, 156, -339]
[602, 139, -388]
[375, 134, -371]
[595, 132, -374]
[380, 129, -362]
[590, 141, -353]
[384, 135, -340]
[530, 378, -5]
[445, 374, 5]
[546, 498, -37]
[434, 497, 69]
[552, 590, 131]
[440, 546, 275]
[548, 604, 144]
[439, 601, 294]
[563, 635, 69]
[415, 632, 216]
[483, 71, -199]
[494, 58, -187]
[499, 59, -187]
[504, 60, -187]
[475, 58, -183]
[470, 59, -183]
[464, 60, -183]
[514, 72, -107]
[458, 71, -94]
[496, 89, -171]
[473, 89, -167]
[559, 170, -68]
[420, 164, -60]
[589, 241, -207]
[392, 253, -172]
[598, 157, -376]
[379, 154, -331]
[605, 136, -410]
[374, 133, -362]
[598, 131, -396]
[380, 127, -354]
[592, 139, -376]
[384, 134, -333]
[530, 382, -6]
[446, 377, 6]
[546, 497, -20]
[435, 496, 77]
[551, 590, 154]
[441, 544, 291]
[547, 603, 169]
[447, 561, 311]
[561, 635, 89]
[415, 632, 231]
[482, 72, -211]
[493, 59, -199]
[499, 59, -199]
[504, 60, -199]
[475, 59, -195]
[469, 60, -195]
[463, 61, -195]
[513, 71, -116]
[457, 71, -100]
[495, 89, -181]
[472, 90, -176]
[558, 169, -74]
[420, 163, -63]
[591, 241, -212]
[390, 253, -186]
[598, 155, -385]
[379, 156, -362]
[605, 134, -420]
[374, 132, -394]
[598, 128, -404]
[381, 127, -383]
[593, 136, -384]
[384, 134, -362]
[529, 383, -7]
[445, 378, 7]
[544, 502, -21]
[435, 498, 118]
[548, 598, 141]
[440, 545, 364]
[544, 613, 154]
[442, 596, 387]
[558, 643, 67]
[415, 633, 309]
[483, 72, -206]
[494, 58, -193]
[500, 59, -193]
[505, 60, -193]
[475, 59, -189]
[469, 60, -189]
[463, 61, -190]
[515, 71, -112]
[457, 71, -97]
[496, 89, -176]
[473, 89, -172]
[559, 169, -74]
[420, 163, -59]
[591, 246, -205]
[388, 254, -177]
[599, 157, -377]
[380, 159, -354]
[605, 133, -411]
[375, 134, -385]
[598, 126, -395]
[381, 127, -374]
[593, 134, -375]
[385, 134, -355]
[530, 382, -7]
[445, 378, 8]
[543, 503, -58]
[434, 499, 100]
[548, 604, 102]
[440, 552, 333]
[544, 619, 115]
[440, 607, 355]
[551, 650, 32]
[417, 635, 281]
[484, 72, -203]
[494, 58, -190]
[500, 59, -190]
[505, 60, -190]
[475, 59, -187]
[469, 60, -187]
[463, 61, -187]
[515, 71, -108]
[457, 71, -93]
[497, 88, -175]
[473, 89, -171]
[559, 168, -67]
[420, 162, -51]
[592, 248, -200]
[387, 255, -171]
[600, 158, -372]
[380, 160, -348]
[606, 133, -407]
[375, 134, -379]
[599, 126, -392]
[381, 127, -369]
[594, 134, -371]
[385, 135, -349]
[531, 381, -8]
[444, 378, 8]
[543, 504, -69]
[433, 502, 91]
[546, 607, 94]
[437, 592, 320]
[543, 622, 107]
[439, 612, 341]
[549, 654, 24]
[417, 637, 267]
[484, 72, -204]
[495, 58, -191]
[501, 59, -191]
[506, 60, -191]
[475, 59, -188]
[469, 59, -188]
[463, 60, -188]
[516, 71, -107]
[457, 71, -92]
[498, 88, -174]
[474, 89, -170]
[560, 168, -67]
[420, 162, -50]
[594, 250, -206]
[386, 256, -173]
[600, 159, -391]
[380, 160, -362]
[606, 134, -427]
[376, 134, -395]
[601, 126, -411]
[382, 127, -385]
[596, 135, -389]
[385, 135, -363]
[531, 380, -8]
[444, 377, 8]
[543, 505, -67]
[433, 502, 88]
[546, 607, 103]
[434, 596, 312]
[542, 621, 116]
[439, 611, 333]
[548, 653, 34]
[417, 637, 258]
[485, 71, -187]
[496, 58, -173]
[502, 59, -173]
[506, 60, -173]
[476, 59, -170]
[470, 59, -169]
[464, 60, -170]
[516, 71, -86]
[457, 71, -71]
[498, 88, -155]
[474, 89, -151]
[561, 167, -47]
[420, 162, -26]
[595, 251, -184]
[385, 255, -146]
[600, 160, -382]
[382, 160, -339]
[605, 134, -424]
[379, 133, -374]
[600, 126, -403]
[384, 126, -364]
[596, 135, -379]
[388, 134, -340]
[531, 380, -8]
[444, 376, 8]
[544, 507, -57]
[433, 505, 63]
[545, 612, 117]
[432, 603, 281]
[541, 627, 130]
[437, 618, 301]
[549, 660, 47]
[416, 642, 222]
[485, 71, -187]
[496, 58, -172]
[502, 58, -172]
[507, 59, -172]
[476, 58, -170]
[470, 59, -170]
[464, 60, -170]
[516, 70, -84]
[457, 70, -74]
[499, 88, -154]
[474, 89, -151]
[561, 167, -42]
[420, 162, -33]
[596, 250, -169]
[385, 255, -147]
[601, 160, -348]
[384, 159, -340]
[605, 135, -385]
[382, 131, -374]
[600, 127, -369]
[387, 125, -365]
[596, 135, -347]
[390, 134, -341]
[532, 379, -5]
[444, 376, 6]
[550, 505, -36]
[432, 505, 67]
[551, 608, 144]
[435, 564, 295]
[546, 623, 158]
[437, 613, 317]
[561, 655, 77]
[416, 639, 234]
[486, 70, -163]
[496, 58, -149]
[502, 58, -149]
[507, 59, -149]
[476, 58, -147]
[470, 59, -147]
[464, 59, -147]
[516, 70, -63]
[457, 70, -55]
[499, 88, -132]
[475, 88, -130]
[561, 167, -25]
[420, 162, -22]
[597, 250, -155]
[385, 255, -144]
[600, 159, -330]
[388, 158, -318]
[603, 134, -365]
[390, 131, -351]
[598, 126, -348]
[393, 124, -340]
[595, 135, -328]
[395, 134, -319]
[532, 380, -4]
[444, 377, 4]
[549, 508, -20]
[431, 507, 46]
[550, 617, 167]
[431, 605, 272]
[544, 631, 183]
[435, 623, 293]
[557, 667, 111]
[417, 650, 218]
[486, 70, -164]
[496, 57, -149]
[502, 58, -149]
[507, 58, -149]
[476, 57, -148]
[470, 58, -148]
[464, 59, -148]
[516, 69, -64]
[457, 69, -57]
[499, 87, -132]
[475, 88, -131]
[561, 166, -24]
[420, 162, -24]
[598, 250, -149]
[385, 254, -145]
[600, 157, -320]
[391, 157, -316]
[604, 133, -354]
[392, 129, -349]
[600, 125, -338]
[395, 123, -337]
[596, 134, -318]
[398, 133, -316]
[532, 381, -3]
[443, 378, 3]
[548, 509, -19]
[431, 508, 46]
[547, 618, 168]
[430, 609, 271]
[542, 631, 184]
[433, 624, 292]
[551, 669, 112]
[418, 652, 218]
[486, 69, -166]
[496, 57, -152]
[502, 57, -152]
[507, 58, -152]
[476, 57, -149]
[470, 58, -149]
[464, 58, -149]
[516, 68, -70]
[457, 68, -60]
[499, 87, -136]
[475, 88, -132]
[561, 166, -34]
[420, 162, -31]
[598, 250, -160]
[384, 254, -156]
[600, 156, -330]
[390, 157, -325]
[604, 133, -364]
[391, 130, -357]
[600, 125, -349]
[395, 123, -341]
[596, 134, -328]
[398, 132, -323]
[532, 382, -3]
[443, 379, 4]
[548, 508, -23]
[429, 507, 74]
[547, 615, 162]
[433, 572, 313]
[541, 628, 178]
[434, 619, 336]
[551, 664, 104]
[419, 648, 262]
[486, 69, -171]
[496, 56, -158]
[502, 57, -158]
[507, 57, -158]
[476, 57, -155]
[470, 57, -155]
[464, 58, -155]
[516, 68, -75]
[457, 68, -65]
[499, 87, -141]
[474, 88, -138]
[561, 166, -37]
[419, 162, -32]
[597, 250, -179]
[382, 254, -160]
[600, 157, -361]
[389, 157, -337]
[603, 133, -398]
[390, 131, -370]
[600, 126, -381]
[394, 124, -354]
[595, 135, -359]
[397, 133, -336]
[532, 385, -4]
[443, 382, 5]
[548, 509, -35]
[428, 508, 91]
[547, 617, 156]
[436, 564, 333]
[541, 631, 173]
[434, 622, 356]
[550, 667, 96]
[419, 650, 281]
[486, 69, -175]
[496, 56, -161]
[502, 56, -161]
[507, 57, -161]
[476, 56, -158]
[470, 57, -158]
[464, 58, -158]
[516, 68, -78]
[457, 67, -67]
[499, 87, -144]
[474, 88, -141]
[561, 166, -40]
[419, 162, -33]
[598, 249, -179]
[381, 254, -166]
[599, 157, -359]
[389, 158, -340]
[603, 133, -394]
[390, 130, -373]
[599, 126, -380]
[394, 124, -358]
[593, 135, -357]
[397, 133, -339]
[533, 385, -4]
[443, 383, 5]
[549, 509, -42]
[428, 508, 89]
[549, 618, 130]
[435, 602, 327]
[543, 632, 145]
[435, 625, 350]
[554, 668, 66]
[420, 652, 275]
[486, 69, -175]
[496, 56, -161]
[502, 56, -161]
[507, 57, -161]
[476, 56, -159]
[470, 57, -159]
[464, 58, -159]
[516, 67, -77]
[457, 67, -66]
[499, 87, -145]
[474, 88, -142]
[561, 166, -40]
[419, 163, -32]
[600, 249, -175]
[381, 253, -165]
[599, 157, -351]
[389, 158, -336]
[597, 134, -386]
[389, 130, -369]
[593, 126, -368]
[394, 124, -354]
[589, 136, -347]
[397, 133, -335]
[533, 387, -4]
[443, 385, 5]
[550, 511, -55]
[428, 509, 89]
[550, 621, 114]
[437, 580, 335]
[545, 637, 128]
[437, 629, 358]
[557, 671, 47]
[420, 655, 283]
[486, 69, -176]
[496, 56, -161]
[502, 56, -161]
[507, 57, -161]
[477, 56, -159]
[470, 57, -159]
[464, 58, -159]
[516, 67, -76]
[457, 67, -67]
[499, 87, -145]
[475, 88, -142]
[561, 166, -41]
[419, 163, -35]
[599, 249, -180]
[387, 250, -176]
[595, 158, -350]
[390, 157, -346]
[591, 135, -386]
[393, 130, -378]
[587, 127, -368]
[397, 124, -365]
[584, 137, -347]
[399, 134, -346]
[534, 390, -4]
[443, 387, 5]
[551, 512, -51]
[428, 510, 87]
[550, 620, 116]
[439, 573, 329]
[545, 635, 129]
[438, 626, 352]
[558, 669, 51]
[420, 653, 278]
[486, 69, -171]
[496, 56, -156]
[502, 56, -156]
[507, 57, -156]
[477, 56, -154]
[470, 57, -154]
[464, 58, -154]
[516, 67, -72]
[457, 67, -63]
[499, 87, -140]
[475, 88, -138]
[561, 166, -41]
[419, 163, -35]
[600, 249, -180]
[389, 250, -175]
[594, 159, -346]
[394, 157, -343]
[589, 135, -380]
[396, 130, -375]
[585, 128, -360]
[400, 124, -365]
[582, 138, -342]
[401, 134, -344]
[534, 392, -5]
[443, 390, 5]
[551, 512, -50]
[427, 511, 87]
[549, 620, 121]
[438, 605, 332]
[545, 635, 134]
[439, 627, 355]
[558, 671, 57]
[420, 655, 284]
[486, 69, -167]
[496, 56, -153]
[502, 56, -153]
[507, 57, -153]
[477, 56, -151]
[471, 57, -151]
[464, 57, -151]
[516, 67, -69]
[457, 67, -61]
[499, 87, -137]
[475, 88, -135]
[561, 166, -38]
[419, 163, -35]
[602, 250, -173]
[389, 249, -174]
[593, 160, -331]
[394, 157, -342]
[589, 136, -363]
[398, 130, -374]
[584, 129, -345]
[403, 125, -363]
[581, 140, -328]
[403, 134, -342]
[534, 394, -4]
[443, 391, 5]
[551, 515, -48]
[427, 511, 87]
[549, 624, 111]
[438, 612, 341]
[544, 640, 124]
[440, 628, 365]
[557, 676, 48]
[420, 656, 300]
[486, 69, -160]
[496, 56, -145]
[502, 56, -145]
[507, 57, -145]
[477, 56, -142]
[471, 57, -142]
[464, 57, -142]
[516, 68, -62]
[457, 67, -48]
[498, 87, -130]
[475, 88, -126]
[561, 166, -35]
[419, 163, -22]
[601, 250, -174]
[388, 249, -168]
[592, 160, -334]
[395, 157, -341]
[588, 136, -366]
[398, 131, -374]
[584, 130, -347]
[403, 126, -360]
[580, 140, -330]
[404, 135, -341]
[534, 397, -5]
[443, 393, 5]
[548, 515, -48]
[427, 514, 78]
[548, 641, 113]
[435, 628, 336]
[544, 657, 126]
[437, 642, 364]
[553, 692, 52]
[420, 670, 287]
[486, 69, -164]
[496, 56, -149]
[502, 56, -149]
[507, 57, -149]
[477, 56, -146]
[470, 57, -146]
[464, 57, -147]
[516, 68, -65]
[457, 67, -52]
[498, 88, -134]
[475, 88, -130]
[561, 166, -43]
[419, 164, -24]
[600, 250, -193]
[387, 249, -169]
[589, 161, -356]
[395, 157, -350]
[587, 136, -389]
[396, 131, -383]
[583, 130, -369]
[403, 125, -369]
[579, 140, -352]
[403, 135, -349]
[535, 396, -6]
[443, 393, 6]
[546, 516, -37]
[428, 514, 78]
[541, 637, 119]
[435, 622, 326]
[538, 652, 132]
[437, 638, 352]
[543, 688, 64]
[420, 667, 283]
[486, 69, -164]
[496, 56, -150]
[502, 56, -150]
[507, 57, -150]
[477, 56, -148]
[470, 57, -148]
[464, 57, -148]
[516, 68, -67]
[457, 67, -55]
[498, 88, -135]
[475, 88, -132]
[561, 166, -45]
[419, 164, -25]
[599, 250, -201]
[387, 248, -173]
[587, 161, -370]
[394, 157, -358]
[585, 136, -405]
[396, 131, -391]
[582, 130, -385]
[402, 120, -379]
[577, 141, -366]
[404, 132, -358]
[535, 396, -6]
[443, 393, 6]
[545, 516, -28]
[428, 515, 70]
[539, 639, 145]
[435, 628, 308]
[536, 654, 160]
[437, 642, 332]
[540, 691, 91]
[422, 672, 263]
[486, 69, -174]
[497, 56, -159]
[502, 56, -159]
[507, 57, -159]
[477, 56, -156]
[471, 56, -156]
[465, 57, -156]
[516, 68, -75]
[457, 67, -61]
[499, 88, -143]
[475, 88, -140]
[561, 166, -62]
[419, 164, -38]
[594, 251, -215]
[390, 244, -191]
[545, 168, -364]
[421, 154, -360]
[523, 137, -398]
[430, 130, -392]
[525, 126, -378]
[429, 118, -378]
[524, 138, -359]
[431, 130, -360]
[535, 396, -6]
[443, 394, 6]
[545, 516, -16]
[429, 516, 60]
[538, 641, 171]
[435, 631, 286]
[535, 656, 187]
[437, 644, 308]
[540, 692, 121]
[424, 676, 241]
[486, 69, -184]
[497, 56, -168]
[503, 56, -168]
[507, 57, -168]
[477, 56, -167]
[471, 56, -167]
[465, 57, -167]
[516, 68, -76]
[457, 67, -71]
[499, 88, -151]
[475, 88, -150]
[561, 166, -60]
[418, 164, -41]
[596, 251, -207]
[392, 244, -188]
[570, 168, -388]
[408, 156, -371]
[559, 137, -425]
[408, 133, -404]
[558, 127, -406]
[408, 119, -394]
[556, 139, -385]
[414, 131, -373]
[535, 396, -5]
[443, 394, 6]
[545, 516, -21]
[429, 516, 51]
[537, 638, 166]
[436, 626, 290]
[533, 654, 181]
[438, 642, 313]
[538, 690, 109]
[428, 673, 241]
[487, 69, -183]
[497, 56, -167]
[503, 56, -167]
[508, 57, -167]
[477, 56, -165]
[471, 56, -165]
[465, 57, -165]
[517, 68, -75]
[457, 67, -70]
[499, 88, -150]
[475, 88, -148]
[561, 166, -56]
[418, 164, -40]
[595, 252, -204]
[391, 244, -186]
[576, 168, -380]
[407, 157, -367]
[566, 137, -415]
[406, 133, -399]
[571, 127, -396]
[407, 117, -388]
[563, 140, -377]
[413, 129, -368]
[535, 397, -5]
[443, 395, 5]
[544, 516, -18]
[429, 518, 46]
[537, 642, 165]
[436, 632, 282]
[533, 657, 181]
[438, 645, 305]
[539, 692, 109]
[429, 677, 232]
[487, 69, -174]
[497, 56, -158]
[503, 56, -158]
[508, 57, -158]
[477, 56, -157]
[471, 56, -157]
[465, 57, -157]
[516, 68, -68]
[457, 67, -65]
[499, 88, -142]
[475, 88, -141]
[561, 166, -42]
[417, 164, -36]
[595, 252, -191]
[388, 246, -184]
[580, 168, -371]
[401, 158, -372]
[575, 137, -406]
[398, 135, -405]
[574, 130, -386]
[403, 125, -393]
[566, 140, -367]
[410, 137, -372]
[535, 397, -5]
[443, 395, 5]
[544, 516, -21]
[430, 518, 47]
[536, 642, 159]
[435, 634, 271]
[533, 657, 174]
[437, 647, 292]
[536, 693, 101]
[429, 678, 222]
[487, 69, -173]
[497, 56, -158]
[503, 56, -158]
[507, 57, -158]
[477, 56, -156]
[471, 56, -156]
[465, 57, -156]
[516, 68, -68]
[457, 66, -64]
[499, 88, -142]
[475, 88, -140]
[561, 166, -46]
[416, 164, -36]
[592, 251, -203]
[386, 248, -185]
[580, 168, -385]
[398, 161, -371]
[576, 141, -422]
[395, 137, -404]
[574, 133, -404]
[401, 129, -392]
[567, 144, -383]
[408, 140, -371]
[536, 396, -4]
[442, 395, 5]
[544, 516, -18]
[430, 517, 48]
[536, 641, 164]
[434, 633, 266]
[533, 656, 179]
[436, 647, 287]
[537, 692, 112]
[429, 678, 216]
[487, 69, -173]
[497, 55, -158]
[503, 56, -158]
[507, 57, -158]
[477, 56, -156]
[471, 56, -156]
[465, 57, -156]
[516, 67, -73]
[457, 66, -63]
[499, 88, -142]
[475, 88, -140]
[561, 166, -56]
[416, 164, -36]
[585, 251, -212]
[386, 248, -189]
[572, 169, -382]
[398, 163, -373]
[550, 137, -417]
[395, 139, -406]
[561, 136, -399]
[401, 132, -393]
[549, 136, -379]
[408, 142, -373]
[536, 397, -4]
[442, 395, 4]
[543, 516, -20]
[430, 519, 35]
[535, 641, 171]
[433, 635, 252]
[532, 656, 188]
[434, 648, 273]
[535, 692, 124]
[428, 681, 205]
[487, 69, -178]
[497, 55, -164]
[503, 56, -164]
[507, 56, -164]
[477, 56, -161]
[471, 56, -161]
[464, 57, -161]
[516, 67, -83]
[457, 66, -68]
[499, 88, -149]
[475, 88, -145]
[561, 166, -68]
[416, 164, -44]
[579, 252, -219]
[386, 248, -199]
[557, 172, -379]
[398, 163, -382]
[526, 137, -414]
[401, 137, -415]
[531, 130, -395]
[403, 127, -402]
[528, 136, -376]
[409, 139, -382]
[536, 397, -3]
[441, 395, 4]
[541, 516, -13]
[430, 518, 39]
[531, 633, 192]
[434, 634, 258]
[528, 646, 210]
[435, 641, 279]
[531, 684, 150]
[429, 679, 212]
[487, 69, -178]
[497, 55, -164]
[503, 56, -164]
[507, 56, -164]
[477, 56, -161]
[471, 56, -161]
[464, 57, -161]
[516, 67, -82]
[456, 67, -69]
[499, 88, -148]
[475, 89, -145]
[561, 166, -61]
[416, 163, -47]
[579, 252, -205]
[386, 249, -201]
[572, 170, -367]
[397, 163, -381]
[568, 137, -400]
[400, 136, -414]
[566, 130, -383]
[402, 127, -401]
[557, 138, -365]
[407, 138, -381]
[536, 397, -2]
[441, 395, 2]
[542, 515, -1]
[430, 518, 38]
[531, 629, 190]
[434, 632, 260]
[528, 641, 206]
[436, 637, 282]
[532, 681, 145]
[429, 677, 216]
[487, 69, -178]
[497, 55, -164]
[503, 56, -164]
[507, 56, -164]
[477, 56, -161]
[471, 56, -161]
[464, 57, -161]
[516, 67, -81]
[456, 67, -69]
[499, 88, -148]
[475, 89, -145]
[561, 166, -53]
[416, 162, -47]
[580, 252, -195]
[386, 248, -200]
[578, 169, -361]
[394, 162, -380]
[579, 130, -394]
[397, 135, -413]
[579, 130, -378]
[400, 127, -402]
[569, 139, -359]
[404, 138, -381]
[536, 396, 0]
[441, 394, 1]
[542, 515, -6]
[430, 518, 36]
[531, 629, 180]
[435, 631, 254]
[527, 641, 197]
[437, 637, 275]
[533, 681, 132]
[430, 677, 208]
[486, 68, -179]
[497, 55, -165]
[503, 56, -165]
[507, 56, -165]
[477, 55, -161]
[471, 56, -161]
[464, 57, -161]
[516, 67, -81]
[456, 67, -69]
[499, 88, -149]
[475, 88, -145]
[561, 166, -53]
[416, 162, -42]
[581, 252, -193]
[386, 251, -185]
[583, 168, -359]
[394, 162, -370]
[585, 131, -393]
[397, 137, -403]
[583, 130, -377]
[400, 129, -392]
[579, 139, -357]
[403, 139, -371]
[536, 395, -1]
[441, 393, 1]
[542, 513, -9]
[430, 518, 39]
[529, 627, 176]
[439, 572, 258]
[525, 640, 193]
[438, 634, 278]
[532, 680, 128]
[430, 673, 209]
[486, 68, -178]
[497, 55, -164]
[503, 55, -164]
[507, 56, -164]
[477, 55, -160]
[470, 55, -160]
[464, 56, -160]
[516, 67, -81]
[456, 66, -63]
[499, 88, -148]
[475, 88, -143]
[561, 166, -53]
[416, 162, -33]
[582, 253, -193]
[386, 253, -171]
[583, 160, -357]
[394, 162, -355]
[584, 126, -389]
[396, 137, -388]
[582, 130, -374]
[399, 129, -376]
[578, 139, -354]
[402, 139, -356]
[536, 395, -1]
[441, 392, 2]
[542, 512, -10]
[430, 518, 33]
[528, 625, 183]
[443, 565, 251]
[523, 637, 201]
[440, 632, 272]
[530, 678, 136]
[431, 673, 202]
[486, 67, -180]
[497, 55, -166]
[503, 55, -166]
[507, 56, -166]
[477, 54, -161]
[470, 55, -161]
[464, 56, -161]
[516, 68, -83]
[456, 66, -63]
[499, 87, -151]
[474, 88, -145]
[562, 166, -56]
[416, 162, -34]
[582, 254, -197]
[386, 260, -170]
[587, 162, -367]
[391, 165, -357]
[587, 136, -401]
[395, 139, -391]
[583, 132, -387]
[393, 134, -379]
[580, 134, -365]
[399, 142, -358]
[536, 396, -2]
[441, 393, 2]
[542, 511, -11]
[430, 518, 27]
[526, 616, 213]
[444, 563, 256]
[523, 626, 234]
[440, 623, 277]
[527, 667, 174]
[432, 662, 203]
[486, 67, -174]
[497, 54, -158]
[502, 55, -158]
[507, 56, -158]
[476, 54, -155]
[470, 55, -155]
[463, 56, -155]
[516, 68, -73]
[455, 66, -58]
[499, 87, -144]
[474, 87, -140]
[562, 168, -44]
[416, 164, -32]
[584, 257, -183]
[385, 264, -169]
[594, 162, -358]
[389, 165, -356]
[598, 139, -391]
[391, 140, -389]
[593, 132, -376]
[391, 134, -376]
[589, 137, -357]
[397, 143, -356]
[536, 398, -2]
[441, 395, 2]
[543, 511, -20]
[430, 518, 13]
[526, 611, 208]
[443, 587, 254]
[523, 618, 229]
[441, 618, 277]
[524, 662, 174]
[436, 656, 208]
[486, 67, -174]
[496, 55, -158]
[502, 55, -159]
[507, 57, -159]
[476, 54, -155]
[469, 55, -155]
[463, 56, -155]
[516, 68, -73]
[455, 67, -60]
[499, 87, -144]
[473, 87, -140]
[562, 169, -45]
[415, 165, -32]
[590, 258, -185]
[385, 266, -169]
[599, 162, -359]
[378, 166, -355]
[605, 139, -392]
[374, 141, -389]
[597, 132, -377]
[376, 134, -378]
[593, 137, -357]
[380, 143, -357]
[536, 400, -2]
[441, 397, 2]
[543, 512, -24]
[430, 518, 19]
[526, 613, 200]
[442, 603, 255]
[523, 622, 218]
[441, 619, 278]
[523, 664, 157]
[436, 656, 209]
[485, 67, -168]
[496, 55, -153]
[502, 55, -154]
[507, 57, -154]
[476, 54, -151]
[469, 55, -151]
[463, 56, -151]
[516, 69, -72]
[455, 67, -60]
[499, 87, -140]
[473, 87, -136]
[562, 170, -45]
[415, 167, -33]
[593, 259, -182]
[385, 267, -166]
[602, 162, -352]
[376, 166, -351]
[608, 139, -383]
[376, 140, -384]
[600, 132, -368]
[376, 128, -373]
[596, 137, -350]
[381, 143, -352]
[536, 401, -2]
[441, 398, 2]
[543, 512, -10]
[430, 518, 7]
[526, 613, 228]
[441, 609, 242]
[523, 621, 251]
[441, 620, 266]
[519, 664, 203]
[438, 657, 207]
[484, 68, -165]
[495, 56, -153]
[501, 57, -153]
[506, 58, -153]
[475, 56, -148]
[468, 56, -148]
[462, 57, -148]
[516, 71, -78]
[455, 69, -59]
[497, 88, -139]
[472, 88, -134]
[562, 172, -56]
[415, 169, -33]
[592, 259, -205]
[385, 268, -166]
[602, 162, -377]
[372, 167, -352]
[607, 139, -409]
[374, 141, -385]
[600, 132, -396]
[373, 127, -374]
[595, 138, -376]
[377, 146, -353]
[537, 408, -3]
[441, 402, 3]
[543, 512, -2]
[430, 522, 14]
[525, 621, 232]
[441, 630, 236]
[523, 627, 254]
[440, 636, 258]
[516, 672, 206]
[440, 676, 200]
[482, 70, -180]
[493, 57, -165]
[500, 58, -165]
[505, 59, -165]
[473, 57, -161]
[467, 58, -161]
[461, 59, -161]
[515, 72, -80]
[454, 71, -63]
[496, 89, -150]
[471, 90, -145]
[562, 173, -54]
[415, 172, -33]
[592, 259, -202]
[385, 269, -167]
[603, 164, -391]
[372, 171, -363]
[610, 143, -427]
[369, 147, -397]
[602, 135, -413]
[371, 136, -389]
[596, 143, -391]
[375, 147, -365]
[537, 410, -3]
[441, 404, 4]
[540, 531, -26]
[432, 522, 16]
[525, 630, 196]
[441, 637, 242]
[523, 639, 216]
[441, 645, 264]
[518, 681, 147]
[443, 683, 198]
[482, 69, -183]
[493, 57, -169]
[499, 58, -169]
[505, 59, -169]
[473, 57, -165]
[467, 58, -165]
[461, 59, -165]
[515, 72, -86]
[454, 71, -68]
[496, 89, -154]
[471, 90, -148]
[562, 174, -59]
[414, 172, -35]
[589, 259, -204]
[385, 272, -168]
[602, 171, -386]
[374, 180, -366]
[606, 148, -421]
[370, 155, -401]
[601, 138, -407]
[372, 145, -392]
[594, 150, -385]
[376, 153, -369]
[538, 409, -4]
[441, 403, 4]
[538, 532, -17]
[433, 522, 25]
[525, 630, 206]
[441, 632, 245]
[523, 638, 226]
[441, 643, 267]
[517, 681, 161]
[442, 681, 197]
[482, 69, -189]
[493, 57, -172]
[500, 58, -172]
[505, 60, -172]
[473, 57, -170]
[467, 58, -170]
[461, 59, -171]
[515, 74, -85]
[454, 71, -77]
[496, 89, -157]
[471, 90, -156]
[563, 176, -51]
[413, 173, -49]
[600, 259, -180]
[388, 272, -175]
[614, 175, -361]
[375, 181, -369]
[619, 152, -395]
[371, 158, -403]
[614, 145, -387]
[372, 149, -396]
[642, 150, -363]
[376, 156, -372]
[539, 409, -1]
[442, 403, 1]
[542, 518, -16]
[435, 522, 6]
[526, 615, 237]
[441, 623, 242]
[524, 623, 261]
[441, 626, 265]
[520, 664, 201]
[444, 666, 193]
[482, 70, -197]
[493, 57, -179]
[500, 58, -179]
[505, 60, -179]
[473, 57, -176]
[467, 58, -176]
[461, 59, -176]
[515, 74, -85]
[454, 72, -76]
[496, 89, -163]
[471, 90, -161]
[565, 179, -49]
[413, 174, -40]
[603, 262, -180]
[388, 272, -139]
[617, 178, -366]
[374, 180, -328]
[621, 156, -402]
[371, 156, -361]
[614, 149, -393]
[366, 147, -356]
[625, 159, -368]
[372, 155, -331]
[540, 409, -1]
[443, 403, 1]
[542, 526, -18]
[436, 522, -1]
[527, 607, 256]
[441, 621, 243]
[526, 612, 283]
[441, 623, 265]
[522, 656, 221]
[444, 663, 195]
[482, 70, -202]
[493, 57, -182]
[500, 59, -182]
[505, 60, -183]
[474, 57, -181]
[467, 58, -181]
[461, 59, -181]
[516, 74, -85]
[454, 72, -78]
[496, 89, -167]
[471, 90, -166]
[565, 180, -47]
[413, 175, -40]
[605, 265, -176]
[388, 271, -151]
[615, 183, -366]
[370, 179, -347]
[619, 161, -402]
[367, 155, -386]
[613, 154, -393]
[361, 146, -383]
[618, 165, -368]
[368, 154, -354]
[541, 409, -1]
[444, 404, 1]
[545, 530, -21]
[436, 523, -7]
[532, 602, 257]
[441, 617, 245]
[529, 607, 284]
[442, 620, 267]
[526, 651, 225]
[444, 660, 195]
[483, 70, -212]
[494, 58, -193]
[500, 59, -193]
[506, 61, -193]
[474, 58, -191]
[468, 59, -191]
[462, 60, -191]
[516, 75, -97]
[454, 73, -90]
[497, 90, -178]
[471, 90, -176]
[566, 180, -52]
[413, 175, -47]
[610, 265, -168]
[386, 275, -156]
[650, 192, -356]
[368, 191, -367]
[677, 176, -392]
[365, 170, -405]
[688, 152, -388]
[364, 159, -401]
[652, 176, -360]
[370, 166, -372]
[541, 409, -1]
[444, 405, 2]
[546, 520, -2]
[436, 523, -1]
[532, 600, 291]
[441, 607, 269]
[530, 605, 319]
[442, 609, 297]
[526, 648, 267]
[444, 648, 234]
[483, 70, -213]
[494, 59, -193]
[500, 60, -194]
[506, 61, -194]
[474, 58, -192]
[468, 59, -192]
[462, 60, -192]
[516, 75, -94]
[454, 73, -88]
[497, 90, -178]
[471, 90, -177]
[567, 180, -50]
[413, 175, -47]
[613, 265, -160]
[386, 276, -160]
[681, 193, -344]
[368, 198, -382]
[714, 171, -379]
[365, 177, -420]
[714, 153, -380]
[365, 167, -417]
[700, 170, -350]
[370, 174, -387]
[541, 410, -1]
[444, 406, 2]
[547, 519, -13]
[436, 524, -17]
[532, 600, 292]
[441, 607, 264]
[530, 602, 322]
[442, 612, 290]
[526, 647, 275]
[445, 651, 225]
[483, 72, -207]
[494, 60, -188]
[500, 61, -188]
[506, 62, -188]
[475, 60, -188]
[468, 61, -188]
[462, 62, -188]
[516, 75, -93]
[455, 74, -81]
[497, 91, -173]
[472, 91, -174]
[569, 180, -52]
[414, 175, -36]
[612, 272, -168]
[379, 268, -140]
[670, 204, -375]
[365, 197, -347]
[675, 177, -413]
[360, 172, -384]
[675, 162, -411]
[361, 162, -380]
[664, 174, -380]
[367, 170, -352]
[541, 409, -2]
[444, 406, 3]
[547, 516, -19]
[436, 524, -10]
[532, 601, 267]
[441, 607, 262]
[531, 605, 293]
[442, 613, 287]
[526, 648, 240]
[445, 652, 221]
[486, 72, -180]
[496, 61, -163]
[502, 62, -163]
[507, 63, -163]
[477, 61, -160]
[471, 62, -160]
[464, 63, -161]
[517, 76, -66]
[457, 75, -56]
[499, 91, -144]
[475, 91, -142]
[569, 176, -24]
[417, 168, -9]
[600, 265, -76]
[379, 248, -71]
[625, 239, -218]
[393, 224, -215]
[632, 256, -250]
[398, 225, -244]
[630, 240, -262]
[403, 213, -246]
[623, 240, -226]
[405, 214, -220]
[541, 402, -2]
[444, 401, 2]
[547, 513, -20]
[437, 525, -6]
[533, 622, 250]
[440, 639, 255]
[531, 631, 273]
[442, 649, 279]
[532, 677, 200]
[440, 690, 193]
[487, 72, -220]
[497, 61, -205]
[502, 63, -205]
[507, 64, -205]
[478, 61, -204]
[472, 63, -204]
[466, 64, -204]
[517, 76, -114]
[458, 77, -111]
[500, 91, -186]
[476, 91, -185]
[568, 173, -49]
[418, 168, -39]
[600, 271, 13]
[380, 248, 14]
[614, 333, -13]
[392, 258, -8]
[619, 353, -23]
[394, 267, -18]
[616, 345, -49]
[397, 254, -31]
[607, 337, -24]
[400, 252, -14]
[542, 403, -2]
[445, 400, 2]
[547, 528, -34]
[436, 527, -17]
[534, 628, 250]
[440, 644, 259]
[531, 639, 275]
[442, 655, 285]
[536, 683, 203]
[435, 697, 197]
[487, 72, -211]
[497, 62, -196]
[502, 63, -196]
[508, 65, -196]
[478, 62, -193]
[472, 63, -193]
[466, 65, -193]
[517, 77, -110]
[458, 78, -99]
[500, 91, -178]
[476, 91, -176]
[568, 172, -82]
[420, 167, -31]
[567, 265, -64]
[380, 243, 33]
[496, 277, -214]
[399, 266, 16]
[476, 285, -243]
[400, 281, 5]
[474, 270, -249]
[405, 269, -5]
[478, 268, -219]
[407, 265, 11]
[542, 403, -7]
[445, 401, 7]
[547, 526, -37]
[436, 531, 0]
[534, 640, 257]
[440, 659, 286]
[531, 651, 284]
[442, 669, 313]
[536, 696, 213]
[435, 711, 228]
[487, 72, -197]
[497, 62, -185]
[502, 63, -186]
[508, 65, -186]
[479, 62, -182]
[472, 64, -182]
[466, 65, -182]
[517, 77, -104]
[458, 79, -95]
[501, 91, -167]
[476, 91, -162]
[567, 172, -81]
[420, 167, -20]
[550, 258, -113]
[380, 241, 30]
[462, 257, -244]
[405, 262, 13]
[436, 253, -276]
[409, 281, 2]
[437, 240, -278]
[411, 265, -7]
[443, 244, -247]
[413, 261, 8]
[542, 404, -9]
[445, 402, 9]
[547, 526, -37]
[436, 533, 12]
[534, 650, 255]
[439, 669, 284]
[531, 662, 282]
[442, 681, 309]
[535, 706, 211]
[434, 721, 225]
[487, 73, -225]
[497, 63, -212]
[502, 64, -212]
[508, 66, -212]
[479, 63, -211]
[472, 64, -211]
[466, 66, -211]
[517, 78, -123]
[459, 81, -119]
[501, 91, -191]
[477, 92, -190]
[568, 172, -73]
[420, 168, -48]
[579, 260, -57]
[391, 248, 2]
[592, 313, -163]
[401, 266, -41]
[593, 330, -189]
[403, 276, -56]
[584, 316, -212]
[405, 262, -69]
[577, 309, -174]
[407, 258, -48]
[542, 405, -8]
[445, 403, 8]
[547, 525, -34]
[436, 534, 11]
[538, 659, 254]
[437, 667, 302]
[535, 672, 280]
[439, 678, 329]
[538, 713, 198]
[434, 717, 237]
[487, 74, -218]
[497, 64, -204]
[502, 65, -204]
[508, 66, -204]
[479, 64, -204]
[473, 65, -204]
[467, 67, -204]
[517, 79, -115]
[459, 82, -119]
[501, 92, -185]
[477, 93, -186]
[569, 173, -48]
[420, 169, -56]
[632, 259, 28]
[391, 256, -14]
[716, 295, -13]
[390, 263, -42]
[756, 290, -19]
[390, 268, -49]
[759, 275, -51]
[388, 250, -55]
[741, 274, -28]
[392, 247, -45]
[542, 408, -3]
[445, 405, 3]
[547, 524, -44]
[436, 534, -11]
[543, 655, 249]
[433, 660, 289]
[540, 669, 277]
[434, 670, 316]
[545, 707, 193]
[434, 709, 234]
[487, 76, -215]
[496, 65, -200]
[502, 66, -200]
[507, 67, -200]
[479, 65, -199]
[473, 67, -199]
[467, 69, -199]
[517, 80, -108]
[460, 83, -109]
[500, 94, -184]
[477, 95, -182]
[569, 173, -37]
[421, 171, -51]
[619, 270, -46]
[391, 265, -117]
[697, 280, -133]
[390, 193, -286]
[719, 277, -148]
[399, 158, -318]
[721, 262, -62]
[402, 149, -315]
[706, 263, -115]
[407, 159, -290]
[542, 409, -2]
[445, 406, 3]
[547, 518, -42]
[436, 533, 5]
[542, 652, 208]
[433, 656, 295]
[540, 665, 230]
[434, 666, 321]
[543, 703, 145]
[438, 705, 234]
[487, 78, -214]
[496, 66, -200]
[502, 67, -200]
[507, 68, -200]
[479, 67, -196]
[473, 68, -196]
[467, 70, -196]
[516, 80, -102]
[461, 84, -104]
[500, 95, -180]
[477, 96, -181]
[569, 174, -31]
[421, 171, -53]
[614, 273, -50]
[391, 268, -146]
[693, 276, -178]
[390, 176, -333]
[713, 273, -201]
[401, 145, -368]
[715, 259, -180]
[406, 135, -365]
[701, 260, -179]
[412, 141, -336]
[542, 411, -1]
[445, 408, 2]
[547, 518, -34]
[436, 533, 6]
[541, 654, 222]
[434, 656, 291]
[538, 667, 246]
[434, 666, 318]
[541, 704, 167]
[442, 705, 230]
[487, 78, -217]
[496, 67, -201]
[502, 68, -201]
[507, 69, -201]
[479, 68, -199]
[473, 69, -199]
[468, 71, -199]
[516, 81, -103]
[461, 85, -103]
[500, 96, -181]
[478, 96, -180]
[571, 176, -37]
[421, 172, -50]
[612, 279, -76]
[389, 276, -146]
[681, 280, -266]
[387, 188, -373]
[697, 277, -300]
[399, 165, -413]
[699, 263, -312]
[404, 152, -412]
[686, 265, -276]
[398, 164, -378]
[542, 413, 0]
[444, 409, 1]
[548, 519, -29]
[436, 534, 6]
[540, 665, 243]
[434, 664, 283]
[538, 678, 268]
[435, 675, 309]
[538, 716, 185]
[448, 712, 216]
[488, 78, -221]
[496, 67, -206]
[502, 68, -206]
[507, 69, -206]
[480, 68, -202]
[474, 69, -202]
[469, 71, -202]
[516, 81, -112]
[463, 85, -102]
[500, 96, -186]
[479, 97, -182]
[573, 178, -53]
[421, 174, -41]
[611, 287, -55]
[386, 285, -76]
[671, 325, -186]
[386, 279, -300]
[687, 336, -215]
[382, 282, -317]
[688, 325, -243]
[387, 268, -304]
[676, 321, -201]
[386, 256, -286]
[542, 416, -1]
[444, 413, 1]
[547, 545, -30]
[437, 534, -6]
[536, 654, 244]
[438, 662, 257]
[533, 662, 270]
[439, 669, 282]
[534, 704, 200]
[448, 711, 204]
[488, 79, -214]
[496, 67, -200]
[501, 68, -200]
[506, 69, -200]
[480, 68, -195]
[475, 69, -195]
[470, 71, -195]
[516, 81, -107]
[465, 85, -89]
[500, 96, -180]
[480, 97, -174]
[574, 179, -52]
[422, 174, -23]
[610, 287, -48]
[388, 281, 23]
[648, 331, -176]
[374, 312, -44]
[686, 354, -207]
[365, 327, -60]
[682, 345, -236]
[364, 318, -86]
[666, 339, -191]
[372, 312, -56]
[540, 416, -1]
[445, 413, 2]
[545, 547, -55]
[437, 530, -10]
[525, 652, 220]
[444, 659, 251]
[519, 661, 244]
[445, 668, 275]
[525, 704, 170]
[450, 709, 193]
[488, 78, -207]
[496, 67, -193]
[501, 68, -193]
[506, 69, -193]
[480, 68, -188]
[475, 69, -188]
[471, 71, -188]
[515, 81, -102]
[466, 85, -83]
[500, 96, -174]
[480, 97, -168]
[574, 180, -51]
[422, 174, -19]
[609, 287, -39]
[389, 280, 26]
[646, 330, -162]
[369, 317, -40]
[678, 354, -192]
[360, 332, -58]
[662, 331, -221]
[358, 323, -84]
[658, 327, -177]
[367, 317, -54]
[540, 415, -2]
[445, 413, 2]
[545, 548, -66]
[438, 527, -20]
[522, 651, 209]
[446, 658, 230]
[515, 661, 233]
[447, 667, 253]
[522, 703, 159]
[450, 707, 171]
[488, 78, -207]
[496, 67, -193]
[501, 68, -193]
[506, 69, -193]
[481, 68, -188]
[476, 69, -188]
[471, 71, -188]
[515, 81, -102]
[466, 84, -85]
[500, 96, -173]
[481, 97, -168]
[575, 180, -49]
[422, 174, -23]
[608, 286, -39]
[390, 279, -10]
[635, 335, -166]
[371, 330, -112]
[649, 346, -199]
[360, 351, -137]
[644, 332, -226]
[362, 344, -160]
[640, 327, -180]
[370, 337, -125]
[540, 415, 0]
[445, 412, 0]
[544, 557, -20]
[438, 531, -17]
[523, 658, 266]
[445, 666, 237]
[517, 667, 292]
[447, 677, 260]
[523, 712, 220]
[450, 716, 177]
[488, 78, -225]
[496, 67, -211]
[502, 68, -211]
[507, 69, -211]
[481, 67, -209]
[476, 69, -209]
[471, 70, -209]
[517, 81, -119]
[466, 83, -110]
[501, 96, -191]
[480, 96, -188]
[575, 180, -62]
[421, 175, -46]
[608, 288, -42]
[389, 281, -17]
[635, 357, -160]
[367, 345, -106]
[649, 380, -189]
[357, 366, -129]
[645, 374, -217]
[357, 360, -158]
[638, 366, -174]
[367, 353, -121]
[540, 415, 0]
[444, 412, 1]
[544, 536, -13]
[436, 534, -8]
[529, 657, 268]
[445, 666, 261]
[525, 668, 294]
[447, 676, 287]
[533, 711, 225]
[450, 714, 211]
[488, 76, -237]
[496, 66, -222]
[502, 66, -222]
[507, 68, -222]
[481, 66, -221]
[476, 67, -221]
[471, 68, -221]
[517, 81, -128]
[466, 81, -121]
[501, 95, -201]
[480, 95, -199]
[575, 180, -62]
[421, 175, -56]
[607, 290, -4]
[389, 281, -10]
[634, 382, -80]
[369, 355, -80]
[645, 410, -102]
[360, 376, -102]
[641, 409, -132]
[359, 377, -131]
[631, 399, -93]
[369, 368, -93]
[540, 416, 0]
[443, 412, 0]
[547, 536, -15]
[435, 536, -4]
[534, 675, 293]
[445, 681, 275]
[530, 687, 322]
[446, 694, 301]
[536, 730, 244]
[452, 729, 213]
[488, 76, -236]
[497, 65, -221]
[502, 66, -221]
[507, 67, -222]
[481, 65, -219]
[476, 66, -220]
[471, 67, -220]
[518, 80, -127]
[466, 80, -119]
[501, 94, -200]
[480, 94, -198]
[575, 180, -63]
[421, 175, -55]
[607, 291, -14]
[389, 281, -10]
[629, 382, -102]
[369, 353, -85]
[643, 415, -127]
[361, 376, -108]
[638, 414, -156]
[362, 370, -136]
[627, 404, -115]
[372, 369, -98]
[540, 416, 0]
[442, 412, 0]
[549, 536, -19]
[433, 537, -9]
[538, 672, 290]
[440, 680, 274]
[535, 683, 319]
[440, 693, 299]
[540, 726, 245]
[450, 728, 210]
[488, 75, -237]
[497, 64, -223]
[502, 65, -223]
[507, 66, -223]
[481, 64, -221]
[476, 65, -221]
[471, 67, -221]
[518, 79, -129]
[466, 79, -118]
[501, 93, -202]
[480, 93, -198]
[575, 180, -67]
[421, 175, -55]
[607, 292, -24]
[389, 284, -13]
[627, 382, -119]
[374, 360, -94]
[639, 409, -146]
[367, 380, -125]
[637, 408, -173]
[370, 373, -164]
[626, 399, -132]
[376, 367, -104]
[541, 417, 0]
[441, 412, 0]
[551, 536, -21]
[433, 542, -8]
[541, 683, 299]
[439, 693, 272]
[539, 695, 329]
[438, 707, 297]
[541, 740, 254]
[450, 742, 204]
[488, 74, -237]
[497, 63, -223]
[502, 64, -223]
[507, 66, -223]
[481, 64, -221]
[476, 65, -221]
[471, 66, -221]
[518, 79, -129]
[466, 78, -117]
[501, 93, -201]
[480, 93, -198]
[576, 179, -69]
[421, 175, -54]
[605, 291, -29]
[389, 285, -19]
[624, 382, -133]
[376, 361, -129]
[635, 408, -160]
[370, 381, -162]
[632, 406, -183]
[381, 379, -194]
[623, 396, -146]
[382, 368, -144]
[541, 417, 0]
[440, 412, 0]
[552, 535, -18]
[432, 544, 2]
[541, 684, 294]
[437, 691, 281]
[538, 695, 323]
[437, 704, 307]
[540, 742, 248]
[448, 740, 218]
[488, 73, -236]
[497, 62, -221]
[503, 63, -221]
[508, 65, -221]
[481, 62, -219]
[476, 63, -219]
[471, 64, -219]
[519, 78, -126]
[466, 77, -116]
[501, 92, -200]
[480, 92, -197]
[577, 179, -68]
[421, 175, -54]
[603, 291, -29]
[389, 286, -33]
[623, 384, -124]
[380, 357, -152]
[635, 410, -151]
[373, 380, -184]
[632, 409, -178]
[387, 374, -210]
[623, 400, -137]
[386, 367, -166]
[542, 418, 0]
[440, 412, 0]
[553, 535, -16]
[432, 546, 2]
[540, 689, 304]
[437, 694, 279]
[538, 701, 334]
[436, 707, 305]
[536, 748, 262]
[448, 742, 218]
[488, 72, -253]
[497, 61, -238]
[503, 62, -238]
[508, 63, -238]
[481, 61, -237]
[476, 62, -237]
[471, 63, -237]
[519, 77, -140]
[466, 76, -134]
[501, 91, -216]
[480, 91, -214]
[578, 179, -74]
[421, 175, -68]
[602, 292, -14]
[388, 287, -36]
[621, 390, -82]
[380, 367, -151]
[631, 418, -104]
[373, 391, -180]
[631, 420, -132]
[387, 386, -200]
[619, 410, -94]
[386, 379, -162]
[543, 418, 0]
[440, 412, 0]
[550, 578, -12]
[432, 548, 30]
[542, 708, 277]
[437, 712, 292]
[539, 725, 301]
[436, 731, 315]
[538, 763, 207]
[448, 761, 216]
[488, 71, -266]
[498, 60, -252]
[503, 61, -252]
[508, 62, -252]
[481, 60, -250]
[476, 61, -250]
[471, 62, -250]
[520, 76, -156]
[466, 75, -146]
[501, 90, -230]
[480, 90, -227]
[579, 179, -91]
[420, 176, -75]
[602, 295, -15]
[388, 289, -34]
[618, 397, -100]
[380, 378, -118]
[628, 428, -123]
[371, 401, -142]
[629, 430, -150]
[382, 398, -172]
[618, 418, -112]
[386, 389, -132]
[545, 418, -1]
[440, 412, 1]
[548, 586, -9]
[432, 549, 36]
[542, 710, 295]
[436, 713, 314]
[540, 726, 322]
[436, 731, 339]
[538, 766, 231]
[447, 762, 239]
[489, 70, -267]
[498, 59, -253]
[504, 60, -253]
[509, 61, -253]
[481, 58, -251]
[476, 59, -251]
[471, 60, -251]
[521, 75, -158]
[465, 74, -146]
[502, 89, -231]
[480, 89, -228]
[580, 180, -97]
[420, 177, -72]
[602, 297, -28]
[388, 291, -25]
[618, 404, -108]
[380, 387, -106]
[626, 437, -132]
[369, 412, -130]
[623, 439, -158]
[380, 412, -161]
[615, 430, -119]
[386, 403, -121]
[546, 419, -4]
[440, 413, 4]
[548, 594, -11]
[432, 549, 36]
[545, 720, 300]
[436, 721, 317]
[544, 738, 328]
[435, 741, 343]
[539, 777, 239]
[447, 770, 242]
[489, 69, -267]
[498, 58, -253]
[504, 59, -253]
[510, 61, -253]
[481, 58, -250]
[476, 58, -250]
[471, 59, -250]
[521, 74, -157]
[465, 73, -145]
[502, 89, -231]
[480, 88, -227]
[581, 180, -98]
[419, 177, -72]
[601, 298, -38]
[389, 293, -24]
[618, 405, -109]
[380, 393, -112]
[625, 440, -134]
[369, 420, -136]
[620, 443, -160]
[380, 421, -167]
[613, 433, -122]
[386, 412, -126]
[548, 420, -6]
[440, 413, 6]
[547, 594, -16]
[432, 550, 28]
[545, 718, 299]
[436, 719, 304]
[544, 734, 327]
[435, 738, 330]
[540, 774, 240]
[447, 767, 234]
[489, 68, -270]
[499, 57, -255]
[505, 58, -255]
[510, 59, -255]
[481, 57, -253]
[476, 57, -253]
[471, 58, -253]
[522, 73, -159]
[465, 72, -148]
[502, 88, -234]
[480, 88, -231]
[582, 180, -97]
[419, 177, -79]
[601, 299, -44]
[389, 295, -32]
[617, 407, -132]
[378, 399, -126]
[626, 440, -161]
[366, 425, -153]
[619, 443, -188]
[377, 427, -189]
[612, 433, -144]
[384, 419, -143]
[548, 421, -6]
[440, 414, 6]
[544, 599, -17]
[432, 552, 40]
[544, 733, 270]
[437, 733, 299]
[543, 752, 293]
[437, 754, 325]
[540, 787, 193]
[451, 783, 213]
[489, 68, -283]
[499, 57, -268]
[505, 58, -268]
[511, 59, -268]
[481, 57, -266]
[476, 57, -266]
[471, 58, -266]
[522, 73, -168]
[465, 72, -160]
[502, 88, -245]
[480, 88, -243]
[582, 180, -102]
[418, 178, -89]
[601, 300, -50]
[389, 298, -43]
[617, 414, -139]
[378, 404, -136]
[626, 445, -168]
[365, 431, -164]
[618, 449, -195]
[376, 433, -199]
[612, 440, -151]
[383, 425, -152]
[549, 422, -6]
[440, 415, 6]
[544, 606, 3]
[434, 561, 71]
[544, 745, 277]
[441, 747, 327]
[543, 768, 294]
[440, 771, 349]
[537, 800, 198]
[456, 800, 225]
[489, 68, -275]
[500, 57, -260]
[506, 58, -261]
[511, 59, -261]
[482, 57, -259]
[476, 57, -259]
[471, 58, -259]
[523, 73, -162]
[465, 72, -154]
[503, 88, -238]
[480, 88, -236]
[582, 180, -97]
[418, 179, -86]
[601, 302, -50]
[389, 300, -46]
[617, 414, -149]
[377, 406, -144]
[627, 446, -181]
[364, 432, -173]
[619, 450, -207]
[375, 433, -207]
[613, 441, -162]
[383, 425, -160]
[549, 424, -6]
[440, 417, 6]
[544, 606, -3]
[434, 560, 63]
[544, 745, 268]
[445, 749, 313]
[544, 767, 289]
[444, 772, 338]
[537, 800, 181]
[460, 801, 209]
[489, 68, -278]
[500, 57, -263]
[506, 58, -263]
[512, 59, -263]
[482, 57, -262]
[476, 57, -262]
[471, 58, -262]
[523, 73, -163]
[465, 72, -156]
[503, 88, -240]
[480, 88, -238]
[583, 181, -97]
[417, 180, -90]
[601, 305, -51]
[390, 302, -51]
[616, 419, -153]
[377, 407, -148]
[625, 451, -185]
[364, 435, -178]
[616, 454, -213]
[375, 436, -212]
[610, 444, -167]
[383, 427, -164]
[550, 428, -5]
[441, 422, 6]
[543, 610, -3]
[435, 569, 60]
[544, 751, 253]
[446, 755, 306]
[543, 774, 273]
[445, 779, 324]
[537, 805, 161]
[460, 808, 192]
[490, 68, -277]
[501, 57, -262]
[507, 58, -262]
[512, 59, -262]
[482, 57, -261]
[476, 57, -261]
[471, 58, -261]
[524, 73, -162]
[465, 72, -154]
[503, 88, -239]
[480, 88, -237]
[584, 182, -95]
[417, 181, -89]
[601, 308, -50]
[390, 304, -51]
[614, 422, -148]
[378, 411, -147]
[624, 455, -179]
[365, 438, -176]
[614, 458, -207]
[375, 440, -210]
[608, 447, -162]
[383, 431, -163]
[550, 433, -5]
[441, 426, 6]
[542, 615, 2]
[436, 575, 72]
[544, 755, 254]
[448, 761, 315]
[543, 777, 273]
[447, 784, 335]
[537, 809, 158]
[461, 815, 195]
[490, 69, -259]
[501, 57, -244]
[507, 58, -244]
[513, 59, -244]
[482, 57, -242]
[476, 57, -242]
[471, 58, -242]
[524, 73, -144]
[465, 72, -134]
[504, 89, -222]
[480, 88, -219]
[585, 182, -83]
[417, 181, -70]
[601, 308, -45]
[391, 303, -34]
[614, 422, -148]
[378, 411, -138]
[624, 455, -181]
[364, 437, -170]
[615, 459, -209]
[373, 439, -208]
[608, 449, -161]
[382, 431, -156]
[550, 433, -6]
[441, 426, 6]
[541, 612, -15]
[437, 571, 66]
[543, 750, 239]
[447, 755, 312]
[543, 770, 259]
[447, 777, 333]
[535, 804, 150]
[461, 807, 198]
[491, 69, -263]
[502, 57, -248]
[508, 58, -248]
[514, 59, -248]
[483, 57, -247]
[476, 57, -247]
[471, 58, -247]
[525, 72, -145]
[465, 72, -137]
[504, 89, -225]
[481, 88, -223]
[585, 183, -84]
[417, 181, -75]
[601, 309, -45]
[392, 304, -43]
[613, 424, -150]
[379, 414, -145]
[624, 458, -183]
[366, 442, -177]
[614, 463, -212]
[375, 443, -213]
[608, 451, -164]
[383, 434, -163]
[550, 434, -6]
[441, 428, 6]
[541, 614, -6]
[439, 574, 67]
[543, 755, 240]
[449, 760, 312]
[543, 776, 259]
[448, 783, 329]
[535, 809, 145]
[462, 813, 196]
[491, 69, -264]
[502, 57, -249]
[508, 58, -249]
[514, 59, -249]
[483, 57, -248]
[476, 57, -248]
[471, 58, -248]
[525, 72, -145]
[465, 71, -138]
[504, 89, -225]
[481, 89, -223]
[585, 183, -84]
[417, 182, -77]
[600, 309, -46]
[392, 304, -45]
[613, 423, -153]
[379, 414, -146]
[624, 458, -186]
[366, 441, -177]
[615, 463, -215]
[375, 442, -213]
[608, 452, -167]
[383, 433, -163]
[550, 434, -6]
[441, 429, 6]
[540, 615, 6]
[440, 575, 73]
[542, 756, 243]
[449, 761, 310]
[541, 778, 261]
[448, 784, 329]
[534, 810, 145]
[461, 814, 197]
[491, 69, -265]
[502, 57, -250]
[508, 58, -250]
[514, 59, -250]
[483, 56, -249]
[477, 57, -249]
[471, 58, -249]
[525, 71, -145]
[465, 71, -140]
[504, 89, -226]
[481, 89, -225]
[586, 183, -85]
[417, 182, -80]
[600, 309, -52]
[393, 305, -50]
[612, 423, -162]
[380, 414, -149]
[624, 457, -197]
[368, 442, -180]
[615, 463, -225]
[377, 443, -216]
[608, 452, -176]
[384, 434, -166]
[551, 434, -6]
[442, 430, 6]
[540, 615, 8]
[443, 575, 74]
[542, 757, 240]
[450, 762, 308]
[541, 779, 256]
[450, 786, 325]
[534, 811, 137]
[462, 817, 192]
[491, 69, -257]
[502, 57, -242]
[508, 57, -242]
[514, 58, -242]
[483, 56, -241]
[477, 57, -241]
[471, 58, -241]
[526, 71, -140]
[465, 71, -135]
[505, 89, -220]
[481, 89, -218]
[586, 183, -82]
[417, 182, -78]
[600, 309, -52]
[393, 305, -49]
[612, 423, -158]
[381, 414, -147]
[624, 457, -191]
[369, 443, -178]
[615, 463, -218]
[379, 443, -212]
[608, 453, -171]
[385, 433, -164]
[552, 435, -5]
[442, 431, 6]
[540, 616, 5]
[443, 576, 71]
[543, 761, 234]
[451, 764, 300]
[542, 783, 250]
[451, 788, 318]
[535, 814, 132]
[462, 818, 187]
[492, 69, -254]
[503, 56, -238]
[509, 57, -239]
[515, 58, -239]
[483, 56, -238]
[477, 56, -238]
[471, 57, -238]
[526, 70, -137]
[465, 70, -132]
[505, 89, -216]
[482, 89, -215]
[587, 183, -79]
[417, 183, -76]
[600, 309, -51]
[394, 306, -48]
[611, 422, -156]
[382, 415, -147]
[624, 456, -190]
[372, 444, -178]
[616, 461, -217]
[381, 443, -213]
[608, 452, -170]
[388, 434, -164]
[553, 437, -5]
[442, 432, 6]
[542, 619, 8]
[443, 578, 69]
[545, 766, 240]
[453, 769, 288]
[544, 789, 258]
[453, 793, 305]
[537, 820, 141]
[464, 823, 175]
[492, 69, -253]
[504, 56, -237]
[510, 57, -237]
[515, 58, -237]
[484, 56, -237]
[477, 56, -237]
[472, 57, -237]
[527, 70, -135]
[465, 70, -132]
[506, 89, -215]
[482, 89, -214]
[587, 183, -76]
[417, 183, -76]
[600, 309, -47]
[394, 307, -49]
[611, 422, -155]
[383, 416, -151]
[624, 456, -188]
[372, 445, -183]
[616, 461, -216]
[382, 445, -217]
[609, 451, -168]
[388, 435, -168]
[553, 437, -5]
[442, 433, 5]
[543, 621, 10]
[443, 579, 68]
[547, 768, 242]
[454, 771, 277]
[546, 791, 260]
[453, 796, 294]
[539, 822, 144]
[465, 826, 164]
[493, 69, -249]
[504, 56, -232]
[510, 57, -233]
[516, 58, -233]
[484, 56, -233]
[477, 56, -233]
[472, 57, -233]
[527, 70, -130]
[465, 70, -130]
[506, 89, -210]
[483, 89, -210]
[587, 183, -69]
[417, 183, -75]
[600, 309, -37]
[394, 308, -50]
[612, 422, -145]
[383, 417, -151]
[624, 456, -178]
[372, 446, -183]
[617, 460, -205]
[382, 446, -217]
[609, 451, -159]
[388, 436, -168]
[554, 439, -3]
[442, 435, 4]
[544, 623, 9]
[443, 582, 50]
[547, 772, 240]
[454, 774, 249]
[547, 796, 257]
[454, 799, 265]
[540, 825, 141]
[466, 829, 135]
[493, 69, -253]
[504, 56, -236]
[510, 57, -236]
[516, 58, -236]
[484, 56, -237]
[477, 56, -237]
[472, 57, -237]
[527, 70, -131]
[465, 70, -134]
[506, 89, -213]
[483, 90, -214]
[587, 183, -72]
[417, 183, -77]
[600, 310, -38]
[394, 308, -51]
[611, 425, -145]
[383, 418, -151]
[623, 460, -179]
[372, 447, -182]
[616, 465, -206]
[382, 448, -217]
[609, 455, -160]
[388, 437, -168]
[554, 440, -2]
[442, 435, 3]
[544, 623, -1]
[442, 583, 45]
[547, 772, 229]
[454, 774, 254]
[547, 796, 246]
[454, 798, 270]
[541, 825, 128]
[466, 829, 139]
[493, 69, -259]
[505, 56, -243]
[511, 57, -243]
[517, 58, -243]
[484, 56, -244]
[477, 56, -244]
[472, 57, -244]
[528, 70, -137]
[465, 70, -141]
[506, 89, -219]
[483, 90, -220]
[587, 184, -73]
[417, 183, -83]
[601, 311, -39]
[394, 309, -57]
[612, 428, -145]
[383, 420, -157]
[623, 463, -179]
[373, 450, -187]
[616, 469, -206]
[383, 451, -223]
[609, 458, -160]
[388, 440, -174]
[554, 440, -2]
[442, 435, 2]
[544, 623, -4]
[441, 584, 47]
[547, 771, 228]
[454, 773, 260]
[547, 794, 245]
[454, 797, 277]
[541, 824, 128]
[466, 829, 147]
[493, 69, -271]
[505, 56, -255]
[511, 57, -255]
[517, 58, -256]
[484, 56, -256]
[478, 56, -256]
[472, 57, -256]
[528, 70, -150]
[465, 70, -153]
[507, 90, -231]
[483, 90, -232]
[588, 184, -83]
[416, 183, -91]
[601, 312, -42]
[394, 310, -62]
[612, 430, -147]
[383, 421, -162]
[623, 466, -180]
[373, 452, -192]
[616, 472, -209]
[383, 452, -228]
[609, 461, -162]
[388, 441, -179]
[554, 440, -1]
[442, 435, 2]
[544, 623, -7]
[445, 610, 46]
[547, 769, 230]
[454, 772, 261]
[547, 792, 247]
[453, 796, 278]
[541, 823, 130]
[466, 827, 148]
[494, 70, -269]
[505, 56, -253]
[511, 57, -253]
[517, 58, -253]
[485, 56, -254]
[478, 57, -254]
[472, 57, -254]
[528, 70, -150]
[465, 70, -150]
[507, 90, -230]
[483, 91, -230]
[588, 184, -83]
[416, 184, -89]
[601, 312, -43]
[394, 310, -60]
[612, 431, -153]
[383, 421, -161]
[623, 466, -187]
[373, 451, -192]
[615, 471, -216]
[383, 451, -228]
[608, 461, -167]
[388, 441, -178]
[553, 441, -1]
[442, 435, 2]
[543, 623, -10]
[446, 616, 47]
[546, 769, 229]
[453, 772, 265]
[545, 792, 247]
[452, 795, 283]
[540, 823, 129]
[465, 828, 153]
[494, 70, -270]
[505, 56, -254]
[511, 57, -254]
[518, 58, -254]
[485, 56, -254]
[478, 57, -254]
[472, 57, -254]
[528, 70, -149]
[465, 70, -148]
[507, 90, -230]
[483, 91, -230]
[589, 184, -83]
[416, 184, -87]
[601, 313, -48]
[394, 311, -59]
[612, 431, -170]
[383, 421, -159]
[623, 467, -207]
[372, 451, -191]
[615, 472, -235]
[382, 452, -227]
[608, 462, -184]
[388, 442, -177]
[554, 442, -1]
[442, 436, 2]
[543, 625, -9]
[446, 620, 46]
[545, 771, 229]
[451, 775, 265]
[544, 794, 248]
[450, 799, 283]
[540, 826, 132]
[464, 831, 150]
[494, 70, -267]
[506, 56, -251]
[512, 57, -251]
[518, 58, -251]
[485, 56, -252]
[478, 57, -252]
[472, 58, -252]
[529, 70, -146]
[465, 70, -147]
[508, 91, -227]
[483, 91, -228]
[589, 184, -79]
[416, 184, -87]
[601, 313, -47]
[394, 311, -58]
[612, 431, -165]
[383, 422, -159]
[623, 467, -201]
[373, 452, -190]
[614, 472, -230]
[383, 453, -226]
[608, 462, -180]
[388, 442, -176]
[554, 443, -1]
[442, 437, 1]
[543, 625, -5]
[446, 620, 44]
[545, 772, 231]
[450, 776, 251]
[544, 795, 249]
[449, 801, 267]
[539, 827, 133]
[462, 832, 136]
[495, 70, -266]
[506, 56, -250]
[512, 57, -250]
[518, 58, -250]
[485, 56, -251]
[478, 57, -251]
[472, 58, -251]
[529, 70, -142]
[465, 70, -145]
[508, 91, -225]
[483, 91, -226]
[589, 184, -73]
[416, 184, -86]
[602, 313, -42]
[394, 311, -58]
[612, 433, -163]
[383, 423, -158]
[622, 469, -199]
[373, 453, -190]
[614, 474, -227]
[383, 454, -226]
[607, 464, -177]
[388, 443, -175]
[554, 445, 0]
[442, 439, 1]
[542, 627, 3]
[446, 624, 44]
[543, 775, 238]
[449, 780, 256]
[543, 799, 255]
[448, 805, 272]
[537, 830, 134]
[461, 835, 139]
[495, 71, -260]
[506, 57, -244]
[512, 58, -244]
[518, 58, -244]
[485, 57, -244]
[478, 57, -245]
[472, 58, -245]
[529, 70, -136]
[465, 70, -137]
[508, 91, -220]
[483, 92, -220]
[589, 185, -68]
[416, 184, -79]
[602, 314, -37]
[394, 311, -49]
[611, 433, -159]
[382, 422, -153]
[622, 469, -196]
[372, 453, -185]
[613, 474, -226]
[381, 453, -223]
[606, 464, -174]
[388, 442, -170]
[553, 446, 0]
[441, 440, 0]
[541, 631, 3]
[445, 626, 29]
[542, 782, 238]
[446, 784, 230]
[541, 806, 256]
[445, 809, 245]
[535, 835, 136]
[459, 840, 110]
[495, 72, -261]
[506, 58, -244]
[512, 58, -244]
[518, 59, -244]
[485, 57, -245]
[478, 58, -245]
[472, 59, -245]
[529, 70, -137]
[465, 71, -136]
[508, 93, -220]
[483, 93, -220]
[589, 186, -70]
[416, 184, -76]
[601, 314, -40]
[394, 311, -48]
[611, 433, -167]
[381, 422, -154]
[622, 468, -205]
[370, 453, -188]
[613, 473, -235]
[380, 453, -225]
[606, 463, -182]
[387, 442, -172]
[553, 448, 0]
[440, 442, 0]
[540, 633, 2]
[444, 627, 41]
[541, 782, 245]
[446, 784, 270]
[541, 806, 264]
[445, 808, 288]
[535, 836, 143]
[459, 839, 154]
[494, 75, -259]
[506, 60, -243]
[512, 60, -243]
[518, 61, -243]
[485, 59, -243]
[478, 60, -243]
[472, 61, -243]
[529, 72, -135]
[465, 72, -134]
[508, 95, -218]
[483, 96, -218]
[589, 187, -68]
[416, 184, -73]
[601, 314, -39]
[392, 311, -45]
[611, 432, -166]
[380, 422, -152]
[622, 468, -204]
[368, 453, -187]
[613, 473, -234]
[379, 453, -224]
[606, 463, -181]
[386, 442, -170]
[554, 450, 0]
[440, 444, 0]
[540, 634, 2]
[444, 628, 42]
[543, 782, 245]
[449, 784, 270]
[542, 805, 264]
[448, 808, 288]
[538, 836, 145]
[465, 840, 154]
[494, 76, -252]
[506, 61, -236]
[512, 61, -236]
[518, 62, -236]
[486, 60, -237]
[478, 61, -237]
[472, 61, -237]
[529, 73, -130]
[465, 73, -130]
[508, 96, -212]
[483, 97, -212]
[588, 187, -63]
[416, 185, -71]
[601, 314, -31]
[392, 311, -45]
[611, 430, -150]
[381, 422, -151]
[622, 466, -187]
[368, 452, -186]
[614, 470, -217]
[379, 452, -221]
[607, 460, -166]
[386, 441, -168]
[554, 451, 0]
[440, 444, 0]
[540, 633, 0]
[445, 627, 42]
[543, 781, 238]
[451, 783, 269]
[543, 804, 256]
[450, 807, 287]
[538, 835, 141]
[467, 839, 154]
[494, 80, -244]
[506, 64, -229]
[512, 65, -229]
[518, 66, -229]
[485, 64, -229]
[478, 64, -229]
[472, 65, -229]
[529, 77, -124]
[465, 76, -124]
[508, 100, -204]
[482, 100, -204]
[586, 188, -60]
[416, 185, -63]
[601, 314, -29]
[391, 311, -37]
[611, 431, -148]
[381, 422, -143]
[622, 467, -184]
[368, 452, -177]
[614, 471, -214]
[379, 452, -211]
[607, 461, -163]
[386, 441, -160]
[554, 453, 0]
[439, 446, 0]
[540, 636, 0]
[444, 630, 30]
[543, 785, 238]
[451, 787, 225]
[543, 808, 256]
[450, 810, 240]
[538, 839, 143]
[466, 843, 111]
[494, 84, -238]
[506, 69, -223]
[512, 69, -223]
[517, 70, -223]
[485, 69, -223]
[478, 69, -223]
[472, 69, -223]
[528, 80, -119]
[465, 80, -119]
[508, 103, -199]
[482, 103, -199]
[585, 190, -57]
[416, 186, -58]
[601, 315, -29]
[389, 311, -33]
[612, 430, -148]
[380, 421, -140]
[622, 466, -184]
[367, 451, -173]
[614, 470, -213]
[378, 451, -207]
[607, 460, -163]
[386, 440, -157]
[554, 453, 0]
[439, 447, 0]
[540, 638, -5]
[444, 633, 16]
[543, 789, 231]
[451, 791, 200]
[543, 812, 250]
[450, 815, 214]
[538, 842, 140]
[466, 847, 86]
[493, 88, -238]
[505, 72, -223]
[511, 73, -223]
[517, 73, -223]
[485, 72, -223]
[478, 72, -223]
[472, 73, -223]
[528, 83, -119]
[465, 82, -118]
[508, 106, -199]
[481, 107, -199]
[584, 191, -54]
[416, 186, -56]
[601, 316, -27]
[388, 311, -35]
[613, 429, -153]
[378, 419, -162]
[622, 464, -190]
[363, 448, -196]
[615, 464, -220]
[375, 447, -230]
[608, 455, -168]
[384, 437, -179]
[553, 455, 0]
[439, 449, 0]
[540, 641, -12]
[443, 636, 15]
[543, 793, 230]
[450, 795, 210]
[542, 816, 249]
[449, 819, 225]
[537, 847, 139]
[466, 851, 96]
[493, 92, -245]
[505, 75, -231]
[511, 76, -231]
[516, 76, -231]
[484, 75, -231]
[478, 75, -231]
[472, 76, -231]
[527, 85, -122]
[464, 85, -127]
[508, 109, -203]
[481, 110, -205]
[584, 192, -56]
[415, 187, -57]
[601, 316, -24]
[386, 311, -37]
[613, 429, -149]
[378, 419, -155]
[622, 462, -185]
[363, 448, -187]
[615, 463, -216]
[375, 448, -221]
[609, 454, -164]
[384, 437, -171]
[552, 458, 1]
[438, 452, -1]
[540, 644, -11]
[442, 638, 18]
[543, 797, 231]
[449, 800, 213]
[542, 820, 249]
[448, 823, 227]
[537, 852, 138]
[466, 857, 95]
[492, 93, -245]
[504, 77, -230]
[510, 77, -230]
[516, 77, -230]
[484, 76, -231]
[477, 77, -231]
[471, 77, -231]
[526, 86, -123]
[464, 86, -127]
[507, 110, -204]
[480, 111, -205]
[584, 193, -57]
[415, 188, -60]
[602, 316, -24]
[385, 312, -46]
[613, 429, -136]
[378, 419, -157]
[622, 462, -170]
[363, 447, -188]
[615, 463, -200]
[374, 447, -222]
[608, 454, -151]
[383, 437, -173]
[551, 457, 2]
[438, 451, -1]
[539, 643, -29]
[442, 636, 15]
[542, 795, 199]
[448, 798, 209]
[541, 819, 217]
[447, 821, 223]
[536, 849, 108]
[463, 854, 96]
[491, 95, -253]
[503, 78, -239]
[509, 78, -239]
[515, 78, -239]
[483, 78, -240]
[477, 78, -240]
[471, 79, -240]
[525, 87, -136]
[464, 88, -140]
[506, 111, -213]
[479, 113, -214]
[583, 193, -64]
[415, 189, -76]
[602, 316, -25]
[384, 312, -67]
[613, 428, -135]
[378, 415, -181]
[621, 462, -168]
[363, 444, -212]
[615, 461, -197]
[375, 443, -246]
[608, 451, -149]
[383, 433, -197]
[550, 457, 2]
[437, 451, -2]
[539, 642, -32]
[442, 635, 19]
[541, 795, 195]
[447, 796, 216]
[540, 818, 212]
[446, 820, 231]
[536, 848, 102]
[462, 853, 100]
[491, 95, -255]
[502, 78, -242]
[509, 78, -242]
[514, 79, -242]
[483, 78, -243]
[477, 79, -243]
[471, 79, -243]
[525, 87, -139]
[463, 89, -143]
[506, 112, -216]
[479, 113, -217]
[583, 193, -67]
[414, 189, -80]
[603, 316, -26]
[383, 312, -71]
[613, 427, -136]
[377, 413, -187]
[621, 461, -169]
[363, 442, -219]
[615, 460, -198]
[375, 441, -252]
[608, 450, -150]
[383, 431, -203]
[549, 457, 3]
[436, 451, -2]
[538, 642, -30]
[442, 635, 21]
[540, 794, 198]
[447, 796, 220]
[539, 817, 216]
[446, 819, 235]
[536, 847, 106]
[461, 852, 102]
[489, 96, -259]
[500, 79, -245]
[507, 79, -245]
[512, 80, -246]
[481, 79, -246]
[475, 80, -246]
[469, 80, -246]
[523, 88, -141]
[463, 90, -142]
[504, 113, -218]
[477, 114, -219]
[581, 194, -67]
[414, 189, -79]
[603, 316, -28]
[383, 310, -85]
[613, 424, -138]
[378, 401, -230]
[620, 456, -172]
[365, 428, -265]
[614, 454, -201]
[376, 432, -297]
[607, 444, -152]
[383, 415, -246]
[548, 456, 3]
[436, 450, -2]
[539, 641, -30]
[440, 634, 36]
[540, 792, 191]
[440, 795, 253]
[538, 814, 208]
[439, 818, 270]
[537, 847, 93]
[452, 852, 140]
[487, 98, -248]
[498, 81, -234]
[505, 81, -234]
[511, 81, -234]
[479, 81, -234]
[473, 81, -234]
[467, 82, -234]
[521, 90, -126]
[462, 92, -124]
[502, 114, -206]
[475, 116, -206]
[580, 194, -53]
[414, 189, -60]
[603, 314, -24]
[382, 309, -135]
[625, 415, -138]
[378, 333, -378]
[623, 445, -171]
[371, 352, -424]
[627, 447, -200]
[379, 337, -446]
[616, 434, -152]
[385, 329, -393]
[547, 456, 3]
[435, 450, -2]
[538, 641, -30]
[439, 634, 39]
[537, 792, 169]
[438, 795, 247]
[536, 815, 182]
[436, 818, 263]
[529, 847, 64]
[452, 851, 134]
[486, 100, -229]
[498, 82, -217]
[504, 82, -217]
[510, 83, -217]
[478, 83, -215]
[472, 83, -215]
[466, 84, -215]
[520, 91, -120]
[461, 94, -108]
[502, 115, -191]
[474, 118, -187]
[580, 194, -53]
[415, 189, -38]
[603, 311, -27]
[382, 303, -5]
[623, 405, -151]
[370, 361, -102]
[625, 433, -185]
[364, 382, -126]
[626, 432, -214]
[369, 379, -158]
[617, 422, -166]
[377, 368, -118]
[546, 456, 1]
[434, 450, 0]
[537, 639, -31]
[439, 632, 34]
[535, 789, 169]
[439, 792, 225]
[534, 810, 183]
[437, 814, 240]
[528, 843, 72]
[453, 847, 115]
[485, 101, -225]
[497, 83, -213]
[504, 83, -213]
[509, 84, -214]
[478, 84, -211]
[471, 84, -211]
[466, 85, -211]
[520, 92, -118]
[461, 95, -105]
[501, 116, -187]
[473, 119, -183]
[579, 194, -53]
[415, 189, -34]
[603, 310, -30]
[382, 300, 9]
[623, 403, -157]
[368, 370, -80]
[626, 431, -191]
[361, 390, -103]
[625, 428, -220]
[365, 393, -136]
[616, 420, -172]
[375, 379, -95]
[546, 456, 0]
[434, 450, 0]
[536, 638, -31]
[439, 631, 29]
[535, 788, 170]
[439, 792, 217]
[533, 808, 185]
[437, 813, 231]
[528, 842, 74]
[453, 846, 107]
[486, 101, -227]
[497, 83, -214]
[504, 84, -215]
[510, 84, -215]
[478, 84, -213]
[471, 85, -213]
[466, 85, -213]
[520, 93, -115]
[461, 95, -107]
[501, 116, -188]
[473, 119, -186]
[579, 195, -48]
[415, 189, -35]
[603, 308, -41]
[382, 300, -4]
[628, 390, -195]
[360, 365, -107]
[635, 422, -232]
[343, 385, -131]
[628, 416, -259]
[347, 391, -162]
[619, 404, -210]
[357, 379, -123]
[546, 456, 0]
[435, 450, 0]
[540, 638, -39]
[443, 632, 5]
[536, 788, 174]
[442, 794, 190]
[534, 808, 190]
[440, 815, 203]
[530, 842, 77]
[457, 849, 73]
[486, 102, -219]
[497, 84, -206]
[504, 85, -206]
[510, 85, -206]
[478, 85, -205]
[472, 85, -205]
[466, 86, -205]
[520, 94, -105]
[461, 96, -100]
[501, 117, -181]
[473, 119, -179]
[579, 195, -39]
[415, 189, -35]
[605, 307, -43]
[382, 300, -77]
[629, 366, -210]
[357, 356, -291]
[651, 394, -250]
[343, 372, -331]
[645, 384, -277]
[347, 361, -357]
[634, 373, -225]
[358, 351, -307]
[546, 455, 2]
[435, 449, -1]
[542, 631, -38]
[442, 625, 6]
[538, 781, 151]
[443, 783, 174]
[536, 802, 164]
[442, 804, 185]
[530, 833, 57]
[459, 840, 64]
[486, 102, -217]
[497, 85, -203]
[503, 85, -203]
[509, 85, -203]
[478, 85, -202]
[472, 85, -202]
[466, 86, -202]
[519, 94, -102]
[461, 96, -94]
[501, 117, -178]
[473, 119, -176]
[578, 196, -37]
[415, 189, -33]
[607, 307, -56]
[382, 300, -87]
[639, 348, -245]
[356, 344, -310]
[652, 358, -287]
[342, 359, -351]
[650, 343, -316]
[348, 346, -377]
[639, 341, -262]
[357, 337, -326]
[545, 455, 2]
[435, 449, -1]
[542, 628, -36]
[440, 624, 11]
[537, 781, 135]
[442, 779, 192]
[536, 802, 146]
[440, 799, 205]
[529, 833, 37]
[459, 835, 78]
[486, 102, -217]
[496, 85, -204]
[503, 85, -204]
[509, 86, -204]
[478, 85, -202]
[472, 86, -202]
[466, 86, -202]
[518, 94, -102]
[461, 97, -93]
[501, 117, -179]
[473, 119, -177]
[578, 197, -36]
[415, 190, -32]
[609, 307, -54]
[382, 300, -88]
[646, 346, -239]
[355, 342, -311]
[655, 355, -280]
[341, 357, -352]
[655, 342, -310]
[347, 344, -378]
[649, 338, -256]
[357, 335, -328]
[544, 455, 2]
[435, 449, -2]
[542, 627, -35]
[438, 623, 11]
[537, 781, 136]
[440, 779, 196]
[536, 803, 147]
[438, 799, 209]
[527, 833, 36]
[459, 834, 86]
[486, 102, -219]
[496, 86, -206]
[503, 86, -206]
[509, 86, -206]
[478, 86, -205]
[472, 86, -205]
[466, 87, -205]
[518, 95, -105]
[460, 97, -98]
[501, 118, -181]
[473, 120, -178]
[577, 197, -35]
[415, 190, -32]
[609, 307, -51]
[380, 301, -80]
[647, 332, -227]
[356, 328, -282]
[658, 344, -266]
[343, 332, -318]
[659, 332, -294]
[348, 314, -341]
[654, 328, -243]
[357, 308, -297]
[544, 455, 2]
[435, 449, -2]
[541, 627, -32]
[438, 623, 13]
[537, 781, 137]
[440, 779, 190]
[537, 803, 147]
[438, 799, 202]
[527, 833, 36]
[459, 834, 80]
[486, 104, -219]
[496, 87, -204]
[503, 87, -204]
[509, 88, -204]
[478, 87, -205]
[472, 88, -205]
[466, 88, -205]
[518, 96, -93]
[460, 98, -98]
[501, 120, -177]
[473, 122, -178]
[575, 197, -6]
[415, 190, -38]
[612, 309, -25]
[378, 302, -179]
[662, 315, -198]
[371, 232, -439]
[684, 327, -224]
[390, 193, -481]
[676, 306, -236]
[395, 175, -487]
[676, 310, -207]
[398, 183, -448]
[544, 455, 9]
[435, 449, -8]
[541, 627, -24]
[438, 623, 15]
[537, 788, 119]
[442, 783, 169]
[538, 812, 127]
[439, 804, 179]
[527, 839, 14]
[461, 839, 56]
[487, 106, -195]
[497, 89, -183]
[503, 89, -183]
[509, 89, -183]
[478, 89, -183]
[472, 89, -183]
[467, 90, -183]
[518, 98, -83]
[460, 100, -83]
[501, 122, -156]
[475, 123, -156]
[574, 197, -14]
[415, 190, -35]
[603, 305, -61]
[379, 294, -175]
[655, 285, -228]
[383, 190, -411]
[673, 285, -255]
[406, 146, -449]
[669, 269, -262]
[408, 139, -451]
[663, 270, -235]
[413, 152, -418]
[543, 452, 7]
[435, 447, -6]
[540, 623, -23]
[437, 622, 43]
[537, 785, 115]
[442, 779, 217]
[538, 808, 124]
[439, 799, 232]
[527, 837, 22]
[460, 834, 128]
[488, 106, -192]
[497, 90, -180]
[503, 90, -180]
[509, 90, -180]
[480, 90, -180]
[474, 90, -180]
[468, 90, -180]
[518, 100, -82]
[461, 101, -81]
[502, 123, -154]
[476, 124, -154]
[573, 197, -16]
[416, 190, -35]
[601, 303, -66]
[380, 290, -179]
[652, 283, -230]
[389, 181, -414]
[669, 283, -259]
[410, 144, -453]
[665, 267, -266]
[410, 137, -453]
[658, 267, -237]
[417, 149, -420]
[542, 451, 5]
[435, 446, -4]
[539, 623, -21]
[436, 622, 45]
[537, 785, 121]
[440, 779, 223]
[538, 807, 131]
[438, 799, 238]
[527, 836, 29]
[458, 834, 132]
[489, 107, -197]
[498, 90, -185]
[504, 90, -185]
[509, 91, -185]
[480, 90, -185]
[474, 90, -185]
[468, 91, -185]
[518, 101, -88]
[461, 102, -87]
[502, 123, -160]
[477, 124, -160]
[572, 196, -33]
[416, 190, -32]
[580, 291, -22]
[394, 276, -32]
[572, 351, -96]
[416, 210, -123]
[570, 382, -120]
[425, 257, -143]
[563, 370, -140]
[423, 240, -159]
[559, 356, -106]
[426, 231, -132]
[542, 450, -1]
[435, 443, 2]
[538, 619, -31]
[436, 622, 34]
[537, 776, 119]
[440, 774, 218]
[538, 798, 129]
[439, 794, 234]
[527, 828, 31]
[450, 825, 132]
[490, 107, -178]
[499, 90, -167]
[505, 91, -167]
[510, 91, -167]
[481, 90, -167]
[475, 91, -167]
[469, 91, -167]
[518, 101, -82]
[461, 102, -81]
[503, 124, -145]
[478, 125, -144]
[569, 194, -40]
[417, 189, -29]
[555, 291, -36]
[404, 266, -56]
[475, 289, -102]
[426, 247, -157]
[449, 300, -124]
[428, 296, -178]
[452, 282, -127]
[428, 283, -187]
[458, 276, -104]
[432, 274, -163]
[543, 447, -2]
[435, 440, 3]
[538, 619, -10]
[438, 623, 38]
[538, 772, 147]
[440, 775, 216]
[538, 793, 160]
[440, 795, 232]
[528, 825, 74]
[445, 826, 131]
[491, 107, -186]
[500, 91, -174]
[506, 91, -174]
[510, 92, -174]
[483, 91, -173]
[477, 91, -173]
[471, 92, -173]
[519, 101, -82]
[463, 102, -79]
[503, 124, -150]
[480, 125, -149]
[568, 192, -42]
[417, 188, -24]
[565, 279, -88]
[403, 253, -66]
[508, 295, -193]
[436, 255, -215]
[490, 308, -221]
[441, 272, -241]
[487, 291, -213]
[453, 260, -244]
[491, 286, -191]
[451, 257, -220]
[543, 442, -6]
[437, 436, 6]
[538, 618, -14]
[438, 623, 37]
[540, 773, 141]
[441, 776, 213]
[541, 794, 153]
[441, 797, 228]
[532, 826, 60]
[445, 827, 130]
[492, 107, -198]
[500, 91, -185]
[506, 91, -185]
[510, 92, -185]
[485, 91, -182]
[480, 91, -182]
[476, 92, -182]
[519, 101, -92]
[468, 102, -80]
[503, 124, -163]
[482, 125, -160]
[567, 192, -48]
[419, 188, -26]
[570, 285, -77]
[402, 260, -86]
[538, 327, -164]
[423, 261, -258]
[529, 351, -193]
[426, 287, -290]
[525, 335, -201]
[434, 273, -294]
[525, 324, -168]
[436, 268, -263]
[543, 440, -7]
[438, 434, 8]
[539, 617, -16]
[440, 627, 38]
[541, 773, 171]
[441, 777, 259]
[542, 794, 185]
[443, 797, 279]
[532, 826, 91]
[444, 828, 177]
[491, 107, -189]
[499, 91, -175]
[504, 91, -175]
[509, 92, -175]
[485, 91, -174]
[481, 91, -174]
[476, 91, -174]
[517, 101, -82]
[469, 102, -78]
[502, 124, -155]
[482, 124, -154]
[567, 192, -39]
[419, 188, -30]
[585, 283, -135]
[392, 264, -168]
[580, 233, -316]
[385, 230, -379]
[582, 223, -351]
[383, 217, -414]
[581, 208, -342]
[382, 204, -409]
[578, 214, -317]
[388, 211, -383]
[543, 438, -4]
[439, 433, 5]
[539, 618, 6]
[439, 627, 53]
[541, 777, 192]
[437, 777, 266]
[542, 800, 207]
[436, 798, 285]
[530, 830, 112]
[444, 828, 184]
[491, 108, -185]
[499, 92, -169]
[504, 92, -169]
[509, 92, -169]
[485, 91, -169]
[481, 91, -169]
[476, 92, -169]
[517, 102, -72]
[470, 102, -68]
[502, 124, -149]
[482, 125, -148]
[567, 193, -25]
[419, 190, -31]
[626, 284, -135]
[391, 277, -174]
[598, 233, -321]
[373, 226, -393]
[591, 220, -356]
[369, 210, -428]
[588, 206, -345]
[369, 196, -424]
[585, 211, -321]
[376, 204, -397]
[543, 438, 0]
[439, 432, 0]
[539, 619, 8]
[439, 627, 48]
[541, 782, 175]
[438, 781, 225]
[543, 807, 188]
[436, 803, 239]
[529, 836, 90]
[446, 834, 135]
[491, 108, -188]
[499, 93, -174]
[504, 93, -174]
[509, 93, -174]
[485, 92, -173]
[481, 92, -174]
[476, 93, -174]
[517, 103, -73]
[469, 102, -92]
[502, 126, -152]
[482, 126, -152]
[567, 197, -15]
[419, 194, -68]
[647, 236, 81]
[391, 284, -180]
[752, 209, 148]
[357, 232, -335]
[792, 203, 168]
[351, 216, -394]
[791, 197, 150]
[352, 205, -370]
[777, 201, 142]
[360, 212, -343]
[542, 441, 1]
[439, 434, -1]
[537, 619, 0]
[436, 629, -4]
[540, 775, 206]
[433, 776, 199]
[541, 794, 223]
[432, 795, 217]
[528, 830, 133]
[443, 827, 115]
[491, 108, -196]
[499, 92, -177]
[504, 93, -177]
[509, 93, -177]
[486, 92, -182]
[481, 92, -182]
[477, 93, -182]
[517, 103, -77]
[469, 102, -101]
[502, 126, -160]
[483, 126, -165]
[568, 197, -8]
[419, 195, -78]
[670, 218, 61]
[391, 286, -224]
[754, 200, 87]
[362, 228, -399]
[793, 197, 99]
[358, 213, -428]
[791, 190, 84]
[360, 202, -421]
[776, 194, 82]
[368, 209, -402]
[542, 439, 5]
[443, 434, -5]
[537, 616, 0]
[436, 625, -17]
[540, 768, 202]
[433, 776, 142]
[541, 785, 217]
[432, 795, 154]
[529, 824, 122]
[442, 826, 40]
[491, 108, -202]
[498, 92, -184]
[502, 93, -184]
[507, 93, -184]
[485, 92, -190]
[481, 93, -190]
[477, 93, -190]
[516, 103, -82]
[470, 104, -111]
[501, 126, -166]
[483, 127, -174]
[567, 200, -14]
[420, 203, -79]
[666, 231, 28]
[367, 293, -206]
[705, 220, -9]
[355, 224, -383]
[723, 206, -11]
[352, 205, -414]
[723, 204, -24]
[355, 193, -408]
[712, 217, -15]
[362, 200, -386]
[541, 439, 6]
[445, 437, -6]
[537, 617, 24]
[438, 624, -3]
[542, 768, 222]
[442, 780, 171]
[544, 787, 236]
[442, 799, 184]
[532, 824, 130]
[452, 831, 60]
[488, 108, -220]
[494, 93, -207]
[497, 93, -207]
[502, 94, -207]
[484, 93, -208]
[480, 94, -208]
[477, 94, -208]
[510, 105, -119]
[468, 105, -123]
[497, 126, -187]
[483, 127, -188]
[563, 206, -52]
[421, 206, -78]
[646, 273, -44]
[372, 289, -181]
[682, 230, -114]
[346, 205, -373]
[694, 227, -120]
[340, 183, -395]
[694, 222, -128]
[342, 171, -375]
[685, 226, -119]
[349, 181, -367]
[533, 445, 2]
[445, 444, -2]
[536, 620, 42]
[442, 624, 22]
[542, 769, 244]
[450, 780, 183]
[544, 788, 258]
[452, 799, 198]
[533, 825, 146]
[460, 832, 74]
[488, 112, -206]
[494, 95, -193]
[498, 95, -193]
[502, 95, -193]
[484, 96, -197]
[480, 97, -197]
[477, 98, -197]
[511, 105, -105]
[464, 105, -115]
[497, 129, -173]
[483, 130, -178]
[565, 205, -38]
[421, 207, -70]
[650, 271, -32]
[374, 291, -162]
[701, 228, -86]
[353, 213, -273]
[716, 218, -92]
[350, 194, -292]
[716, 211, -99]
[352, 182, -284]
[705, 216, -91]
[359, 190, -273]
[534, 453, 0]
[447, 451, 0]
[536, 627, 26]
[441, 629, 43]
[542, 774, 233]
[450, 784, 225]
[544, 792, 249]
[450, 804, 241]
[533, 830, 141]
[459, 839, 111]
[487, 115, -123]
[491, 97, -125]
[494, 97, -125]
[497, 97, -125]
[484, 97, -121]
[481, 98, -121]
[478, 99, -121]
[505, 106, -98]
[473, 107, -75]
[493, 131, -109]
[483, 132, -104]
[549, 205, -73]
[423, 207, -61]
[509, 280, -137]
[440, 284, -146]
[427, 212, -163]
[468, 200, -223]
[400, 199, -172]
[478, 179, -237]
[406, 185, -157]
[475, 172, -226]
[414, 192, -156]
[476, 181, -222]
[530, 459, -3]
[450, 456, 3]
[531, 634, 24]
[438, 634, 55]
[541, 779, 211]
[449, 788, 217]
[543, 798, 224]
[449, 807, 228]
[531, 832, 130]
[456, 841, 111]
[487, 114, -107]
[490, 96, -113]
[493, 96, -113]
[495, 97, -113]
[484, 97, -106]
[482, 98, -106]
[481, 98, -107]
[501, 106, -97]
[479, 106, -69]
[492, 131, -98]
[483, 132, -90]
[537, 205, -84]
[429, 206, -46]
[506, 280, -139]
[451, 276, -108]
[431, 206, -152]
[465, 190, -169]
[405, 192, -161]
[471, 167, -181]
[411, 179, -149]
[470, 161, -171]
[418, 186, -146]
[473, 171, -168]
[522, 459, -8]
[461, 457, 8]
[530, 634, 24]
[440, 634, 59]
[540, 777, 208]
[449, 788, 216]
[543, 795, 223]
[450, 806, 229]
[528, 827, 138]
[455, 839, 130]
[487, 115, -134]
[492, 97, -129]
[497, 97, -129]
[501, 97, -129]
[484, 97, -119]
[480, 97, -119]
[477, 98, -119]
[511, 106, -89]
[472, 106, -62]
[494, 131, -99]
[481, 132, -115]
[560, 200, -69]
[428, 201, -31]
[552, 280, -202]
[407, 279, -183]
[563, 194, -387]
[402, 185, -403]
[572, 161, -422]
[397, 162, -439]
[573, 151, -410]
[411, 155, -428]
[562, 162, -387]
[411, 165, -405]
[535, 459, -7]
[454, 455, 7]
[532, 634, -2]
[439, 633, 54]
[540, 787, 130]
[448, 788, 191]
[543, 809, 139]
[450, 808, 201]
[527, 840, 39]
[457, 842, 98]
[487, 115, -178]
[495, 97, -166]
[500, 97, -166]
[506, 97, -166]
[483, 97, -161]
[479, 97, -161]
[474, 98, -161]
[516, 106, -88]
[468, 106, -69]
[496, 131, -136]
[480, 132, -138]
[569, 197, -61]
[426, 198, -35]
[582, 280, -206]
[395, 280, -209]
[600, 191, -414]
[378, 188, -449]
[610, 166, -452]
[372, 168, -487]
[605, 160, -439]
[379, 158, -479]
[593, 168, -415]
[388, 167, -452]
[540, 458, -6]
[451, 454, 7]
[535, 633, -12]
[437, 630, 58]
[541, 789, 130]
[447, 788, 200]
[544, 812, 139]
[448, 808, 210]
[526, 842, 34]
[457, 842, 100]
[487, 115, -166]
[496, 97, -155]
[502, 96, -155]
[508, 97, -155]
[483, 96, -152]
[478, 97, -152]
[473, 97, -152]
[518, 106, -70]
[465, 104, -57]
[498, 131, -131]
[479, 132, -129]
[571, 195, -34]
[424, 195, -29]
[593, 282, -180]
[388, 280, -197]
[605, 189, -366]
[377, 186, -406]
[612, 166, -398]
[372, 163, -439]
[608, 161, -383]
[374, 155, -429]
[596, 168, -365]
[380, 165, -408]
[543, 458, -4]
[448, 454, 4]
[536, 633, -11]
[435, 627, 35]
[540, 789, 107]
[447, 788, 140]
[544, 812, 114]
[447, 809, 147]
[526, 843, 19]
[456, 842, 45]
