[464, 351, -126]
[468, 344, -144]
[469, 343, -144]
[469, 342, -144]
[466, 349, -133]
[465, 350, -133]
[464, 352, -133]
[469, 341, -188]
[459, 355, -130]
[460, 351, -131]
[457, 355, -118]
[469, 364, -165]
[427, 374, -90]
[528, 380, -148]
[411, 400, 7]
[522, 357, -146]
[418, 381, 93]
[520, 346, -158]
[420, 376, 96]
[522, 334, -163]
[420, 368, 89]
[520, 338, -149]
[419, 368, 90]
[477, 589, -20]
[424, 593, 20]
[473, 648, 117]
[412, 650, 173]
[466, 738, 352]
[454, 737, 381]
[467, 743, 377]
[467, 739, 402]
[449, 777, 347]
[448, 777, 368]
[493, 403, -53]
[498, 404, -67]
[498, 403, -67]
[497, 403, -67]
[499, 405, -57]
[500, 406, -56]
[500, 407, -56]
[493, 410, -107]
[495, 414, -56]
[484, 406, -60]
[487, 408, -46]
[481, 420, -137]
[460, 433, -24]
[505, 373, -137]
[443, 361, 8]
[496, 311, -112]
[455, 267, -3]
[493, 303, -120]
[464, 254, -11]
[498, 302, -121]
[461, 253, -19]
[500, 304, -111]
[456, 255, -8]
[478, 629, -33]
[471, 637, 33]
[464, 436, 76]
[451, 452, 131]
[468, 346, 285]
[485, 351, 302]
[467, 334, 304]
[487, 337, 317]
[479, 295, 233]
[497, 294, 276]
[480, 335, -64]
[487, 327, -76]
[488, 327, -76]
[489, 327, -76]
[485, 328, -65]
[484, 329, -65]
[484, 329, -65]
[489, 338, -99]
[483, 341, -47]
[477, 347, -66]
[474, 348, -52]
[486, 393, -131]
[460, 396, -12]
[512, 384, -115]
[459, 387, 60]
[512, 351, -57]
[453, 347, 139]
[513, 347, -62]
[456, 347, 145]
[514, 341, -69]
[453, 343, 136]
[509, 343, -59]
[451, 342, 135]
[482, 625, -35]
[477, 634, 35]
[525, 506, 86]
[506, 532, 173]
[528, 523, 318]
[543, 529, 380]
[524, 529, 340]
[547, 533, 401]
[537, 517, 313]
[545, 512, 390]
[473, 346, -43]
[467, 334, -52]
[466, 333, -51]
[465, 333, -51]
[480, 335, -48]
[478, 336, -48]
[472, 337, -48]
[463, 341, -59]
[465, 347, -42]
[467, 358, -40]
[465, 360, -35]
[469, 401, -67]
[455, 402, -19]
[502, 391, -62]
[469, 382, 8]
[519, 351, -59]
[458, 324, -8]
[522, 343, -67]
[459, 318, -16]
[519, 336, -73]
[452, 314, -31]
[510, 339, -62]
[450, 317, -16]
[472, 635, -33]
[470, 644, 34]
[509, 507, -20]
[484, 523, 85]
[491, 533, 119]
[488, 541, 187]
[481, 541, 130]
[487, 552, 197]
[523, 518, 108]
[487, 512, 204]
[467, 345, -22]
[457, 333, -29]
[456, 333, -29]
[455, 333, -29]
[473, 334, -29]
[478, 334, -29]
[467, 335, -29]
[451, 340, -34]
[457, 343, -37]
[460, 358, -18]
[460, 359, -20]
[462, 405, -39]
[449, 394, -25]
[504, 424, -17]
[463, 390, -5]
[523, 405, -8]
[471, 347, 51]
[525, 403, -10]
[475, 355, 58]
[522, 390, -16]
[473, 351, 51]
[511, 393, -11]
[470, 347, 50]
[468, 631, -33]
[462, 637, 33]
[502, 506, -11]
[484, 518, 54]
[490, 524, 132]
[490, 528, 170]
[481, 533, 143]
[487, 539, 181]
[506, 502, 111]
[489, 496, 166]
[445, 339, -29]
[449, 329, -41]
[449, 329, -41]
[451, 329, -41]
[455, 330, -24]
[459, 330, -24]
[455, 330, -24]
[446, 324, -61]
[454, 339, 15]
[444, 350, -31]
[443, 351, -9]
[464, 387, -97]
[444, 395, 71]
[481, 413, -166]
[449, 397, 113]
[500, 374, -192]
[452, 361, 118]
[509, 369, -210]
[457, 362, 127]
[509, 364, -204]
[453, 356, 108]
[503, 366, -191]
[451, 355, 110]
[465, 616, -60]
[457, 625, 60]
[481, 515, -66]
[465, 527, 73]
[469, 557, 55]
[478, 565, 178]
[465, 567, 65]
[475, 578, 186]
[478, 553, 36]
[458, 552, 168]
[445, 326, -19]
[450, 319, -27]
[451, 319, -27]
[452, 319, -27]
[454, 319, -16]
[457, 320, -16]
[454, 321, -16]
[445, 327, -42]
[453, 331, 6]
[446, 336, -19]
[444, 337, -6]
[450, 372, -88]
[448, 390, 49]
[459, 325, -130]
[456, 360, 65]
[463, 259, -158]
[451, 299, 56]
[462, 220, -176]
[456, 288, 60]
[460, 221, -175]
[449, 283, 44]
[466, 247, -158]
[446, 286, 49]
[460, 598, -50]
[460, 611, 50]
[459, 538, -49]
[463, 549, 65]
[457, 593, 51]
[471, 602, 137]
[458, 603, 58]
[471, 615, 143]
[456, 601, 29]
[458, 600, 119]
[459, 324, -33]
[453, 315, -23]
[451, 316, -23]
[454, 316, -23]
[456, 316, -46]
[456, 317, -46]
[454, 318, -46]
[446, 327, 29]
[451, 329, -71]
[454, 339, -10]
[454, 339, -39]
[447, 384, 70]
[447, 398, -130]
[459, 314, 86]
[465, 393, -172]
[444, 227, 31]
[459, 308, -106]
[450, 206, 18]
[458, 327, -117]
[448, 207, 6]
[452, 315, -120]
[448, 218, 20]
[452, 297, -106]
[455, 597, 56]
[462, 610, -55]
[451, 526, 63]
[475, 533, -46]
[460, 548, 158]
[468, 551, 44]
[456, 554, 157]
[463, 554, 53]
[458, 542, 141]
[462, 539, 23]
[471, 324, -49]
[457, 311, -45]
[454, 312, -45]
[455, 312, -45]
[459, 312, -53]
[458, 313, -53]
[456, 314, -53]
[448, 321, -16]
[451, 327, -57]
[465, 336, -34]
[463, 336, -45]
[452, 375, -16]
[442, 387, -124]
[453, 313, -7]
[452, 327, -98]
[448, 249, -48]
[455, 244, -103]
[451, 221, -62]
[460, 229, -113]
[450, 222, -77]
[448, 219, -118]
[449, 226, -57]
[447, 222, -106]
[458, 577, 14]
[459, 591, -15]
[451, 527, 8]
[473, 533, 12]
[474, 532, 103]
[482, 533, 125]
[481, 537, 109]
[479, 539, 133]
[472, 513, 72]
[473, 505, 96]
[472, 325, -43]
[468, 316, -44]
[467, 316, -44]
[467, 316, -44]
[466, 318, -48]
[465, 319, -48]
[462, 319, -48]
[457, 320, -28]
[453, 325, -46]
[467, 333, -33]
[462, 333, -38]
[454, 364, -33]
[441, 371, -41]
[457, 327, -21]
[449, 310, -63]
[462, 289, -40]
[448, 236, -73]
[465, 272, -46]
[452, 224, -77]
[466, 272, -50]
[445, 218, -86]
[465, 276, -43]
[445, 222, -76]
[459, 545, -5]
[456, 559, 5]
[452, 519, -23]
[468, 523, 31]
[474, 515, 77]
[476, 513, 106]
[479, 515, 85]
[473, 517, 112]
[468, 505, 56]
[470, 488, 89]
[478, 289, -42]
[471, 281, -35]
[470, 281, -35]
[470, 281, -35]
[470, 281, -53]
[468, 281, -53]
[465, 280, -53]
[457, 285, 10]
[452, 285, -73]
[473, 298, -21]
[471, 298, -45]
[456, 331, 46]
[429, 327, -99]
[460, 334, 88]
[436, 310, -163]
[468, 298, 61]
[445, 249, -176]
[469, 288, 58]
[448, 236, -193]
[472, 283, 42]
[442, 232, -187]
[471, 286, 53]
[442, 236, -175]
[460, 509, 31]
[456, 523, -31]
[448, 521, 15]
[465, 542, -40]
[472, 550, 102]
[468, 569, 20]
[476, 561, 109]
[459, 567, 25]
[465, 576, 74]
[460, 578, -16]
[477, 225, -49]
[474, 221, -36]
[474, 221, -36]
[474, 221, -36]
[469, 220, -53]
[467, 219, -53]
[464, 219, -53]
[467, 228, 41]
[452, 227, -41]
[473, 235, -20]
[468, 234, -43]
[458, 280, 93]
[424, 285, -50]
[474, 345, 116]
[416, 339, -152]
[499, 385, 41]
[445, 341, -139]
[502, 383, 26]
[453, 348, -159]
[507, 394, 7]
[452, 341, -159]
[503, 389, 30]
[450, 339, -140]
[461, 441, 31]
[436, 441, -31]
[463, 524, -43]
[436, 545, -90]
[483, 652, 52]
[441, 686, -36]
[483, 664, 58]
[436, 701, -34]
[488, 699, -1]
[452, 731, -118]
[474, 228, -24]
[473, 220, -9]
[474, 220, -9]
[473, 220, -9]
[465, 219, -20]
[461, 218, -20]
[458, 218, -20]
[466, 226, 62]
[446, 225, 13]
[471, 238, 2]
[464, 238, -11]
[462, 278, 108]
[418, 280, 7]
[485, 345, 142]
[403, 345, -34]
[513, 373, 102]
[419, 391, -107]
[520, 381, 88]
[415, 415, -157]
[521, 378, 73]
[422, 414, -141]
[516, 375, 93]
[428, 399, -114]
[462, 411, 25]
[423, 412, -25]
[476, 526, -41]
[439, 536, -77]
[481, 644, 26]
[444, 653, -9]
[480, 657, 29]
[440, 664, -4]
[489, 685, -31]
[461, 689, -73]
[473, 228, -37]
[472, 219, -25]
[473, 219, -25]
[473, 219, -25]
[464, 218, -36]
[459, 217, -36]
[455, 217, -36]
[465, 222, 39]
[443, 221, -14]
[470, 237, -13]
[463, 237, -28]
[462, 279, 92]
[415, 279, -17]
[476, 346, 121]
[398, 354, -45]
[511, 372, 63]
[419, 399, -82]
[522, 382, 49]
[417, 413, -104]
[524, 378, 33]
[424, 408, -109]
[517, 375, 53]
[426, 402, -86]
[462, 411, 37]
[424, 415, -37]
[478, 522, -13]
[441, 531, -63]
[475, 638, 32]
[443, 643, -26]
[466, 653, 32]
[435, 655, -25]
[492, 674, -21]
[467, 679, -92]
[469, 227, -72]
[468, 217, -57]
[469, 218, -57]
[470, 218, -57]
[460, 217, -69]
[455, 217, -69]
[451, 216, -69]
[463, 221, 23]
[439, 221, -35]
[468, 237, -45]
[461, 238, -60]
[462, 279, 76]
[415, 277, -48]
[468, 345, 115]
[396, 357, -56]
[510, 368, 61]
[416, 403, -97]
[521, 377, 50]
[416, 419, -116]
[525, 373, 32]
[424, 411, -124]
[518, 370, 51]
[425, 407, -100]
[461, 411, 39]
[424, 414, -39]
[477, 520, -4]
[444, 531, -66]
[470, 630, 56]
[441, 638, -5]
[460, 643, 59]
[432, 649, -1]
[490, 663, 7]
[466, 669, -67]
[468, 227, -68]
[467, 217, -54]
[468, 217, -54]
[469, 217, -54]
[458, 216, -65]
[454, 216, -65]
[450, 216, -65]
[462, 221, 18]
[439, 221, -35]
[467, 238, -42]
[460, 238, -57]
[461, 283, 73]
[415, 278, -50]
[470, 349, 101]
[395, 360, -68]
[511, 372, 45]
[440, 392, -97]
[524, 377, 32]
[461, 406, -115]
[527, 372, 16]
[467, 398, -121]
[523, 372, 35]
[459, 391, -99]
[459, 413, 36]
[421, 415, -36]
[476, 520, -16]
[444, 532, -67]
[470, 627, 58]
[442, 635, 14]
[461, 639, 62]
[435, 646, 18]
[491, 657, 10]
[465, 663, -42]
[468, 226, -77]
[466, 217, -62]
[467, 217, -62]
[468, 217, -62]
[458, 216, -74]
[454, 216, -74]
[450, 216, -74]
[461, 221, 9]
[439, 221, -48]
[467, 236, -50]
[460, 236, -66]
[460, 285, 69]
[415, 279, -66]
[464, 352, 98]
[393, 363, -85]
[514, 380, 43]
[445, 392, -102]
[531, 388, 31]
[466, 400, -118]
[533, 379, 14]
[469, 395, -122]
[528, 380, 33]
[465, 390, -102]
[457, 421, 39]
[420, 422, -39]
[475, 520, -2]
[445, 534, -66]
[468, 632, 79]
[439, 636, 16]
[460, 644, 83]
[432, 647, 23]
[490, 665, 30]
[464, 668, -37]
[467, 226, -101]
[465, 217, -88]
[466, 217, -88]
[467, 217, -88]
[457, 216, -100]
[454, 216, -100]
[449, 216, -100]
[459, 221, -17]
[438, 221, -74]
[466, 235, -75]
[459, 235, -91]
[459, 284, 57]
[413, 280, -84]
[463, 353, 93]
[390, 365, -100]
[515, 382, 42]
[442, 401, -127]
[534, 385, 30]
[455, 411, -145]
[538, 380, 8]
[460, 405, -150]
[531, 381, 29]
[457, 401, -129]
[457, 420, 39]
[420, 423, -38]
[475, 523, 5]
[445, 534, -58]
[467, 630, 73]
[438, 636, 15]
[459, 644, 75]
[430, 648, 20]
[490, 661, 21]
[464, 667, -44]
[466, 227, -100]
[465, 217, -86]
[466, 218, -86]
[467, 218, -86]
[458, 217, -98]
[454, 216, -98]
[450, 216, -98]
[459, 222, -16]
[438, 221, -68]
[465, 236, -73]
[458, 235, -88]
[459, 283, 57]
[413, 280, -75]
[463, 353, 94]
[389, 365, -89]
[513, 381, 41]
[440, 403, -117]
[529, 383, 28]
[451, 414, -134]
[532, 381, 7]
[457, 407, -139]
[527, 377, 28]
[454, 403, -119]
[457, 420, 39]
[421, 423, -39]
[474, 532, 11]
[445, 535, -55]
[467, 633, 81]
[437, 638, 18]
[459, 647, 83]
[429, 650, 23]
[491, 666, 28]
[463, 671, -43]
[466, 225, -110]
[465, 216, -96]
[466, 217, -96]
[467, 217, -96]
[457, 215, -107]
[454, 215, -107]
[450, 215, -107]
[459, 222, -21]
[438, 220, -72]
[465, 235, -82]
[458, 234, -97]
[459, 283, 57]
[412, 279, -80]
[460, 354, 96]
[388, 365, -95]
[513, 383, 39]
[439, 406, -127]
[528, 389, 27]
[450, 418, -145]
[534, 383, 8]
[456, 410, -150]
[527, 381, 28]
[452, 406, -128]
[456, 423, 41]
[421, 426, -41]
[472, 538, 18]
[445, 535, -45]
[462, 642, 86]
[433, 645, 24]
[452, 658, 88]
[424, 660, 27]
[490, 674, 32]
[463, 677, -39]
[464, 224, -116]
[464, 216, -102]
[466, 217, -102]
[467, 217, -102]
[456, 215, -112]
[452, 214, -112]
[448, 214, -112]
[460, 222, -28]
[437, 219, -75]
[464, 234, -88]
[456, 233, -101]
[458, 281, 50]
[411, 279, -79]
[458, 354, 95]
[387, 364, -92]
[512, 383, 30]
[431, 409, -128]
[527, 394, 18]
[436, 422, -147]
[532, 388, 0]
[449, 416, -152]
[525, 386, 19]
[446, 412, -130]
[457, 416, 40]
[421, 424, -40]
[483, 528, 11]
[445, 535, -53]
[467, 628, 83]
[426, 626, 34]
[453, 643, 86]
[415, 635, 41]
[495, 664, 36]
[452, 664, -15]
[460, 225, -117]
[462, 216, -102]
[464, 217, -102]
[466, 218, -102]
[453, 215, -112]
[450, 215, -112]
[446, 214, -112]
[460, 223, -27]
[435, 219, -74]
[462, 235, -88]
[452, 234, -102]
[459, 282, 50]
[409, 280, -81]
[460, 354, 94]
[386, 364, -94]
[509, 394, 30]
[421, 412, -133]
[525, 406, 18]
[424, 427, -152]
[529, 396, 0]
[436, 422, -159]
[523, 394, 19]
[436, 417, -135]
[457, 420, 39]
[422, 427, -39]
[477, 528, 11]
[445, 536, -50]
[466, 635, 84]
[429, 630, 34]
[455, 651, 87]
[419, 641, 40]
[494, 668, 34]
[454, 666, -21]
[458, 226, -111]
[461, 218, -96]
[463, 218, -96]
[465, 219, -96]
[452, 216, -107]
[448, 216, -107]
[444, 215, -107]
[460, 224, -23]
[434, 220, -72]
[460, 236, -83]
[450, 235, -97]
[459, 282, 51]
[408, 281, -77]
[460, 354, 92]
[385, 366, -91]
[507, 395, 30]
[419, 414, -127]
[521, 405, 18]
[421, 429, -146]
[526, 399, 0]
[433, 425, -152]
[517, 397, 20]
[433, 419, -130]
[462, 419, 39]
[423, 427, -39]
[476, 527, 9]
[445, 536, -50]
[474, 634, 83]
[429, 631, 42]
[465, 649, 86]
[420, 641, 48]
[501, 667, 32]
[460, 666, -15]
[459, 226, -106]
[461, 218, -92]
[463, 219, -93]
[465, 219, -93]
[452, 217, -104]
[448, 216, -104]
[444, 216, -104]
[460, 224, -21]
[433, 221, -73]
[460, 236, -79]
[451, 235, -94]
[459, 282, 51]
[407, 282, -80]
[460, 355, 92]
[385, 366, -93]
[506, 396, 31]
[418, 414, -130]
[519, 405, 19]
[419, 430, -149]
[523, 399, 1]
[431, 425, -156]
[514, 397, 20]
[431, 419, -133]
[464, 419, 39]
[423, 427, -39]
[476, 526, 7]
[445, 536, -50]
[476, 634, 81]
[430, 630, 45]
[467, 649, 84]
[421, 641, 52]
[502, 667, 29]
[461, 666, -10]
[458, 227, -119]
[460, 219, -104]
[462, 219, -104]
[464, 220, -104]
[451, 217, -115]
[448, 217, -115]
[444, 217, -115]
[459, 225, -31]
[433, 222, -81]
[459, 237, -91]
[450, 236, -105]
[459, 283, 44]
[406, 282, -85]
[461, 355, 88]
[384, 367, -95]
[502, 398, 31]
[417, 416, -131]
[515, 408, 19]
[420, 431, -150]
[519, 408, 1]
[431, 427, -157]
[510, 401, 20]
[430, 421, -134]
[465, 419, 38]
[423, 427, -38]
[476, 525, 10]
[445, 536, -44]
[480, 632, 92]
[431, 627, 57]
[472, 646, 96]
[421, 637, 65]
[506, 664, 42]
[462, 664, 1]
[458, 227, -124]
[459, 219, -109]
[462, 220, -109]
[463, 220, -109]
[451, 218, -120]
[447, 217, -120]
[443, 217, -120]
[459, 225, -34]
[432, 222, -84]
[459, 237, -95]
[450, 236, -110]
[459, 282, 41]
[406, 283, -86]
[460, 355, 85]
[384, 367, -95]
[501, 397, 28]
[416, 418, -133]
[513, 408, 16]
[417, 432, -152]
[518, 404, -2]
[427, 428, -159]
[509, 400, 17]
[427, 423, -135]
[465, 418, 38]
[424, 427, -38]
[476, 525, 8]
[446, 536, -44]
[483, 627, 91]
[431, 618, 79]
[474, 642, 96]
[423, 626, 89]
[509, 661, 43]
[461, 654, 32]
[458, 227, -122]
[459, 219, -108]
[461, 220, -108]
[463, 220, -108]
[450, 218, -118]
[447, 218, -118]
[443, 217, -118]
[458, 225, -34]
[432, 222, -83]
[459, 237, -94]
[450, 236, -108]
[459, 282, 39]
[406, 283, -87]
[460, 355, 80]
[383, 367, -98]
[501, 397, 22]
[415, 418, -136]
[514, 407, 11]
[417, 433, -155]
[518, 403, -7]
[426, 429, -162]
[509, 399, 12]
[426, 424, -138]
[465, 418, 38]
[424, 428, -38]
[475, 524, 11]
[446, 536, -41]
[481, 627, 90]
[432, 620, 65]
[474, 642, 94]
[423, 629, 74]
[506, 660, 42]
[462, 655, 14]
[457, 227, -121]
[457, 219, -104]
[459, 220, -104]
[461, 220, -104]
[450, 218, -113]
[446, 218, -113]
[442, 217, -113]
[454, 225, -30]
[431, 222, -85]
[458, 237, -90]
[449, 237, -103]
[457, 283, 40]
[405, 284, -91]
[459, 355, 79]
[383, 367, -103]
[501, 398, 22]
[416, 416, -136]
[514, 407, 10]
[417, 430, -155]
[518, 402, -7]
[427, 425, -161]
[511, 399, 12]
[426, 420, -138]
[465, 419, 38]
[424, 428, -38]
[475, 524, 18]
[446, 538, -42]
[480, 630, 102]
[433, 626, 59]
[473, 644, 106]
[425, 636, 66]
[506, 661, 54]
[464, 659, 5]
[457, 227, -116]
[457, 219, -101]
[458, 220, -101]
[460, 220, -101]
[449, 218, -112]
[445, 218, -112]
[441, 218, -113]
[453, 225, -29]
[430, 223, -85]
[458, 237, -88]
[449, 237, -103]
[456, 283, 42]
[405, 284, -91]
[459, 357, 80]
[383, 367, -105]
[501, 399, 23]
[417, 415, -139]
[514, 408, 12]
[418, 429, -158]
[521, 402, -5]
[427, 424, -164]
[513, 399, 13]
[427, 418, -141]
[464, 419, 39]
[424, 428, -39]
[473, 525, 20]
[446, 539, -40]
[476, 633, 100]
[433, 631, 57]
[470, 647, 104]
[425, 642, 64]
[504, 663, 51]
[466, 663, 1]
[457, 229, -108]
[457, 220, -95]
[458, 220, -95]
[460, 221, -95]
[449, 219, -109]
[446, 219, -109]
[442, 219, -110]
[452, 225, -28]
[431, 224, -89]
[457, 239, -81]
[449, 239, -102]
[456, 285, 42]
[404, 284, -100]
[461, 358, 81]
[383, 367, -117]
[514, 398, 27]
[419, 414, -146]
[531, 405, 17]
[424, 428, -165]
[534, 399, -1]
[437, 424, -170]
[529, 396, 16]
[433, 415, -148]
[460, 421, 40]
[423, 428, -39]
[469, 527, 17]
[446, 541, -46]
[462, 637, 92]
[430, 631, 56]
[454, 651, 95]
[421, 642, 63]
[487, 667, 45]
[456, 664, 0]
[457, 230, -97]
[457, 221, -85]
[458, 221, -85]
[459, 221, -85]
[449, 220, -99]
[446, 220, -99]
[442, 220, -99]
[452, 225, -20]
[431, 224, -89]
[457, 240, -72]
[449, 240, -91]
[455, 285, 50]
[404, 284, -94]
[461, 358, 93]
[383, 367, -110]
[520, 390, 45]
[419, 409, -143]
[537, 397, 36]
[428, 422, -158]
[538, 392, 17]
[439, 413, -162]
[532, 390, 35]
[435, 408, -143]
[456, 419, 40]
[419, 425, -40]
[466, 526, 15]
[445, 539, -46]
[458, 637, 62]
[429, 631, 38]
[449, 652, 63]
[420, 641, 44]
[484, 668, 12]
[454, 664, -13]
[457, 231, -79]
[456, 221, -66]
[457, 221, -66]
[458, 221, -66]
[449, 220, -80]
[446, 220, -80]
[442, 220, -80]
[449, 225, -5]
[430, 224, -67]
[457, 240, -55]
[449, 240, -73]
[453, 286, 55]
[402, 285, -79]
[461, 358, 95]
[383, 368, -96]
[517, 382, 47]
[421, 400, -124]
[533, 386, 38]
[434, 410, -139]
[536, 381, 21]
[442, 401, -144]
[530, 380, 38]
[437, 398, -125]
[454, 419, 39]
[418, 425, -39]
[466, 526, 15]
[443, 537, -50]
[461, 625, 71]
[432, 631, 19]
[452, 639, 73]
[424, 641, 24]
[486, 654, 23]
[459, 663, -35]
[457, 231, -58]
[455, 221, -45]
[456, 221, -45]
[457, 221, -45]
[449, 221, -58]
[445, 221, -58]
[441, 221, -58]
[448, 225, 17]
[430, 225, -46]
[456, 241, -34]
[449, 241, -52]
[453, 287, 77]
[401, 285, -65]
[461, 358, 123]
[383, 366, -94]
[522, 373, 87]
[403, 402, -131]
[535, 380, 83]
[404, 418, -147]
[539, 374, 63]
[412, 419, -153]
[534, 374, 77]
[412, 404, -134]
[450, 418, 41]
[414, 422, -41]
[465, 530, 6]
[441, 538, -63]
[457, 624, 68]
[430, 628, 25]
[449, 637, 71]
[422, 636, 32]
[481, 655, 26]
[456, 663, -23]
[457, 231, -57]
[455, 221, -44]
[456, 221, -44]
[457, 221, -44]
[449, 221, -58]
[445, 221, -58]
[441, 221, -58]
[448, 225, 16]
[430, 225, -46]
[456, 241, -33]
[449, 241, -52]
[454, 289, 74]
[400, 286, -64]
[461, 357, 118]
[383, 364, -95]
[523, 369, 79]
[400, 403, -138]
[534, 377, 73]
[398, 420, -155]
[539, 371, 53]
[406, 418, -161]
[534, 370, 68]
[407, 406, -141]
[449, 417, 40]
[413, 422, -40]
[462, 526, -1]
[441, 538, -72]
[458, 618, 72]
[430, 626, 20]
[449, 629, 76]
[422, 631, 27]
[480, 653, 33]
[452, 663, -23]
[456, 231, -56]
[454, 221, -43]
[455, 221, -43]
[456, 221, -43]
[447, 221, -56]
[444, 221, -56]
[440, 221, -56]
[447, 225, 16]
[429, 225, -42]
[455, 241, -32]
[448, 241, -49]
[453, 289, 77]
[400, 286, -60]
[458, 354, 123]
[383, 362, -72]
[510, 372, 90]
[399, 403, -98]
[524, 376, 84]
[397, 420, -113]
[527, 375, 66]
[405, 416, -121]
[520, 373, 80]
[407, 406, -101]
[450, 421, 41]
[414, 425, -41]
[462, 527, 1]
[441, 544, -76]
[452, 619, 83]
[426, 627, 27]
[444, 632, 88]
[417, 632, 34]
[473, 658, 47]
[443, 667, -12]
[456, 232, -38]
[454, 222, -27]
[455, 221, -27]
[455, 221, -27]
[447, 221, -42]
[444, 221, -42]
[440, 221, -42]
[447, 225, 26]
[428, 225, -37]
[455, 241, -17]
[448, 242, -35]
[452, 288, 82]
[400, 285, -59]
[456, 352, 125]
[384, 353, -69]
[492, 372, 95]
[403, 379, -81]
[504, 379, 89]
[403, 391, -94]
[506, 377, 74]
[410, 386, -100]
[500, 375, 87]
[410, 383, -83]
[450, 424, 41]
[414, 427, -40]
[462, 528, -1]
[441, 544, -73]
[453, 624, 83]
[426, 630, 24]
[445, 635, 88]
[418, 635, 32]
[473, 664, 45]
[445, 670, -16]
[456, 233, -21]
[454, 222, -12]
[454, 222, -12]
[455, 222, -12]
[447, 222, -27]
[444, 222, -27]
[440, 221, -27]
[446, 226, 33]
[428, 225, -34]
[454, 242, -2]
[447, 242, -22]
[452, 284, 83]
[400, 284, -64]
[456, 347, 130]
[388, 341, -102]
[483, 373, 123]
[402, 358, -137]
[491, 379, 123]
[400, 368, -152]
[493, 377, 110]
[406, 362, -155]
[488, 376, 116]
[408, 360, -139]
[450, 423, 39]
[414, 426, -39]
[463, 528, -1]
[440, 543, -68]
[455, 624, 81]
[431, 633, 12]
[449, 636, 86]
[426, 640, 18]
[475, 664, 44]
[447, 673, -33]
[456, 234, -15]
[454, 223, -5]
[454, 223, -5]
[455, 223, -5]
[447, 222, -20]
[444, 222, -20]
[440, 221, -20]
[446, 226, 49]
[428, 225, -20]
[454, 243, 5]
[447, 243, -14]
[451, 284, 103]
[400, 283, -51]
[465, 345, 180]
[391, 346, -133]
[497, 352, 215]
[399, 345, -217]
[506, 357, 223]
[401, 347, -236]
[506, 350, 212]
[404, 338, -241]
[501, 348, 211]
[406, 338, -220]
[451, 423, 40]
[415, 426, -40]
[463, 528, -2]
[440, 542, -68]
[456, 629, 79]
[431, 635, 12]
[449, 640, 84]
[426, 642, 19]
[477, 667, 39]
[447, 674, -37]
[456, 234, -13]
[454, 223, -2]
[455, 223, -2]
[456, 223, -2]
[448, 222, -17]
[444, 222, -17]
[440, 221, -17]
[448, 227, 54]
[428, 225, -14]
[455, 243, 8]
[447, 243, -11]
[450, 284, 108]
[401, 283, -42]
[468, 346, 177]
[391, 347, -125]
[506, 350, 200]
[398, 345, -206]
[516, 354, 205]
[400, 349, -225]
[519, 347, 195]
[402, 340, -230]
[512, 346, 195]
[404, 339, -209]
[451, 423, 40]
[415, 426, -40]
[463, 529, -1]
[440, 542, -68]
[454, 634, 81]
[428, 637, 13]
[447, 646, 86]
[421, 645, 20]
[474, 671, 40]
[445, 676, -36]
[456, 234, -2]
[454, 223, 9]
[455, 223, 8]
[456, 223, 8]
[448, 222, -5]
[444, 222, -5]
[441, 221, -5]
[449, 227, 65]
[430, 224, 0]
[455, 243, 19]
[448, 243, 0]
[452, 283, 109]
[401, 281, -28]
[473, 340, 77]
[393, 345, -75]
[487, 338, -12]
[399, 335, -91]
[491, 340, -28]
[401, 338, -102]
[488, 332, -25]
[406, 329, -107]
[483, 332, -15]
[407, 330, -92]
[450, 423, 37]
[415, 426, -37]
[463, 529, -11]
[440, 541, -67]
[455, 635, 64]
[430, 638, 10]
[448, 646, 68]
[423, 646, 15]
[475, 671, 21]
[454, 676, -41]
[457, 234, -5]
[455, 223, 6]
[456, 223, 6]
[457, 223, 6]
[449, 222, -7]
[445, 222, -7]
[442, 221, -7]
[451, 227, 65]
[431, 224, 0]
[456, 243, 17]
[449, 243, -1]
[452, 282, 108]
[404, 281, -30]
[472, 342, 79]
[393, 342, -92]
[489, 340, -7]
[410, 332, -147]
[495, 345, -22]
[415, 335, -164]
[493, 336, -24]
[418, 321, -162]
[489, 335, -11]
[412, 323, -147]
[450, 422, 38]
[415, 425, -38]
[463, 529, -9]
[440, 537, -67]
[454, 635, 57]
[432, 637, -10]
[447, 646, 60]
[423, 647, -7]
[475, 670, 11]
[460, 675, -69]
[460, 234, -10]
[458, 223, 2]
[459, 223, 1]
[460, 223, 1]
[452, 222, -12]
[448, 222, -12]
[445, 221, -12]
[453, 227, 64]
[433, 224, 1]
[460, 243, 13]
[453, 243, -4]
[453, 282, 111]
[406, 280, -18]
[475, 343, 66]
[391, 343, -46]
[491, 323, -50]
[424, 332, -33]
[500, 322, -71]
[439, 325, -39]
[499, 315, -67]
[439, 317, -40]
[494, 318, -53]
[433, 319, -31]
[451, 421, 38]
[417, 424, -38]
[463, 528, -11]
[441, 535, -64]
[456, 634, 48]
[437, 637, 1]
[449, 646, 51]
[428, 647, 6]
[480, 666, 0]
[464, 674, -52]
[464, 234, -2]
[461, 223, 10]
[462, 223, 9]
[463, 223, 9]
[456, 222, -5]
[452, 222, -5]
[449, 221, -5]
[456, 227, 71]
[437, 224, 2]
[463, 243, 20]
[457, 243, 0]
[458, 283, 113]
[407, 281, -23]
[489, 343, 63]
[391, 344, -62]
[501, 307, -40]
[429, 316, -43]
[513, 305, -58]
[442, 307, -48]
[508, 298, -53]
[441, 299, -48]
[503, 302, -43]
[437, 304, -40]
[453, 421, 38]
[418, 424, -38]
[465, 529, -11]
[444, 536, -57]
[458, 637, 39]
[441, 637, 8]
[451, 650, 41]
[433, 647, 13]
[481, 669, -10]
[466, 675, -44]
[465, 234, -8]
[462, 223, 4]
[463, 223, 4]
[463, 223, 4]
[457, 222, -10]
[454, 222, -10]
[450, 221, -10]
[455, 226, 67]
[438, 224, 3]
[464, 242, 15]
[458, 242, -3]
[459, 283, 109]
[407, 281, -19]
[485, 343, 57]
[391, 345, -65]
[496, 316, -47]
[426, 324, -66]
[501, 311, -66]
[437, 311, -75]
[498, 304, -61]
[436, 303, -76]
[493, 307, -50]
[433, 307, -65]
[455, 421, 38]
[418, 423, -38]
[467, 529, -14]
[445, 536, -58]
[462, 639, 37]
[444, 638, 10]
[455, 653, 38]
[437, 648, 14]
[485, 671, -16]
[470, 675, -44]
[466, 233, 10]
[464, 223, 24]
[464, 223, 24]
[465, 223, 24]
[458, 222, 10]
[455, 222, 10]
[452, 222, 10]
[457, 227, 86]
[440, 225, 25]
[466, 242, 34]
[460, 242, 16]
[470, 284, 124]
[414, 282, 0]
[492, 343, 72]
[393, 344, -55]
[506, 309, 3]
[424, 305, -51]
[511, 301, -5]
[433, 296, -57]
[509, 295, 11]
[434, 289, -56]
[504, 299, 9]
[431, 294, -50]
[456, 419, 37]
[419, 420, -37]
[467, 529, -14]
[447, 536, -66]
[463, 627, 46]
[445, 633, -16]
[457, 638, 46]
[439, 642, -12]
[485, 662, -5]
[468, 673, -71]
[469, 233, 10]
[466, 223, 22]
[466, 223, 22]
[466, 223, 22]
[461, 222, 7]
[458, 222, 7]
[455, 222, 7]
[458, 226, 75]
[442, 226, 10]
[467, 241, 30]
[462, 242, 11]
[468, 285, 114]
[425, 281, -5]
[466, 345, 120]
[412, 325, -80]
[479, 359, 105]
[446, 279, -74]
[482, 369, 101]
[454, 269, -84]
[483, 363, 95]
[451, 264, -87]
[480, 359, 101]
[449, 268, -75]
[455, 418, 37]
[423, 420, -37]
[468, 529, -14]
[448, 534, -67]
[465, 627, 39]
[447, 632, -13]
[458, 639, 41]
[440, 641, -10]
[488, 661, -7]
[471, 671, -65]
[471, 232, 0]
[469, 223, 12]
[469, 223, 12]
[470, 223, 12]
[464, 222, -1]
[460, 222, -1]
[457, 222, -1]
[461, 226, 68]
[444, 226, 5]
[470, 241, 21]
[464, 242, 3]
[469, 286, 112]
[427, 281, -17]
[466, 350, 130]
[407, 326, -76]
[478, 368, 120]
[438, 298, -82]
[481, 377, 117]
[449, 290, -92]
[482, 372, 112]
[447, 283, -93]
[478, 368, 116]
[447, 287, -82]
[455, 418, 37]
[425, 420, -37]
[468, 528, -16]
[449, 534, -67]
[465, 628, 35]
[447, 632, -10]
[458, 639, 37]
[439, 641, -5]
[488, 661, -9]
[471, 671, -58]
[473, 232, -10]
[470, 223, 0]
[471, 223, 0]
[472, 223, 0]
[465, 222, -13]
[461, 222, -13]
[457, 222, -13]
[464, 226, 58]
[445, 227, -5]
[473, 241, 11]
[466, 242, -6]
[471, 286, 110]
[425, 284, -21]
[484, 347, 155]
[407, 352, -100]
[499, 311, 175]
[435, 302, -151]
[503, 302, 179]
[438, 289, -165]
[503, 296, 181]
[421, 286, -163]
[500, 300, 175]
[421, 291, -151]
[455, 418, 38]
[427, 420, -38]
[468, 528, -15]
[453, 534, -66]
[465, 628, 42]
[449, 635, -7]
[458, 640, 45]
[441, 645, -2]
[488, 662, -3]
[470, 673, -57]
[474, 232, -16]
[472, 223, -6]
[472, 223, -6]
[473, 223, -6]
[466, 223, -20]
[462, 223, -20]
[458, 223, -20]
[464, 226, 49]
[446, 228, -15]
[473, 242, 5]
[467, 243, -13]
[470, 286, 109]
[425, 286, -39]
[486, 337, 187]
[405, 352, -137]
[497, 310, 252]
[425, 303, -219]
[497, 307, 267]
[424, 293, -235]
[497, 300, 267]
[406, 290, -234]
[495, 302, 253]
[414, 292, -220]
[454, 418, 40]
[428, 420, -40]
[467, 528, -14]
[454, 534, -66]
[465, 628, 41]
[450, 635, -10]
[458, 640, 43]
[441, 645, -5]
[488, 662, -2]
[471, 673, -57]
[474, 237, 0]
[471, 225, 9]
[471, 225, 9]
[472, 224, 9]
[465, 226, -4]
[462, 226, -4]
[458, 227, -4]
[463, 228, 60]
[447, 231, -7]
[472, 247, 20]
[466, 249, 0]
[470, 288, 112]
[424, 288, -38]
[486, 338, 178]
[405, 352, -138]
[498, 317, 220]
[425, 300, -220]
[498, 314, 230]
[425, 289, -238]
[497, 307, 229]
[416, 283, -236]
[497, 309, 220]
[421, 287, -221]
[454, 418, 42]
[430, 420, -42]
[467, 528, -13]
[455, 533, -66]
[465, 632, 27]
[451, 639, -18]
[458, 646, 28]
[442, 649, -15]
[488, 663, -17]
[474, 675, -68]
[475, 237, -1]
[472, 225, 9]
[473, 225, 9]
[474, 224, 9]
[466, 226, -5]
[463, 226, -5]
[459, 226, -5]
[465, 228, 57]
[447, 231, -9]
[473, 246, 19]
[466, 248, 0]
[471, 287, 110]
[424, 289, -36]
[488, 339, 172]
[407, 365, -118]
[499, 314, 203]
[421, 303, -180]
[500, 309, 210]
[418, 294, -198]
[500, 302, 211]
[410, 288, -197]
[498, 304, 203]
[417, 293, -181]
[454, 418, 41]
[429, 421, -41]
[468, 528, -13]
[456, 533, -65]
[465, 634, 33]
[451, 641, -13]
[459, 647, 36]
[441, 650, -8]
[489, 666, -5]
[474, 679, -59]
[474, 238, 9]
[472, 226, 20]
[473, 226, 20]
[473, 225, 20]
[467, 226, 7]
[464, 227, 7]
[460, 227, 7]
[465, 229, 72]
[448, 231, 10]
[473, 248, 30]
[466, 250, 12]
[472, 292, 110]
[426, 289, -22]
[487, 340, 156]
[407, 330, -116]
[499, 314, 172]
[436, 274, -174]
[500, 311, 175]
[441, 261, -189]
[499, 303, 173]
[440, 257, -186]
[498, 306, 171]
[440, 262, -174]
[457, 418, 39]
[430, 421, -39]
[469, 528, -15]
[456, 533, -74]
[466, 632, 33]
[450, 641, -17]
[459, 643, 39]
[441, 649, -12]
[489, 664, 2]
[473, 678, -65]
[476, 238, 15]
[474, 226, 27]
[474, 226, 27]
[474, 225, 27]
[469, 226, 13]
[466, 226, 13]
[462, 227, 13]
[466, 229, 77]
[450, 230, 14]
[473, 248, 35]
[468, 249, 17]
[474, 292, 110]
[428, 289, -13]
[484, 348, 116]
[412, 339, -69]
[499, 339, 75]
[443, 287, -86]
[502, 341, 65]
[452, 275, -97]
[501, 332, 63]
[449, 268, -96]
[498, 332, 71]
[448, 274, -85]
[459, 419, 37]
[429, 421, -36]
[472, 528, -11]
[456, 533, -71]
[466, 632, 38]
[450, 640, -13]
[459, 645, 42]
[441, 649, -8]
[489, 665, 0]
[473, 678, -63]
