[304, 40, -97]
[306, 37, -91]
[309, 37, -91]
[311, 37, -91]
[300, 37, -94]
[297, 38, -94]
[294, 38, -94]
[313, 39, -51]
[289, 41, -64]
[308, 44, -82]
[300, 44, -85]
[330, 80, -8]
[270, 80, -47]
[332, 128, 17]
[267, 126, -40]
[343, 165, -13]
[271, 170, -72]
[349, 172, -21]
[270, 182, -85]
[350, 172, -36]
[272, 182, -96]
[347, 169, -20]
[274, 177, -77]
[319, 175, 9]
[285, 175, -9]
[332, 250, 13]
[263, 247, -13]
[349, 316, 59]
[238, 320, 26]
[344, 325, 61]
[240, 329, 27]
[364, 333, 15]
[235, 340, -23]
[302, 34, -95]
[304, 28, -89]
[306, 28, -89]
[308, 29, -89]
[298, 28, -92]
[295, 28, -92]
[293, 28, -92]
[309, 31, -39]
[288, 32, -63]
[306, 42, -78]
[298, 42, -84]
[328, 74, 4]
[267, 75, -39]
[329, 122, 26]
[265, 123, -32]
[341, 160, -12]
[270, 168, -65]
[348, 167, -22]
[270, 181, -78]
[349, 167, -37]
[273, 181, -89]
[345, 165, -19]
[273, 177, -69]
[318, 172, 11]
[282, 173, -11]
[332, 250, 12]
[258, 250, -18]
[351, 317, 63]
[235, 324, 28]
[346, 327, 64]
[237, 335, 29]
[366, 336, 14]
[230, 346, -25]
[303, 33, -95]
[304, 26, -86]
[306, 26, -86]
[308, 26, -86]
[298, 26, -91]
[295, 26, -91]
[293, 27, -91]
[308, 30, -34]
[288, 31, -62]
[306, 41, -74]
[298, 40, -83]
[328, 75, 10]
[266, 75, -39]
[328, 122, 35]
[265, 122, -32]
[339, 160, -3]
[271, 165, -61]
[345, 168, -12]
[270, 178, -75]
[347, 168, -28]
[273, 177, -84]
[343, 165, -11]
[273, 172, -66]
[318, 172, 13]
[282, 173, -13]
[332, 249, 16]
[257, 252, -17]
[351, 317, 73]
[235, 325, 36]
[347, 327, 75]
[237, 335, 38]
[367, 338, 22]
[231, 347, -16]
[303, 32, -80]
[304, 27, -71]
[306, 27, -71]
[307, 27, -71]
[298, 26, -76]
[295, 26, -76]
[292, 27, -76]
[308, 30, -21]
[286, 31, -40]
[306, 40, -60]
[298, 40, -66]
[327, 74, 18]
[267, 75, -24]
[328, 120, 39]
[265, 122, -21]
[338, 159, -1]
[271, 166, -56]
[345, 167, -11]
[270, 178, -73]
[347, 167, -27]
[273, 177, -83]
[343, 164, -9]
[274, 173, -60]
[318, 171, 11]
[281, 172, -11]
[332, 249, 14]
[258, 251, -18]
[351, 318, 65]
[235, 324, 34]
[346, 327, 67]
[237, 332, 37]
[367, 338, 17]
[232, 346, -19]
[302, 34, -76]
[304, 28, -68]
[305, 28, -68]
[307, 28, -68]
[297, 28, -72]
[294, 28, -72]
[292, 28, -72]
[308, 31, -19]
[286, 32, -37]
[305, 42, -58]
[297, 42, -63]
[327, 74, 19]
[267, 75, -21]
[328, 121, 40]
[264, 123, -18]
[339, 158, 0]
[271, 166, -52]
[346, 167, -9]
[270, 178, -68]
[347, 166, -24]
[273, 177, -76]
[343, 163, -6]
[274, 173, -55]
[318, 171, 11]
[281, 172, -11]
[332, 249, 11]
[257, 252, -19]
[351, 318, 63]
[235, 324, 32]
[346, 327, 64]
[237, 332, 34]
[368, 339, 15]
[231, 346, -21]
[302, 34, -77]
[304, 28, -72]
[305, 28, -72]
[307, 28, -72]
[297, 28, -73]
[294, 28, -73]
[291, 28, -73]
[308, 31, -27]
[286, 32, -40]
[305, 42, -63]
[296, 42, -65]
[327, 74, 11]
[267, 75, -23]
[329, 120, 34]
[265, 122, -19]
[340, 157, -3]
[271, 164, -52]
[346, 166, -13]
[270, 177, -68]
[347, 166, -28]
[273, 175, -75]
[344, 163, -11]
[274, 171, -56]
[318, 172, 11]
[281, 172, -11]
[332, 249, 13]
[257, 252, -16]
[351, 318, 63]
[235, 324, 33]
[346, 327, 65]
[237, 332, 35]
[368, 338, 15]
[230, 346, -20]
[301, 35, -80]
[303, 29, -75]
[305, 29, -75]
[307, 29, -75]
[297, 28, -75]
[294, 28, -75]
[291, 28, -75]
[308, 32, -28]
[286, 32, -43]
[305, 43, -66]
[296, 43, -68]
[327, 74, 12]
[266, 74, -25]
[329, 120, 36]
[265, 122, -19]
[340, 156, -2]
[271, 162, -48]
[346, 165, -11]
[271, 174, -62]
[347, 165, -27]
[274, 172, -70]
[344, 162, -9]
[275, 168, -52]
[318, 172, 11]
[281, 172, -11]
[332, 249, 14]
[257, 252, -15]
[351, 318, 65]
[234, 325, 34]
[346, 328, 66]
[237, 333, 36]
[368, 339, 15]
[230, 347, -19]
[301, 34, -82]
[303, 28, -75]
[305, 29, -75]
[307, 29, -75]
[296, 28, -77]
[294, 28, -77]
[291, 28, -77]
[308, 32, -25]
[285, 32, -42]
[304, 42, -64]
[295, 42, -68]
[327, 74, 15]
[266, 74, -23]
[328, 120, 38]
[265, 122, -16]
[341, 154, 0]
[271, 159, -45]
[346, 163, -10]
[271, 171, -58]
[348, 162, -25]
[274, 169, -66]
[344, 159, -8]
[275, 165, -48]
[318, 172, 10]
[280, 172, -10]
[332, 249, 12]
[256, 253, -16]
[351, 318, 64]
[234, 325, 34]
[346, 328, 65]
[237, 333, 36]
[368, 339, 15]
[230, 347, -19]
[301, 34, -80]
[303, 29, -72]
[305, 29, -72]
[307, 29, -72]
[296, 28, -75]
[293, 28, -75]
[290, 28, -75]
[309, 32, -23]
[285, 31, -38]
[304, 42, -61]
[295, 42, -65]
[327, 74, 17]
[266, 74, -19]
[327, 120, 40]
[265, 120, -10]
[340, 152, 0]
[271, 157, -37]
[347, 159, -9]
[271, 167, -50]
[348, 158, -24]
[274, 165, -58]
[344, 156, -7]
[275, 161, -41]
[317, 171, 10]
[279, 172, -10]
[331, 249, 9]
[256, 252, -15]
[351, 318, 60]
[235, 325, 34]
[347, 328, 61]
[237, 333, 36]
[367, 339, 7]
[230, 347, -21]
[300, 35, -71]
[303, 29, -63]
[305, 29, -63]
[307, 30, -63]
[296, 29, -66]
[293, 29, -66]
[290, 29, -66]
[309, 33, -11]
[285, 32, -26]
[304, 43, -51]
[294, 43, -56]
[328, 74, 26]
[266, 74, -9]
[326, 119, 41]
[265, 119, -11]
[340, 148, -2]
[271, 150, -64]
[347, 154, -13]
[272, 158, -81]
[348, 153, -28]
[275, 159, -88]
[344, 151, -10]
[276, 155, -68]
[317, 172, 10]
[278, 172, -10]
[331, 249, 6]
[256, 252, -17]
[351, 318, 57]
[235, 325, 33]
[347, 327, 59]
[237, 333, 35]
[366, 339, 3]
[230, 347, -23]
[300, 35, -65]
[303, 29, -56]
[305, 30, -56]
[307, 30, -56]
[296, 29, -59]
[293, 29, -59]
[290, 29, -59]
[309, 33, -4]
[285, 32, -18]
[303, 43, -45]
[294, 43, -49]
[328, 74, 30]
[266, 74, -2]
[325, 119, 36]
[266, 118, -22]
[339, 145, -19]
[271, 146, -90]
[346, 151, -33]
[272, 155, -109]
[348, 149, -47]
[275, 152, -115]
[344, 148, -27]
[276, 148, -94]
[317, 172, 10]
[278, 172, -10]
[331, 249, 5]
[257, 252, -17]
[351, 317, 56]
[236, 325, 32]
[347, 327, 57]
[237, 334, 33]
[366, 338, 1]
[230, 347, -24]
[300, 35, -50]
[303, 30, -41]
[305, 30, -41]
[307, 30, -41]
[296, 29, -44]
[293, 29, -44]
[290, 29, -44]
[309, 33, 10]
[285, 32, -2]
[303, 43, -30]
[294, 43, -34]
[328, 74, 41]
[266, 75, 7]
[324, 118, 29]
[266, 118, -31]
[339, 144, -46]
[271, 142, -115]
[346, 148, -64]
[272, 150, -136]
[348, 147, -76]
[275, 145, -140]
[344, 146, -54]
[276, 142, -119]
[317, 172, 9]
[278, 172, -9]
[332, 249, 3]
[257, 252, -20]
[351, 317, 56]
[236, 325, 30]
[347, 327, 57]
[237, 333, 32]
[366, 338, 3]
[231, 347, -26]
[300, 35, -53]
[303, 30, -43]
[305, 30, -43]
[307, 30, -44]
[296, 29, -47]
[293, 29, -47]
[290, 29, -47]
[309, 33, 9]
[285, 32, -4]
[303, 43, -33]
[294, 43, -37]
[328, 74, 41]
[266, 75, 5]
[323, 119, 26]
[267, 118, -35]
[337, 142, -51]
[272, 140, -118]
[345, 145, -69]
[273, 147, -139]
[347, 143, -81]
[275, 141, -144]
[343, 142, -59]
[276, 140, -121]
[317, 172, 10]
[277, 172, -10]
[332, 250, 3]
[257, 252, -21]
[351, 317, 56]
[236, 324, 30]
[347, 327, 58]
[236, 333, 32]
[366, 338, 4]
[232, 347, -26]
[300, 35, -57]
[303, 30, -48]
[305, 30, -48]
[307, 30, -48]
[296, 29, -50]
[293, 29, -50]
[290, 29, -50]
[309, 33, 4]
[285, 32, -5]
[304, 43, -37]
[294, 43, -40]
[328, 74, 33]
[266, 75, 10]
[323, 118, 2]
[268, 119, -28]
[319, 134, -82]
[275, 135, -101]
[317, 141, -102]
[285, 136, -122]
[316, 136, -111]
[277, 135, -127]
[316, 133, -88]
[277, 134, -105]
[317, 172, 6]
[277, 172, -6]
[332, 250, -2]
[257, 252, -19]
[351, 317, 56]
[236, 325, 38]
[347, 327, 58]
[236, 333, 40]
[366, 338, 1]
[232, 347, -22]
[300, 35, -54]
[303, 29, -44]
[305, 30, -44]
[307, 30, -44]
[296, 29, -47]
[293, 29, -47]
[290, 29, -47]
[309, 33, 7]
[285, 32, -3]
[304, 43, -34]
[295, 43, -37]
[328, 74, 34]
[266, 74, 7]
[324, 118, 5]
[269, 119, -17]
[315, 132, -71]
[301, 129, -63]
[312, 139, -90]
[309, 135, -81]
[311, 134, -98]
[308, 130, -84]
[311, 131, -76]
[305, 127, -65]
[317, 172, 6]
[276, 172, -6]
[332, 250, -3]
[257, 252, -17]
[351, 317, 58]
[236, 325, 43]
[347, 327, 61]
[236, 333, 46]
[366, 338, 2]
[231, 347, -16]
[301, 35, -48]
[303, 29, -39]
[305, 30, -39]
[307, 30, -39]
[296, 29, -41]
[293, 29, -41]
[290, 29, -41]
[309, 33, 12]
[285, 32, 3]
[304, 43, -29]
[295, 43, -31]
[328, 74, 35]
[266, 74, 16]
[324, 118, 2]
[270, 119, -16]
[309, 133, -77]
[290, 132, -86]
[305, 140, -98]
[297, 133, -108]
[303, 135, -105]
[304, 133, -111]
[304, 132, -83]
[303, 130, -89]
[317, 172, 5]
[276, 171, -4]
[332, 250, -4]
[257, 252, -16]
[352, 317, 56]
[236, 325, 41]
[347, 327, 59]
[237, 334, 44]
[366, 338, 0]
[231, 347, -16]
[301, 35, -39]
[303, 29, -30]
[305, 29, -30]
[307, 29, -30]
[296, 29, -31]
[293, 29, -31]
[291, 29, -31]
[309, 33, 20]
[285, 32, 13]
[304, 43, -20]
[295, 43, -22]
[328, 74, 39]
[266, 74, 28]
[327, 118, 0]
[267, 118, -10]
[313, 132, -88]
[278, 131, -99]
[307, 137, -110]
[284, 136, -123]
[307, 133, -117]
[293, 130, -125]
[308, 131, -93]
[289, 127, -102]
[317, 171, 3]
[276, 171, -3]
[332, 250, -5]
[257, 252, -16]
[352, 317, 52]
[236, 325, 41]
[347, 327, 55]
[237, 334, 43]
[366, 338, -2]
[231, 347, -17]
[301, 35, -34]
[303, 29, -25]
[305, 29, -25]
[307, 29, -25]
[296, 29, -26]
[294, 29, -26]
[291, 29, -26]
[309, 33, 25]
[285, 32, 18]
[304, 43, -15]
[295, 43, -17]
[328, 74, 43]
[266, 74, 30]
[332, 117, 2]
[267, 116, -11]
[317, 129, -88]
[274, 128, -102]
[314, 134, -110]
[280, 132, -125]
[313, 128, -117]
[287, 125, -128]
[314, 127, -93]
[284, 122, -105]
[317, 171, 3]
[276, 171, -3]
[332, 250, -6]
[257, 251, -16]
[352, 317, 51]
[236, 325, 39]
[347, 327, 54]
[237, 334, 41]
[366, 338, -2]
[231, 347, -18]
[301, 35, -35]
[303, 29, -26]
[305, 29, -26]
[307, 29, -26]
[296, 29, -27]
[294, 29, -27]
[291, 29, -27]
[309, 33, 21]
[285, 32, 17]
[304, 43, -17]
[295, 43, -18]
[328, 74, 39]
[266, 74, 30]
[331, 117, -6]
[267, 115, -12]
[316, 129, -93]
[272, 126, -102]
[312, 133, -114]
[277, 129, -125]
[309, 128, -120]
[281, 121, -127]
[310, 127, -97]
[279, 119, -105]
[317, 171, 2]
[276, 171, -2]
[332, 250, -6]
[257, 251, -15]
[352, 317, 49]
[236, 325, 39]
[347, 327, 52]
[237, 334, 41]
[366, 338, -4]
[232, 347, -18]
[301, 35, -40]
[303, 29, -32]
[305, 29, -32]
[307, 29, -32]
[296, 29, -34]
[294, 29, -34]
[291, 29, -34]
[309, 33, 15]
[285, 33, 8]
[304, 43, -22]
[295, 43, -24]
[328, 73, 36]
[267, 73, 13]
[328, 117, -8]
[292, 111, -30]
[290, 119, -83]
[340, 108, -71]
[280, 123, -94]
[351, 110, -87]
[280, 116, -86]
[350, 107, -84]
[284, 115, -75]
[345, 106, -70]
[317, 171, 3]
[276, 170, -3]
[332, 250, -8]
[257, 251, -12]
[352, 317, 51]
[236, 325, 44]
[347, 327, 55]
[237, 334, 46]
[366, 338, 0]
[232, 347, -11]
[301, 35, -40]
[303, 29, -31]
[305, 29, -31]
[308, 29, -31]
[297, 29, -33]
[294, 29, -33]
[291, 29, -33]
[309, 33, 17]
[285, 32, 9]
[304, 42, -21]
[295, 42, -24]
[328, 73, 35]
[267, 73, 12]
[328, 117, -9]
[291, 109, -31]
[285, 106, -75]
[339, 103, -69]
[281, 115, -91]
[348, 104, -86]
[282, 108, -87]
[346, 101, -84]
[285, 108, -74]
[344, 101, -69]
[317, 170, 3]
[276, 170, -3]
[332, 250, -8]
[258, 251, -12]
[352, 317, 56]
[236, 326, 46]
[347, 327, 61]
[237, 335, 49]
[366, 338, 4]
[231, 347, -10]
[301, 35, -38]
[303, 29, -29]
[305, 29, -29]
[308, 29, -29]
[297, 29, -31]
[294, 28, -31]
[291, 28, -31]
[309, 33, 20]
[285, 32, 12]
[304, 42, -19]
[295, 42, -22]
[328, 73, 36]
[268, 72, 12]
[328, 115, -12]
[289, 107, -35]
[283, 103, -78]
[337, 100, -73]
[278, 113, -95]
[347, 99, -90]
[278, 106, -92]
[346, 95, -88]
[282, 106, -79]
[343, 96, -74]
[317, 170, 3]
[276, 170, -3]
[332, 250, -7]
[258, 251, -12]
[352, 317, 59]
[236, 326, 46]
[347, 328, 63]
[237, 335, 49]
[366, 338, 5]
[232, 348, -10]
[301, 35, -41]
[303, 29, -32]
[305, 29, -32]
[308, 29, -32]
[297, 29, -34]
[294, 28, -34]
[291, 28, -34]
[309, 33, 18]
[285, 32, 11]
[304, 42, -22]
[295, 42, -24]
[328, 73, 36]
[268, 72, 13]
[330, 115, -23]
[277, 107, -60]
[302, 112, -111]
[328, 99, -150]
[294, 119, -131]
[343, 99, -173]
[291, 113, -132]
[341, 95, -169]
[294, 112, -114]
[332, 95, -151]
[317, 170, 3]
[276, 169, -3]
[332, 250, -7]
[258, 251, -16]
[352, 317, 53]
[236, 326, 37]
[347, 328, 55]
[237, 335, 39]
[366, 338, -4]
[232, 347, -22]
[301, 35, -42]
[303, 29, -33]
[305, 29, -33]
[308, 29, -33]
[297, 29, -35]
[294, 29, -35]
[291, 28, -35]
[309, 33, 17]
[285, 32, 11]
[304, 42, -23]
[295, 42, -25]
[328, 73, 36]
[268, 72, 13]
[332, 114, -21]
[278, 107, -56]
[319, 116, -108]
[317, 99, -134]
[314, 122, -127]
[327, 99, -155]
[311, 117, -130]
[325, 95, -153]
[313, 115, -111]
[321, 95, -135]
[317, 169, 3]
[276, 169, -3]
[332, 249, -8]
[258, 251, -18]
[352, 317, 49]
[236, 326, 35]
[347, 328, 51]
[237, 335, 37]
[366, 338, -9]
[232, 347, -25]
[301, 35, -47]
[303, 29, -38]
[305, 29, -38]
[308, 29, -38]
[297, 29, -39]
[294, 28, -39]
[291, 29, -39]
[310, 33, 13]
[285, 32, 8]
[304, 42, -28]
[295, 42, -30]
[328, 73, 33]
[268, 71, 13]
[333, 113, -32]
[270, 108, -53]
[340, 113, -139]
[277, 105, -156]
[342, 116, -161]
[277, 106, -179]
[341, 111, -166]
[278, 102, -181]
[339, 110, -144]
[278, 102, -159]
[317, 169, 4]
[276, 169, -4]
[332, 249, -3]
[258, 251, -17]
[352, 317, 46]
[235, 326, 28]
[347, 328, 47]
[236, 335, 30]
[365, 338, -11]
[232, 347, -30]
[301, 35, -72]
[303, 29, -63]
[305, 29, -63]
[308, 29, -63]
[297, 29, -65]
[294, 29, -65]
[291, 29, -65]
[310, 33, -13]
[286, 32, -18]
[304, 42, -53]
[295, 42, -54]
[329, 73, 13]
[268, 71, 1]
[335, 109, -33]
[261, 109, -41]
[342, 111, -123]
[268, 107, -113]
[343, 113, -144]
[269, 108, -129]
[340, 109, -149]
[270, 104, -137]
[332, 106, -128]
[271, 104, -118]
[317, 169, 3]
[276, 169, -3]
[332, 249, -4]
[258, 251, -15]
[352, 317, 42]
[235, 326, 31]
[347, 328, 43]
[236, 335, 32]
[365, 338, -17]
[232, 347, -29]
[301, 35, -70]
[303, 29, -61]
[305, 29, -61]
[308, 29, -61]
[297, 29, -62]
[294, 29, -62]
[291, 29, -62]
[310, 33, -10]
[286, 32, -16]
[304, 42, -51]
[295, 42, -53]
[330, 73, 14]
[268, 71, 0]
[338, 106, -24]
[264, 108, -44]
[341, 111, -107]
[271, 106, -123]
[341, 115, -122]
[272, 107, -142]
[337, 110, -129]
[273, 103, -146]
[329, 109, -112]
[274, 103, -127]
[317, 169, 2]
[276, 169, -2]
[332, 249, -4]
[258, 251, -15]
[352, 317, 41]
[235, 326, 30]
[347, 327, 42]
[236, 335, 31]
[365, 338, -18]
[231, 347, -30]
[301, 35, -63]
[304, 29, -55]
[306, 29, -55]
[308, 29, -55]
[297, 29, -56]
[294, 29, -56]
[291, 29, -56]
[311, 33, -10]
[286, 32, -14]
[304, 42, -44]
[296, 42, -46]
[331, 74, 20]
[268, 71, 6]
[337, 108, -30]
[265, 111, -48]
[343, 111, -130]
[271, 106, -148]
[337, 109, -151]
[272, 106, -169]
[336, 102, -155]
[275, 96, -171]
[334, 103, -135]
[273, 101, -151]
[317, 169, 3]
[276, 169, -3]
[332, 249, -4]
[258, 251, -16]
[352, 317, 43]
[235, 326, 31]
[347, 327, 45]
[236, 335, 32]
[365, 338, -14]
[231, 347, -28]
[301, 35, -60]
[304, 29, -52]
[306, 29, -52]
[308, 29, -52]
[297, 28, -53]
[294, 28, -53]
[292, 28, -53]
[311, 33, -3]
[286, 32, -9]
[305, 43, -42]
[296, 42, -43]
[332, 74, 20]
[268, 71, 6]
[337, 114, -40]
[266, 115, -55]
[347, 108, -141]
[277, 103, -153]
[339, 99, -162]
[279, 101, -174]
[339, 94, -165]
[276, 86, -175]
[338, 96, -145]
[276, 89, -156]
[317, 169, 3]
[276, 169, -3]
[332, 249, -5]
[258, 251, -17]
[352, 317, 44]
[235, 326, 32]
[347, 327, 46]
[236, 336, 33]
[365, 338, -12]
[231, 347, -27]
[302, 35, -60]
[304, 29, -51]
[306, 29, -51]
[309, 29, -51]
[298, 28, -52]
[295, 28, -52]
[292, 28, -52]
[311, 33, 0]
[287, 32, -7]
[305, 42, -41]
[296, 42, -43]
[332, 75, 22]
[267, 72, 6]
[336, 120, -33]
[266, 119, -52]
[343, 98, -131]
[272, 95, -147]
[341, 93, -151]
[275, 87, -168]
[343, 88, -154]
[274, 81, -168]
[340, 91, -135]
[274, 86, -150]
[317, 169, 4]
[276, 169, -4]
[332, 249, -5]
[258, 251, -18]
[352, 317, 45]
[235, 326, 32]
[347, 327, 47]
[236, 336, 34]
[365, 338, -12]
[231, 347, -27]
[302, 35, -60]
[305, 29, -51]
[307, 29, -51]
[309, 29, -51]
[298, 28, -52]
[295, 28, -52]
[292, 28, -52]
[312, 33, 0]
[287, 32, -6]
[305, 42, -41]
[296, 42, -43]
[333, 76, 22]
[267, 72, 6]
[335, 123, -35]
[267, 119, -56]
[341, 95, -131]
[274, 93, -149]
[340, 89, -150]
[286, 90, -169]
[341, 86, -152]
[276, 81, -168]
[339, 89, -135]
[283, 87, -151]
[317, 169, 5]
[276, 169, -5]
[332, 249, -5]
[258, 251, -19]
[352, 317, 48]
[235, 326, 35]
[347, 327, 50]
[236, 336, 37]
[365, 338, -9]
[231, 347, -24]
[302, 35, -61]
[305, 29, -51]
[307, 29, -51]
[310, 29, -51]
[298, 28, -52]
[295, 28, -52]
[292, 28, -52]
[312, 33, 0]
[287, 32, -5]
[306, 42, -42]
[297, 42, -43]
[333, 76, 21]
[267, 73, 6]
[335, 122, -40]
[267, 119, -59]
[340, 95, -138]
[275, 94, -153]
[341, 88, -158]
[288, 94, -174]
[342, 86, -160]
[283, 86, -173]
[339, 89, -142]
[285, 90, -156]
[317, 169, 5]
[276, 169, -5]
[332, 249, -6]
[258, 251, -19]
[352, 317, 48]
[235, 326, 35]
[347, 327, 50]
[236, 336, 37]
[365, 338, -9]
[231, 347, -24]
[302, 35, -62]
[305, 29, -52]
[307, 29, -52]
[310, 29, -52]
[298, 28, -53]
[295, 28, -53]
[292, 28, -53]
[312, 33, -1]
[287, 32, -5]
[306, 42, -43]
[297, 42, -44]
[334, 76, 20]
[267, 73, 5]
[335, 122, -40]
[269, 119, -59]
[340, 96, -138]
[287, 96, -152]
[340, 89, -158]
[294, 94, -172]
[340, 87, -160]
[291, 88, -171]
[338, 89, -142]
[290, 90, -155]
[317, 169, 5]
[277, 169, -5]
[332, 249, -7]
[258, 251, -18]
[352, 317, 48]
[235, 326, 36]
[347, 327, 50]
[236, 336, 39]
[365, 338, -8]
[231, 347, -23]
[302, 35, -65]
[305, 29, -55]
[307, 29, -55]
[310, 29, -55]
[298, 28, -56]
[295, 28, -56]
[293, 28, -56]
[312, 33, -2]
[287, 32, -8]
[306, 42, -45]
[297, 42, -47]
[334, 76, 21]
[267, 73, 1]
[335, 122, -39]
[270, 119, -66]
[340, 95, -136]
[294, 94, -157]
[340, 88, -155]
[300, 89, -177]
[340, 85, -157]
[297, 84, -175]
[339, 87, -140]
[296, 86, -159]
[317, 169, 6]
[277, 169, -6]
[332, 249, -6]
[258, 251, -19]
[352, 317, 50]
[235, 326, 37]
[347, 328, 52]
[236, 336, 39]
[365, 338, -6]
[231, 347, -22]
[302, 35, -63]
[305, 29, -54]
[307, 29, -54]
[310, 29, -54]
[298, 28, -55]
[296, 28, -55]
[293, 28, -55]
[312, 33, -1]
[287, 32, -7]
[306, 42, -44]
[297, 42, -46]
[334, 76, 21]
[267, 73, 2]
[335, 122, -38]
[271, 118, -65]
[340, 95, -134]
[293, 94, -158]
[340, 88, -154]
[299, 88, -178]
[340, 85, -155]
[296, 83, -176]
[339, 87, -138]
[295, 85, -160]
[317, 169, 6]
[277, 169, -6]
[332, 249, -6]
[258, 251, -19]
[352, 317, 50]
[235, 326, 37]
[347, 328, 52]
[236, 336, 39]
[365, 338, -6]
[231, 347, -22]
[302, 35, -63]
[305, 29, -53]
[307, 29, -53]
[310, 29, -53]
[298, 28, -54]
[296, 28, -54]
[293, 28, -54]
[312, 33, -1]
[287, 32, -7]
[306, 42, -43]
[297, 42, -45]
[334, 76, 21]
[267, 73, 2]
[335, 122, -38]
[271, 118, -67]
[340, 95, -135]
[296, 94, -159]
[339, 90, -155]
[302, 88, -179]
[340, 87, -156]
[299, 84, -177]
[339, 88, -139]
[297, 85, -160]
[317, 169, 6]
[277, 169, -6]
[332, 249, -7]
[258, 251, -20]
[352, 317, 50]
[235, 326, 37]
[347, 328, 52]
[236, 336, 39]
[365, 338, -6]
[231, 347, -23]
[302, 35, -61]
[305, 29, -52]
[307, 29, -52]
[310, 29, -52]
[298, 28, -53]
[295, 28, -53]
[293, 28, -53]
[312, 33, 0]
[287, 32, -5]
[306, 42, -42]
[297, 42, -44]
[334, 76, 22]
[267, 73, 3]
[335, 122, -38]
[272, 116, -66]
[340, 96, -135]
[296, 93, -158]
[339, 91, -154]
[302, 88, -178]
[339, 87, -156]
[299, 83, -176]
[338, 89, -138]
[297, 85, -160]
[318, 169, 6]
[277, 169, -6]
[332, 249, -7]
[258, 251, -20]
[352, 317, 49]
[235, 326, 36]
[347, 328, 52]
[236, 336, 38]
[365, 338, -7]
[231, 347, -23]
[302, 35, -60]
[305, 29, -50]
[307, 29, -50]
[310, 29, -50]
[298, 28, -52]
[295, 28, -52]
[292, 28, -52]
[312, 33, 1]
[287, 32, -4]
[306, 42, -41]
[297, 42, -42]
[334, 76, 24]
[267, 73, 3]
[335, 122, -37]
[272, 116, -65]
[339, 95, -133]
[296, 92, -156]
[339, 89, -152]
[301, 87, -176]
[340, 86, -153]
[299, 82, -174]
[338, 89, -136]
[297, 84, -158]
[318, 169, 6]
[277, 169, -6]
[332, 249, -7]
[258, 250, -20]
[352, 317, 48]
[235, 326, 34]
[347, 328, 51]
[236, 336, 37]
[365, 338, -8]
[231, 347, -25]
[302, 35, -59]
[305, 29, -50]
[307, 29, -50]
[310, 29, -50]
[298, 28, -51]
[295, 28, -51]
[292, 28, -51]
[312, 33, 2]
[287, 32, -3]
[306, 42, -40]
[297, 42, -42]
[334, 76, 25]
[267, 73, 3]
[335, 122, -35]
[272, 116, -65]
[339, 95, -131]
[297, 92, -155]
[339, 90, -150]
[303, 86, -175]
[340, 86, -150]
[300, 81, -173]
[338, 89, -134]
[299, 83, -157]
[318, 169, 6]
[277, 169, -6]
[332, 249, -7]
[258, 250, -21]
[352, 317, 48]
[235, 326, 34]
[347, 328, 50]
[236, 336, 36]
[365, 338, -8]
[231, 347, -25]
[302, 35, -59]
[305, 29, -49]
[307, 29, -49]
[309, 29, -49]
[298, 28, -50]
[295, 28, -50]
[292, 28, -50]
[312, 33, 2]
[287, 32, -3]
[306, 42, -39]
[297, 42, -41]
[334, 76, 25]
[267, 73, 4]
[334, 122, -35]
[272, 116, -64]
[339, 95, -131]
[295, 92, -158]
[339, 90, -150]
[299, 87, -178]
[340, 87, -151]
[281, 81, -177]
[339, 89, -135]
[295, 84, -160]
[318, 169, 6]
[277, 169, -6]
[332, 248, -7]
[258, 250, -20]
[352, 317, 47]
[235, 326, 34]
[347, 328, 50]
[236, 336, 36]
[365, 338, -8]
[231, 347, -25]
[302, 35, -59]
[305, 29, -49]
[307, 29, -49]
[309, 29, -49]
[298, 28, -50]
[295, 28, -50]
[292, 28, -50]
[312, 33, 2]
[287, 32, -2]
[306, 42, -39]
[297, 42, -41]
[334, 76, 25]
[267, 73, 5]
[334, 121, -36]
[272, 116, -64]
[339, 95, -132]
[294, 92, -158]
[339, 91, -151]
[297, 87, -178]
[340, 87, -153]
[281, 81, -177]
[339, 89, -135]
[294, 84, -160]
[318, 169, 6]
[277, 169, -6]
[332, 248, -7]
[258, 250, -20]
[352, 317, 47]
[235, 326, 34]
[348, 328, 49]
[236, 336, 36]
[365, 338, -8]
[231, 347, -25]
[302, 35, -58]
[305, 29, -49]
[307, 29, -49]
[309, 29, -49]
[298, 28, -50]
[295, 28, -50]
[292, 28, -50]
[312, 33, 2]
[287, 32, -2]
[306, 42, -39]
[297, 42, -41]
[334, 76, 25]
[267, 73, 5]
[334, 121, -34]
[272, 115, -64]
[340, 95, -129]
[294, 92, -157]
[339, 91, -148]
[297, 86, -177]
[340, 87, -150]
[281, 78, -176]
[339, 89, -132]
[285, 83, -159]
[318, 170, 6]
[277, 169, -6]
[333, 248, -7]
[258, 250, -20]
[352, 317, 48]
[235, 326, 34]
[348, 328, 50]
[236, 336, 36]
[365, 338, -8]
[231, 347, -25]
[302, 35, -55]
[305, 29, -45]
[307, 29, -45]
[309, 29, -45]
[298, 28, -47]
[295, 28, -47]
[292, 28, -47]
[312, 33, 5]
[287, 32, -1]
[306, 42, -36]
[297, 42, -38]
[333, 76, 27]
[267, 73, 5]
[334, 122, -32]
[272, 114, -65]
[340, 95, -123]
[277, 87, -156]
[340, 89, -142]
[284, 79, -177]
[341, 86, -143]
[277, 75, -175]
[340, 88, -127]
[278, 79, -158]
[318, 170, 6]
[277, 169, -6]
[333, 248, -6]
[258, 250, -20]
[352, 317, 48]
[235, 326, 33]
[348, 328, 50]
[236, 336, 35]
[365, 338, -7]
[231, 347, -25]
[302, 35, -55]
[305, 29, -46]
[307, 29, -46]
[309, 29, -46]
[298, 28, -47]
[295, 28, -47]
[292, 28, -47]
[312, 33, 5]
[287, 32, -1]
[306, 42, -36]
[296, 42, -38]
[333, 76, 27]
[267, 73, 6]
[334, 122, -32]
[271, 116, -61]
[340, 95, -124]
[271, 86, -156]
[340, 89, -143]
[274, 78, -176]
[342, 85, -144]
[274, 76, -175]
[340, 88, -128]
[274, 79, -158]
[318, 170, 6]
[277, 169, -6]
[333, 248, -6]
[258, 250, -20]
[352, 317, 48]
[235, 326, 33]
[348, 328, 50]
[236, 336, 35]
[365, 338, -7]
[231, 347, -25]
[301, 35, -55]
[305, 29, -46]
[307, 29, -46]
[309, 29, -46]
[298, 28, -47]
[295, 28, -47]
[292, 28, -47]
[312, 33, 5]
[287, 32, 0]
[306, 42, -36]
[296, 42, -38]
[333, 76, 26]
[267, 72, 7]
[334, 118, -43]
[268, 110, -67]
[340, 97, -142]
[268, 84, -171]
[341, 90, -163]
[273, 79, -194]
[342, 89, -165]
[274, 75, -192]
[339, 91, -146]
[274, 77, -174]
[318, 169, 6]
[277, 169, -6]
[333, 248, -5]
[258, 250, -19]
[352, 317, 47]
[235, 326, 32]
[348, 328, 48]
[236, 336, 34]
[365, 338, -9]
[231, 347, -26]
[301, 35, -50]
[305, 29, -41]
[307, 29, -41]
[309, 29, -41]
[298, 28, -43]
[295, 28, -43]
[292, 28, -43]
[312, 33, 8]
[287, 32, 2]
[305, 42, -32]
[296, 42, -34]
[332, 76, 31]
[267, 71, 11]
[334, 118, -27]
[267, 110, -58]
[341, 96, -121]
[269, 83, -159]
[342, 89, -140]
[274, 77, -181]
[343, 87, -141]
[275, 73, -177]
[341, 89, -125]
[275, 75, -161]
[318, 169, 5]
[277, 169, -5]
[333, 248, -5]
[258, 250, -19]
[352, 317, 45]
[235, 326, 29]
[348, 328, 47]
[236, 336, 31]
[365, 338, -9]
[231, 347, -27]
[301, 35, -50]
[305, 29, -41]
[306, 29, -41]
[308, 29, -41]
[297, 28, -42]
[295, 28, -42]
[292, 28, -42]
[311, 33, 10]
[287, 32, 3]
[305, 42, -30]
[296, 42, -33]
[331, 75, 34]
[268, 71, 10]
[336, 107, -20]
[267, 105, -66]
[337, 106, -112]
[271, 84, -171]
[340, 111, -131]
[276, 78, -194]
[337, 106, -134]
[276, 74, -192]
[333, 101, -116]
[276, 76, -173]
[318, 169, 5]
[277, 169, -5]
[333, 248, -5]
[258, 250, -20]
[352, 317, 40]
[235, 326, 22]
[348, 328, 41]
[236, 336, 23]
[365, 338, -16]
[231, 347, -36]
[301, 35, -45]
[304, 29, -35]
[306, 29, -35]
[308, 29, -35]
[297, 28, -37]
[294, 28, -37]
[292, 28, -37]
[311, 33, 16]
[287, 32, 8]
[305, 42, -25]
[296, 42, -27]
[330, 74, 39]
[268, 70, 10]
[336, 109, -18]
[271, 102, -70]
[337, 112, -110]
[285, 85, -171]
[340, 116, -129]
[288, 83, -194]
[330, 112, -133]
[276, 75, -191]
[329, 111, -115]
[277, 77, -173]
[317, 169, 6]
[277, 169, -6]
[333, 248, -5]
[258, 250, -21]
[352, 317, 41]
[235, 326, 23]
[348, 328, 42]
[236, 336, 24]
[365, 338, -14]
[231, 347, -35]
[301, 35, -44]
[304, 29, -35]
[306, 29, -35]
[308, 29, -35]
[297, 28, -37]
[294, 28, -37]
[292, 28, -37]
[311, 33, 15]
[287, 32, 9]
[305, 42, -25]
[296, 42, -27]
[329, 74, 37]
[268, 70, 12]
[334, 110, -14]
[271, 104, -57]
[324, 119, -96]
[293, 92, -147]
[321, 124, -114]
[298, 92, -169]
[319, 119, -117]
[282, 85, -167]
[320, 117, -100]
[294, 87, -149]
[317, 169, 5]
[277, 169, -5]
[333, 248, -5]
[258, 250, -19]
[352, 317, 42]
[235, 326, 26]
[348, 328, 43]
[236, 336, 27]
[365, 338, -13]
[231, 347, -33]
[301, 35, -44]
[304, 29, -35]
[306, 29, -35]
[308, 29, -35]
[297, 28, -37]
[294, 28, -37]
[291, 28, -37]
[310, 33, 15]
[286, 32, 8]
[305, 42, -25]
[295, 42, -27]
[328, 73, 33]
[268, 70, 12]
[332, 111, -18]
[278, 105, -41]
[289, 110, -82]
[332, 99, -83]
[281, 108, -100]
[341, 99, -101]
[281, 117, -98]
[340, 96, -98]
[285, 116, -83]
[337, 97, -83]
[317, 169, 4]
[276, 168, -4]
[333, 248, -7]
[258, 250, -12]
[352, 317, 55]
[235, 326, 45]
[348, 328, 59]
[236, 336, 48]
[365, 338, 0]
[231, 347, -13]
[301, 35, -49]
[304, 29, -39]
[306, 29, -39]
[308, 29, -39]
[297, 28, -43]
[294, 28, -43]
[291, 28, -43]
[310, 33, 13]
[286, 32, -2]
[305, 42, -29]
[295, 42, -33]
[327, 73, 34]
[268, 70, -8]
[332, 111, -7]
[286, 106, -46]
[309, 122, -81]
[342, 104, -94]
[305, 128, -99]
[350, 105, -112]
[304, 123, -103]
[349, 103, -109]
[306, 122, -85]
[345, 103, -93]
[317, 169, 6]
[276, 168, -6]
[333, 248, -4]
[258, 250, -13]
[352, 317, 58]
[235, 326, 40]
[348, 328, 61]
[236, 336, 42]
[365, 338, 4]
[231, 347, -18]
[301, 35, -49]
[304, 29, -39]
[306, 29, -39]
[307, 29, -39]
[297, 28, -43]
[293, 28, -43]
[291, 28, -43]
[309, 33, 12]
[286, 32, -1]
[305, 42, -29]
[295, 42, -33]
[327, 73, 28]
[267, 70, 2]
[329, 112, -12]
[279, 111, -34]
[294, 120, -84]
[328, 117, -89]
[287, 125, -103]
[343, 111, -108]
[286, 119, -106]
[343, 110, -107]
[288, 118, -87]
[340, 109, -90]
[317, 169, 4]
[276, 169, -4]
[333, 248, -3]
[258, 250, -10]
[352, 317, 61]
[235, 326, 47]
[348, 328, 64]
[236, 336, 50]
[365, 338, 7]
[231, 347, -9]
[301, 35, -46]
[304, 29, -37]
[306, 29, -37]
[307, 29, -37]
[296, 28, -39]
[293, 28, -39]
[291, 28, -39]
[309, 33, 14]
[285, 32, 4]
[305, 42, -27]
[295, 42, -30]
[327, 73, 35]
[267, 71, 16]
[329, 116, -2]
[271, 113, -30]
[295, 125, -87]
[278, 120, -113]
[288, 129, -107]
[282, 121, -131]
[295, 124, -113]
[283, 115, -117]
[296, 123, -92]
[283, 113, -114]
[317, 170, 4]
[275, 170, -4]
[333, 249, -3]
[258, 250, -12]
[352, 317, 60]
[235, 326, 40]
[348, 328, 64]
[236, 336, 41]
[365, 338, 4]
[230, 347, -17]
[301, 35, -44]
[304, 29, -34]
[306, 29, -34]
[307, 29, -34]
[296, 28, -36]
[293, 28, -36]
[291, 28, -36]
[309, 33, 18]
[285, 32, 8]
[305, 42, -24]
[295, 42, -27]
[327, 74, 40]
[266, 71, 19]
[329, 118, 2]
[268, 113, -30]
[305, 131, -83]
[275, 125, -118]
[302, 136, -104]
[283, 129, -139]
[303, 131, -111]
[283, 123, -129]
[303, 129, -88]
[283, 121, -120]
[317, 170, 4]
[275, 170, -4]
[333, 249, -3]
[258, 250, -12]
[352, 318, 57]
[235, 326, 40]
[348, 328, 60]
[236, 336, 41]
[365, 338, 2]
[230, 347, -18]
[301, 35, -49]
[304, 29, -39]
[306, 29, -39]
[307, 29, -39]
[296, 28, -42]
[293, 28, -42]
[291, 28, -42]
[309, 33, 15]
[285, 32, 4]
[305, 42, -28]
[295, 42, -31]
[327, 74, 39]
[266, 72, 16]
[328, 120, 9]
[266, 115, -29]
[312, 134, -76]
[272, 130, -121]
[322, 140, -97]
[275, 137, -142]
[322, 135, -108]
[277, 131, -143]
[321, 132, -83]
[277, 129, -120]
[317, 170, 5]
[275, 170, -5]
[333, 249, -1]
[258, 250, -14]
[352, 318, 57]
[235, 326, 39]
[348, 328, 59]
[236, 336, 41]
[366, 338, 1]
[230, 347, -21]
[301, 34, -45]
[304, 29, -36]
[306, 29, -36]
[307, 29, -36]
[296, 28, -38]
[293, 28, -38]
[291, 28, -38]
[309, 33, 16]
[285, 32, 4]
[305, 42, -25]
[295, 42, -29]
[327, 74, 43]
[266, 72, 15]
[326, 120, 19]
[266, 117, -30]
[331, 138, -61]
[272, 135, -119]
[340, 141, -80]
[275, 141, -141]
[342, 138, -92]
[276, 136, -143]
[337, 136, -69]
[275, 133, -121]
[317, 171, 7]
[275, 170, -7]
[333, 249, 0]
[258, 250, -17]
[352, 318, 56]
[235, 326, 33]
[347, 328, 58]
[236, 336, 35]
[366, 338, 1]
[230, 347, -25]
[301, 34, -49]
[304, 28, -39]
[306, 29, -39]
[307, 29, -39]
[296, 28, -42]
[293, 28, -42]
[291, 28, -42]
[309, 33, 13]
[285, 32, 0]
[304, 42, -29]
[295, 42, -33]
[327, 75, 41]
[266, 72, 10]
[325, 120, 16]
[267, 119, -32]
[334, 139, -61]
[272, 133, -127]
[342, 142, -79]
[273, 139, -150]
[345, 140, -91]
[274, 134, -154]
[341, 139, -69]
[274, 132, -131]
[317, 171, 8]
[275, 170, -8]
[333, 249, 1]
[258, 250, -18]
[352, 317, 57]
[235, 326, 32]
[347, 328, 59]
[236, 336, 34]
[366, 338, 2]
[230, 347, -26]
[301, 34, -52]
[304, 28, -43]
[305, 29, -43]
[307, 29, -43]
[296, 28, -46]
[293, 28, -46]
[291, 28, -46]
[309, 33, 9]
[285, 32, -4]
[304, 42, -32]
[295, 42, -37]
[327, 75, 40]
[266, 72, 6]
[324, 120, 21]
[267, 120, -34]
[337, 142, -54]
[271, 139, -121]
[345, 146, -72]
[271, 145, -143]
[349, 144, -86]
[273, 141, -148]
[344, 143, -62]
[274, 138, -125]
[316, 171, 9]
[275, 170, -9]
[333, 249, 3]
[258, 250, -19]
[352, 317, 58]
[235, 326, 31]
[347, 328, 59]
[236, 336, 33]
[366, 338, 3]
[230, 347, -27]
[301, 34, -59]
[304, 28, -50]
[305, 29, -50]
[307, 29, -50]
[296, 28, -53]
[293, 28, -53]
[291, 28, -53]
[309, 33, 0]
[285, 32, -11]
[304, 42, -40]
[295, 42, -44]
[328, 75, 31]
[265, 73, 0]
[324, 121, 13]
[266, 120, -36]
[339, 144, -61]
[270, 141, -122]
[348, 149, -78]
[270, 150, -143]
[350, 147, -91]
[269, 152, -150]
[345, 146, -69]
[273, 142, -127]
[316, 171, 9]
[276, 171, -9]
[333, 250, 7]
[258, 250, -17]
[352, 317, 60]
[235, 326, 31]
[347, 328, 62]
[236, 336, 33]
[366, 338, 7]
[230, 347, -26]
[301, 34, -74]
[303, 28, -66]
[305, 29, -66]
[307, 29, -66]
[296, 28, -69]
[293, 28, -69]
[291, 28, -69]
[309, 33, -16]
[285, 32, -30]
[304, 42, -55]
[295, 42, -59]
[328, 75, 20]
[265, 73, -13]
[325, 120, 31]
[265, 120, -34]
[339, 146, -11]
[269, 147, -96]
[347, 154, -22]
[269, 157, -113]
[349, 152, -37]
[271, 154, -120]
[344, 150, -19]
[273, 149, -101]
[317, 172, 9]
[277, 171, -9]
[333, 250, 11]
[258, 251, -17]
[352, 318, 61]
[235, 326, 30]
[347, 328, 63]
[236, 336, 31]
[366, 338, 8]
[230, 347, -27]
[301, 34, -87]
[303, 28, -80]
[305, 29, -80]
[307, 29, -80]
[296, 28, -83]
[293, 28, -83]
[291, 28, -83]
[309, 33, -30]
[285, 32, -45]
[304, 42, -69]
[295, 42, -73]
[328, 75, 9]
[265, 73, -25]
[325, 121, 31]
[264, 120, -24]
[340, 150, -6]
[268, 153, -60]
[347, 159, -16]
[268, 164, -74]
[349, 157, -31]
[267, 167, -83]
[345, 154, -14]
[273, 157, -65]
[317, 172, 9]
[277, 171, -9]
[333, 250, 15]
[258, 251, -14]
[352, 318, 63]
[235, 326, 30]
[347, 328, 64]
[236, 336, 32]
[366, 338, 10]
[230, 347, -26]
[301, 34, -88]
[303, 28, -81]
[305, 29, -81]
[307, 29, -81]
[296, 28, -84]
[293, 28, -84]
[291, 28, -84]
[309, 33, -32]
[285, 32, -47]
[304, 42, -70]
[295, 42, -74]
[328, 75, 6]
[265, 74, -28]
[326, 121, 31]
[264, 122, -20]
[340, 154, -4]
[268, 160, -48]
[346, 164, -13]
[268, 173, -60]
[348, 163, -28]
[270, 172, -70]
[344, 160, -11]
[272, 167, -52]
[317, 172, 9]
[278, 172, -9]
[333, 250, 16]
[258, 251, -12]
[352, 318, 63]
[235, 326, 31]
[347, 328, 65]
[236, 336, 32]
[366, 338, 11]
[230, 347, -24]
[301, 35, -91]
[304, 29, -83]
[305, 29, -83]
[307, 29, -83]
[296, 28, -86]
[293, 28, -86]
[291, 28, -86]
[309, 33, -34]
[285, 32, -48]
[304, 42, -72]
[295, 42, -76]
[328, 75, 4]
[265, 74, -27]
[326, 121, 30]
[264, 122, -19]
[340, 157, -4]
[267, 163, -48]
[346, 167, -13]
[267, 175, -61]
[348, 166, -29]
[269, 174, -71]
[344, 163, -12]
[271, 170, -53]
[317, 172, 9]
[279, 172, -9]
[333, 250, 16]
[258, 251, -10]
[352, 317, 66]
[235, 326, 35]
[347, 328, 67]
[236, 336, 37]
[366, 338, 15]
[230, 347, -19]
[301, 35, -89]
[304, 29, -81]
[305, 29, -81]
[307, 29, -81]
[297, 28, -84]
[294, 28, -84]
[291, 28, -84]
[309, 33, -31]
[285, 32, -46]
[304, 42, -70]
[295, 42, -74]
[328, 75, 9]
[266, 74, -27]
[326, 122, 34]
[264, 124, -19]
[340, 161, -4]
[268, 166, -53]
[346, 170, -13]
[268, 178, -67]
[348, 170, -30]
[270, 178, -76]
[344, 167, -12]
[271, 174, -57]
[317, 173, 10]
[280, 172, -10]
[333, 250, 18]
[258, 251, -11]
[352, 317, 70]
[235, 326, 35]
[347, 328, 72]
[236, 336, 37]
[366, 338, 20]
[230, 347, -19]
[301, 35, -94]
[304, 29, -86]
[305, 29, -86]
[308, 30, -86]
[297, 28, -90]
[294, 28, -90]
[291, 28, -90]
[309, 33, -35]
[286, 32, -51]
[304, 42, -75]
[295, 42, -79]
[328, 75, 7]
[266, 74, -32]
[327, 123, 32]
[264, 124, -23]
[341, 163, -9]
[268, 168, -60]
[346, 173, -19]
[267, 180, -75]
[348, 172, -35]
[270, 180, -85]
[345, 170, -17]
[271, 176, -65]
[318, 173, 11]
[281, 173, -11]
[333, 250, 20]
[258, 251, -11]
[352, 317, 74]
[235, 326, 35]
[347, 328, 76]
[236, 336, 37]
[366, 338, 24]
[230, 347, -20]
[301, 36, -102]
[304, 29, -94]
[306, 30, -94]
[308, 30, -94]
[297, 29, -98]
[294, 28, -98]
[291, 28, -98]
[309, 33, -42]
[286, 32, -60]
[304, 43, -82]
[295, 42, -88]
[328, 75, 3]
[266, 74, -40]
[328, 123, 29]
[265, 125, -30]
[341, 165, -13]
[268, 170, -66]
[346, 176, -23]
[268, 183, -80]
[347, 175, -40]
[270, 183, -90]
[344, 173, -21]
[271, 179, -70]
[318, 173, 12]
[281, 173, -12]
[333, 250, 23]
[258, 251, -12]
[352, 317, 79]
[235, 326, 35]
[347, 328, 81]
[236, 336, 37]
[366, 338, 30]
[231, 347, -20]
[301, 36, -104]
[304, 29, -96]
[306, 30, -96]
[308, 30, -96]
[297, 29, -100]
[294, 29, -100]
[291, 28, -100]
[309, 33, -44]
[286, 32, -63]
[304, 43, -84]
[295, 43, -90]
[328, 75, 1]
[266, 74, -43]
[329, 124, 28]
[265, 126, -34]
[341, 167, -15]
[268, 171, -68]
[346, 178, -25]
[268, 185, -83]
[347, 178, -42]
[270, 185, -93]
[344, 176, -23]
[271, 181, -73]
[319, 173, 13]
[281, 173, -13]
[333, 250, 24]
[258, 252, -12]
[352, 317, 82]
[235, 326, 37]
[347, 327, 85]
[236, 336, 39]
[366, 338, 33]
[231, 347, -17]
[301, 36, -107]
[304, 29, -99]
[306, 30, -99]
[308, 30, -99]
[297, 29, -102]
[294, 29, -102]
[291, 29, -102]
[309, 33, -46]
[286, 32, -64]
[304, 43, -86]
[295, 43, -92]
[328, 75, -1]
[266, 75, -44]
[330, 124, 26]
[265, 126, -35]
[341, 168, -18]
[267, 172, -69]
[346, 179, -28]
[266, 186, -84]
[347, 180, -44]
[268, 186, -94]
[343, 177, -26]
[269, 181, -74]
[319, 173, 12]
[281, 174, -12]
[333, 251, 21]
[258, 252, -12]
[352, 317, 80]
[235, 326, 41]
[347, 327, 82]
[236, 336, 44]
[366, 338, 30]
[231, 347, -13]
[301, 36, -107]
[304, 30, -98]
[306, 30, -99]
[308, 30, -99]
[297, 29, -102]
[294, 29, -102]
[291, 29, -102]
[309, 33, -46]
[286, 32, -64]
[304, 43, -87]
[295, 43, -92]
[328, 75, -1]
[266, 75, -44]
[330, 125, 25]
[265, 127, -35]
[341, 169, -18]
[266, 173, -70]
[346, 180, -29]
[265, 187, -85]
[346, 180, -45]
[267, 186, -95]
[343, 178, -26]
[268, 182, -75]
[319, 173, 12]
[281, 174, -12]
[333, 251, 21]
[258, 253, -12]
[352, 317, 80]
[235, 326, 42]
[347, 327, 82]
[236, 336, 44]
[366, 338, 30]
[231, 347, -12]
[301, 36, -111]
[304, 30, -103]
[306, 30, -103]
[308, 30, -103]
[297, 29, -107]
[294, 29, -107]
[291, 29, -107]
[310, 33, -50]
[286, 32, -68]
[304, 43, -91]
[295, 43, -96]
[328, 75, -3]
[266, 75, -46]
[331, 125, 22]
[265, 127, -37]
[341, 169, -19]
[266, 173, -71]
[346, 181, -30]
[265, 187, -86]
[345, 181, -46]
[267, 186, -96]
[342, 179, -27]
[268, 182, -75]
[319, 173, 13]
[281, 174, -13]
[333, 251, 22]
[258, 253, -12]
[352, 317, 83]
[235, 326, 41]
[347, 327, 86]
[236, 336, 44]
[366, 338, 33]
[231, 347, -14]
[301, 36, -112]
[304, 30, -104]
[306, 30, -104]
[308, 30, -104]
[297, 29, -108]
[294, 29, -108]
[291, 29, -108]
[310, 33, -52]
[286, 32, -69]
[304, 43, -92]
[295, 43, -97]
[328, 75, -5]
[266, 75, -48]
[331, 125, 20]
[265, 127, -38]
[340, 170, -20]
[266, 173, -71]
[346, 181, -30]
[265, 187, -86]
[345, 182, -47]
[267, 187, -96]
[342, 179, -28]
[268, 182, -76]
[319, 173, 13]
[281, 174, -13]
[333, 251, 22]
[258, 253, -12]
[352, 317, 83]
[235, 326, 43]
[347, 327, 85]
[236, 336, 45]
[366, 338, 32]
[231, 347, -12]
[301, 36, -114]
[304, 30, -106]
[306, 30, -106]
[308, 30, -106]
[297, 29, -110]
[294, 29, -110]
[291, 29, -110]
[310, 33, -54]
[286, 32, -71]
[304, 43, -94]
[295, 43, -99]
[328, 75, -6]
[266, 75, -50]
[331, 125, 18]
[265, 127, -40]
[340, 170, -22]
[266, 174, -73]
[346, 181, -32]
[265, 188, -88]
[345, 182, -49]
[267, 187, -99]
[342, 179, -30]
[268, 183, -78]
[319, 173, 13]
[281, 174, -13]
[333, 251, 22]
[258, 253, -12]
[352, 317, 84]
[235, 326, 44]
[347, 327, 86]
[236, 335, 46]
[366, 338, 34]
[231, 347, -11]
[301, 36, -115]
[304, 30, -107]
[306, 30, -107]
[308, 30, -107]
[297, 29, -111]
[294, 29, -111]
[291, 29, -111]
[310, 33, -54]
[286, 32, -72]
[304, 43, -95]
[295, 43, -100]
[328, 75, -7]
[266, 75, -50]
[331, 125, 17]
[265, 127, -41]
[340, 170, -23]
[266, 174, -74]
[346, 182, -33]
[264, 188, -88]
[345, 182, -50]
[267, 188, -100]
[342, 179, -31]
[268, 183, -79]
[319, 173, 13]
[281, 174, -13]
[333, 251, 22]
[258, 253, -12]
[353, 317, 83]
[235, 326, 45]
[347, 327, 86]
[236, 335, 47]
[367, 338, 34]
[231, 347, -10]
[301, 36, -115]
[304, 30, -107]
[306, 30, -107]
[308, 30, -107]
[297, 29, -110]
[294, 29, -110]
[291, 29, -110]
[310, 33, -54]
[286, 32, -71]
[304, 43, -94]
[295, 43, -99]
[328, 75, -7]
[266, 75, -49]
[331, 125, 17]
[265, 127, -40]
[340, 170, -23]
[265, 173, -74]
[345, 181, -33]
[264, 187, -88]
[345, 182, -50]
[267, 187, -100]
[342, 179, -31]
[267, 183, -79]
[319, 173, 13]
[281, 174, -13]
[333, 251, 21]
[258, 253, -12]
[353, 317, 82]
[235, 326, 45]
[347, 327, 85]
[236, 335, 47]
[367, 338, 32]
[231, 347, -10]
[301, 36, -113]
[304, 30, -105]
[306, 30, -105]
[308, 30, -105]
[297, 29, -108]
[294, 29, -108]
[291, 29, -108]
[309, 33, -53]
[286, 32, -69]
[304, 43, -93]
[295, 43, -98]
[328, 75, -7]
[266, 75, -47]
[331, 125, 17]
[265, 127, -39]
[340, 170, -24]
[265, 173, -72]
[345, 182, -34]
[264, 187, -87]
[344, 182, -50]
[267, 186, -98]
[341, 179, -32]
[267, 182, -77]
[319, 173, 13]
[281, 174, -13]
[333, 251, 21]
[258, 253, -12]
[353, 317, 82]
[235, 326, 46]
[348, 327, 84]
[236, 335, 48]
[367, 338, 31]
[231, 347, -9]
[301, 36, -112]
[304, 30, -104]
[306, 30, -104]
[308, 30, -104]
[297, 29, -107]
[294, 29, -107]
[291, 29, -107]
[309, 33, -52]
[286, 32, -68]
[304, 43, -92]
[295, 43, -96]
[328, 75, -6]
[266, 75, -46]
[331, 125, 19]
[265, 127, -36]
[340, 170, -21]
[265, 173, -70]
[346, 181, -31]
[264, 187, -85]
[345, 182, -48]
[266, 186, -96]
[341, 179, -29]
[267, 182, -75]
[319, 173, 13]
[281, 174, -13]
[333, 251, 20]
[258, 253, -12]
[353, 317, 81]
[235, 326, 46]
[348, 327, 84]
[236, 335, 48]
[367, 338, 31]
[231, 347, -9]
[301, 36, -107]
[304, 30, -99]
[306, 30, -99]
[308, 30, -99]
[297, 29, -102]
[294, 29, -102]
[291, 29, -102]
[309, 33, -48]
[286, 32, -63]
[304, 43, -88]
[295, 43, -92]
[328, 75, -4]
[266, 75, -42]
[331, 125, 21]
[265, 127, -32]
[340, 169, -20]
[265, 173, -67]
[345, 181, -30]
[264, 186, -82]
[345, 181, -46]
[266, 186, -93]
[341, 178, -28]
[267, 182, -72]
[319, 174, 12]
[281, 174, -12]
[333, 251, 19]
[258, 253, -11]
[353, 317, 81]
[235, 326, 47]
[348, 327, 83]
[236, 335, 50]
[367, 338, 31]
[231, 347, -7]
[301, 36, -103]
[304, 29, -95]
[306, 30, -95]
[308, 30, -95]
[297, 29, -98]
[294, 29, -98]
[291, 29, -98]
[309, 33, -44]
[286, 32, -59]
[304, 43, -83]
[295, 43, -88]
[328, 75, 0]
[266, 75, -40]
[331, 125, 24]
[265, 127, -31]
[340, 169, -17]
[265, 173, -66]
[346, 180, -27]
[264, 186, -81]
[345, 180, -44]
[266, 186, -92]
[342, 178, -25]
[267, 181, -71]
[319, 174, 12]
[281, 174, -12]
[333, 251, 19]
[258, 253, -11]
[353, 317, 81]
[235, 326, 46]
[348, 327, 83]
[236, 335, 49]
[367, 338, 31]
[231, 347, -8]
[301, 36, -94]
[304, 29, -85]
[306, 30, -85]
[308, 30, -85]
[297, 29, -89]
[294, 29, -89]
[291, 29, -89]
[309, 33, -34]
[286, 32, -49]
[304, 43, -74]
[295, 43, -78]
[328, 75, 7]
[266, 75, -31]
[330, 125, 31]
[265, 126, -24]
[340, 167, -9]
[266, 169, -59]
[346, 176, -19]
[265, 183, -74]
[347, 176, -35]
[267, 182, -84]
[343, 174, -17]
[268, 178, -64]
[319, 174, 12]
[281, 174, -12]
[333, 251, 17]
[258, 253, -12]
[353, 317, 77]
[235, 326, 44]
[348, 327, 80]
[236, 335, 46]
[367, 338, 28]
[231, 347, -10]
[301, 36, -90]
[304, 29, -82]
[306, 30, -82]
[308, 30, -82]
[297, 29, -85]
[294, 29, -85]
[291, 28, -85]
[309, 33, -32]
[286, 32, -47]
[304, 43, -71]
[295, 43, -75]
[328, 75, 10]
[266, 75, -28]
[329, 124, 35]
[265, 126, -19]
[340, 163, -1]
[267, 168, -50]
[346, 172, -10]
[266, 181, -64]
[347, 172, -26]
[268, 180, -74]
[343, 170, -9]
[269, 175, -55]
[319, 174, 11]
[281, 174, -11]
[333, 252, 16]
[257, 253, -12]
[353, 317, 75]
[235, 326, 43]
[348, 327, 78]
[236, 335, 45]
[367, 338, 25]
[231, 347, -10]
[301, 36, -91]
[304, 29, -83]
[306, 30, -83]
[308, 30, -83]
[297, 29, -86]
[294, 29, -86]
[291, 28, -86]
[309, 33, -33]
[286, 32, -48]
[304, 43, -72]
[295, 43, -76]
[328, 75, 8]
[266, 75, -27]
[329, 123, 34]
[265, 125, -17]
[340, 159, -1]
[267, 165, -46]
[346, 167, -10]
[267, 178, -59]
[348, 166, -26]
[269, 176, -69]
[344, 163, -8]
[270, 172, -51]
[319, 174, 11]
[280, 174, -11]
[333, 252, 14]
[257, 253, -12]
[353, 317, 71]
[235, 326, 42]
[348, 327, 73]
[236, 335, 44]
[367, 338, 21]
[231, 347, -12]
[301, 35, -85]
[303, 29, -77]
[306, 29, -77]
[308, 30, -78]
[297, 29, -81]
[294, 29, -81]
[291, 28, -81]
[309, 33, -28]
[286, 32, -42]
[304, 43, -66]
[295, 43, -70]
[328, 75, 13]
[266, 74, -22]
[327, 121, 38]
[265, 123, -13]
[340, 152, 3]
[269, 159, -41]
[346, 159, -6]
[269, 171, -54]
[347, 157, -21]
[270, 172, -63]
[344, 155, -4]
[273, 166, -45]
[318, 173, 10]
[280, 173, -10]
[333, 252, 12]
[257, 253, -12]
[353, 317, 69]
[235, 326, 41]
[348, 327, 71]
[237, 335, 43]
[367, 338, 18]
[231, 347, -13]
[301, 35, -67]
[303, 29, -58]
[305, 29, -58]
[308, 30, -58]
[296, 29, -61]
[293, 28, -61]
[291, 28, -61]
[309, 33, -6]
[285, 32, -19]
[304, 43, -47]
[294, 43, -51]
[328, 75, 28]
[266, 74, -5]
[325, 120, 30]
[265, 121, -33]
[340, 146, -32]
[270, 149, -111]
[346, 152, -47]
[270, 159, -131]
[348, 150, -61]
[271, 160, -137]
[344, 149, -40]
[274, 153, -116]
[318, 173, 10]
[280, 173, -10]
[333, 252, 7]
[258, 252, -17]
[353, 317, 61]
[235, 326, 34]
[348, 327, 63]
[237, 335, 36]
[366, 338, 9]
[231, 347, -22]
[301, 35, -58]
[303, 29, -49]
[305, 30, -49]
[308, 30, -49]
[296, 29, -52]
[293, 29, -52]
[290, 28, -52]
[309, 33, 4]
[285, 32, -8]
[304, 43, -38]
[294, 43, -42]
[328, 75, 36]
[266, 74, 5]
[324, 119, 19]
[265, 121, -31]
[338, 143, -65]
[271, 145, -109]
[344, 146, -85]
[272, 153, -131]
[348, 144, -97]
[274, 148, -136]
[343, 143, -73]
[275, 145, -113]
[318, 173, 10]
[279, 173, -10]
[334, 251, 4]
[258, 252, -18]
[353, 317, 62]
[235, 326, 35]
[348, 327, 64]
[237, 335, 38]
[366, 338, 9]
[231, 347, -21]
[300, 35, -51]
[303, 29, -42]
[305, 30, -42]
[308, 30, -42]
[296, 29, -44]
[293, 29, -44]
[290, 28, -44]
[309, 33, 10]
[285, 32, 0]
[304, 43, -31]
[294, 43, -34]
[328, 75, 39]
[266, 74, 13]
[324, 119, 14]
[266, 119, -30]
[336, 139, -71]
[271, 138, -113]
[343, 142, -91]
[273, 144, -136]
[346, 139, -103]
[274, 139, -140]
[341, 138, -79]
[275, 137, -117]
[318, 172, 8]
[278, 172, -8]
[333, 251, 0]
[258, 251, -19]
[353, 317, 55]
[235, 326, 34]
[348, 327, 57]
[237, 335, 36]
[366, 338, 1]
[231, 348, -23]
[300, 35, -49]
[303, 29, -40]
[305, 30, -40]
[308, 30, -40]
[296, 29, -42]
[293, 29, -42]
[290, 28, -42]
[309, 33, 11]
[285, 32, 3]
[304, 43, -29]
[294, 43, -32]
[328, 75, 38]
[265, 74, 17]
[324, 119, 4]
[267, 120, -21]
[320, 134, -84]
[273, 135, -105]
[327, 139, -105]
[277, 141, -128]
[327, 134, -114]
[277, 135, -132]
[325, 131, -90]
[276, 134, -109]
[318, 172, 6]
[277, 172, -6]
[333, 251, -3]
[258, 251, -18]
[353, 317, 53]
[235, 326, 35]
[348, 327, 55]
[237, 335, 37]
[366, 338, -2]
[231, 348, -22]
[300, 35, -45]
[303, 29, -36]
[305, 29, -36]
[308, 30, -36]
[296, 29, -37]
[293, 29, -37]
[290, 28, -37]
[309, 33, 14]
[285, 32, 8]
[304, 43, -25]
[294, 43, -27]
[328, 75, 38]
[266, 74, 22]
[324, 119, 4]
[268, 119, -19]
[323, 134, -83]
[272, 132, -112]
[328, 140, -104]
[276, 138, -136]
[327, 135, -114]
[276, 132, -140]
[326, 132, -90]
[276, 130, -116]
[318, 171, 4]
[276, 171, -4]
[333, 251, -5]
[258, 251, -17]
[353, 317, 51]
[235, 326, 35]
[348, 327, 53]
[237, 335, 37]
[366, 338, -4]
[231, 348, -22]
[300, 35, -41]
[303, 29, -32]
[305, 29, -32]
[308, 30, -32]
[296, 29, -33]
[293, 29, -33]
[290, 28, -33]
[309, 33, 17]
[285, 32, 12]
[304, 43, -22]
[294, 43, -24]
[328, 74, 39]
[266, 74, 27]
[328, 119, 0]
[268, 117, -12]
[321, 130, -92]
[272, 129, -106]
[319, 134, -114]
[275, 133, -129]
[316, 128, -122]
[276, 125, -133]
[317, 127, -98]
[276, 124, -109]
[318, 171, 3]
[276, 171, -3]
[333, 251, -5]
[258, 251, -17]
[353, 317, 47]
[235, 326, 32]
[348, 327, 49]
[237, 335, 34]
[366, 338, -7]
[231, 348, -24]
[300, 35, -39]
[303, 29, -30]
[305, 29, -30]
[307, 30, -30]
[296, 29, -31]
[293, 29, -31]
[290, 28, -31]
[309, 33, 19]
[285, 32, 15]
[304, 43, -21]
[294, 43, -22]
[328, 74, 37]
[266, 74, 31]
[331, 118, -6]
[268, 115, -10]
[319, 129, -94]
[271, 128, -101]
[310, 133, -116]
[275, 130, -125]
[308, 128, -121]
[276, 123, -128]
[310, 127, -98]
[275, 121, -105]
[318, 171, 2]
[276, 170, -2]
[333, 251, -6]
[258, 251, -16]
[353, 317, 47]
[235, 326, 33]
[348, 327, 50]
[237, 335, 35]
[366, 338, -7]
[231, 348, -23]
[300, 35, -42]
[303, 29, -33]
[305, 29, -33]
[307, 30, -33]
[296, 29, -34]
[293, 29, -34]
[290, 28, -34]
[309, 33, 15]
[285, 32, 8]
[303, 43, -23]
[294, 43, -25]
[328, 74, 34]
[266, 73, 17]
[328, 116, -3]
[285, 115, -20]
[292, 120, -81]
[336, 109, -73]
[282, 125, -98]
[347, 112, -91]
[281, 118, -86]
[346, 109, -89]
[285, 117, -73]
[341, 109, -73]
[318, 170, 2]
[276, 170, -2]
[333, 250, -6]
[258, 250, -12]
[353, 317, 51]
[235, 326, 42]
[348, 327, 53]
[237, 335, 45]
[366, 338, -2]
[231, 348, -14]
[300, 35, -45]
[303, 29, -36]
[305, 29, -36]
[307, 30, -36]
[296, 29, -38]
[293, 29, -38]
[290, 28, -38]
[309, 33, 13]
[285, 32, 4]
[303, 43, -26]
[294, 43, -29]
[328, 73, 34]
[266, 73, 12]
[328, 117, -5]
[287, 113, -37]
[299, 119, -76]
[338, 104, -81]
[292, 123, -93]
[346, 106, -101]
[292, 116, -91]
[345, 102, -100]
[294, 115, -76]
[341, 102, -83]
[318, 170, 3]
[276, 170, -3]
[333, 250, -5]
[258, 250, -13]
[353, 317, 55]
[235, 326, 43]
[348, 327, 58]
[237, 335, 46]
[365, 338, 1]
[231, 348, -13]
[300, 35, -49]
[303, 29, -40]
[305, 29, -40]
[307, 30, -40]
[296, 29, -42]
[293, 28, -42]
[290, 28, -42]
[309, 33, 9]
[285, 32, 1]
[303, 43, -30]
[293, 43, -32]
[328, 73, 26]
[266, 72, 4]
[328, 114, -22]
[284, 109, -39]
[284, 106, -87]
[337, 102, -74]
[279, 114, -105]
[346, 103, -91]
[279, 108, -103]
[344, 100, -89]
[283, 107, -88]
[341, 101, -75]
[317, 170, 3]
[276, 169, -3]
[333, 250, -8]
[258, 250, -12]
[353, 317, 56]
[235, 326, 46]
[348, 327, 60]
[237, 336, 49]
[365, 338, 2]
[231, 348, -11]
[300, 35, -51]
[303, 29, -41]
[305, 29, -41]
[307, 30, -41]
[296, 29, -43]
[293, 28, -43]
[290, 28, -43]
[309, 33, 9]
[285, 32, 0]
[303, 43, -31]
[293, 42, -33]
[328, 73, 24]
[267, 72, 2]
[330, 114, -25]
[283, 105, -50]
[298, 113, -94]
[332, 99, -98]
[293, 118, -112]
[342, 97, -115]
[292, 112, -112]
[339, 95, -111]
[295, 111, -96]
[336, 96, -98]
[317, 170, 3]
[276, 169, -3]
[333, 250, -9]
[258, 250, -12]
[353, 317, 55]
[235, 326, 44]
[348, 327, 59]
[237, 336, 47]
[365, 338, 0]
[231, 348, -12]
[300, 35, -48]
[303, 29, -39]
[305, 29, -39]
[307, 30, -39]
[296, 28, -40]
[293, 28, -40]
[290, 28, -40]
[310, 33, 10]
[285, 32, 6]
[304, 42, -29]
[293, 42, -30]
[329, 73, 25]
[268, 71, 11]
[332, 113, -30]
[282, 106, -43]
[318, 116, -119]
[330, 101, -112]
[315, 121, -139]
[332, 102, -131]
[312, 116, -142]
[332, 98, -131]
[313, 114, -122]
[334, 98, -114]
[317, 170, 3]
[276, 169, -3]
[333, 250, -11]
[258, 250, -15]
[353, 317, 47]
[235, 326, 38]
[348, 327, 49]
[237, 336, 40]
[365, 338, -11]
[231, 348, -22]
