[449, 97, -180]
[456, 84, -170]
[461, 84, -170]
[465, 84, -170]
[442, 86, -169]
[437, 87, -169]
[433, 88, -169]
[473, 90, -102]
[429, 95, -98]
[459, 109, -154]
[441, 111, -152]
[518, 170, -49]
[400, 179, -50]
[540, 251, -23]
[380, 261, -20]
[556, 323, -91]
[346, 329, -82]
[567, 340, -108]
[330, 344, -98]
[566, 339, -129]
[331, 342, -124]
[560, 335, -101]
[338, 338, -94]
[487, 342, 4]
[423, 339, -5]
[484, 480, -37]
[424, 479, -23]
[486, 546, 168]
[422, 562, 125]
[480, 538, 184]
[426, 570, 136]
[484, 590, 116]
[426, 607, 52]
[449, 97, -157]
[456, 84, -147]
[461, 84, -147]
[465, 84, -147]
[442, 86, -145]
[437, 87, -145]
[433, 88, -145]
[472, 90, -82]
[430, 95, -71]
[459, 110, -132]
[441, 111, -129]
[518, 170, -40]
[400, 177, -21]
[539, 250, -18]
[380, 260, 12]
[556, 321, -94]
[346, 324, -57]
[567, 338, -115]
[330, 339, -75]
[565, 338, -138]
[331, 337, -102]
[560, 333, -104]
[338, 333, -70]
[487, 346, 0]
[422, 343, 0]
[483, 480, -34]
[424, 479, -19]
[487, 561, 149]
[423, 567, 127]
[483, 570, 164]
[426, 576, 139]
[488, 602, 96]
[426, 611, 61]
[448, 96, -139]
[456, 84, -129]
[461, 84, -129]
[465, 84, -129]
[442, 86, -127]
[437, 87, -127]
[433, 87, -127]
[472, 90, -66]
[430, 94, -54]
[458, 110, -115]
[441, 111, -111]
[518, 169, -33]
[399, 177, -8]
[539, 249, -31]
[380, 259, 9]
[556, 315, -137]
[345, 320, -72]
[567, 333, -163]
[327, 333, -96]
[565, 332, -185]
[326, 331, -122]
[560, 326, -148]
[334, 328, -87]
[487, 347, -1]
[422, 346, 1]
[482, 481, -38]
[423, 480, -21]
[487, 567, 131]
[423, 572, 119]
[483, 578, 145]
[427, 582, 131]
[488, 610, 77]
[426, 616, 58]
[447, 96, -123]
[456, 84, -112]
[460, 84, -112]
[465, 84, -112]
[441, 85, -110]
[436, 86, -110]
[433, 87, -110]
[472, 90, -50]
[430, 93, -39]
[457, 109, -100]
[440, 110, -96]
[518, 169, -24]
[399, 177, 5]
[538, 246, -35]
[379, 259, 16]
[557, 303, -146]
[336, 311, -76]
[568, 318, -172]
[318, 324, -100]
[567, 315, -193]
[316, 320, -124]
[561, 309, -157]
[324, 317, -91]
[488, 348, -4]
[422, 346, 4]
[482, 482, -44]
[423, 483, -16]
[486, 567, 124]
[425, 578, 107]
[483, 576, 138]
[429, 588, 116]
[488, 610, 75]
[427, 622, 43]
[447, 96, -110]
[455, 84, -100]
[460, 84, -100]
[465, 84, -100]
[441, 85, -98]
[436, 86, -98]
[433, 87, -98]
[472, 90, -39]
[430, 93, -28]
[457, 109, -88]
[440, 110, -84]
[518, 169, -16]
[400, 177, 14]
[537, 244, -32]
[379, 259, 23]
[557, 298, -140]
[333, 308, -72]
[568, 314, -166]
[315, 321, -94]
[567, 312, -186]
[315, 318, -117]
[561, 305, -151]
[322, 314, -85]
[488, 349, -5]
[422, 347, 5]
[482, 483, -45]
[423, 484, -17]
[486, 569, 119]
[427, 579, 105]
[483, 579, 132]
[432, 589, 115]
[488, 612, 69]
[429, 624, 43]
[447, 96, -129]
[455, 84, -119]
[460, 84, -119]
[465, 84, -119]
[441, 85, -117]
[436, 86, -117]
[433, 87, -117]
[472, 90, -54]
[430, 93, -42]
[457, 110, -105]
[440, 110, -102]
[518, 169, -22]
[400, 177, 3]
[537, 244, -62]
[379, 258, 1]
[558, 285, -217]
[332, 297, -135]
[569, 296, -248]
[315, 305, -160]
[568, 289, -268]
[314, 301, -182]
[562, 284, -228]
[321, 300, -148]
[488, 349, -4]
[421, 347, 4]
[482, 485, -45]
[423, 486, -17]
[486, 576, 124]
[427, 585, 104]
[484, 586, 137]
[431, 596, 113]
[488, 618, 66]
[429, 629, 31]
[447, 96, -137]
[455, 84, -127]
[460, 84, -127]
[465, 85, -127]
[441, 85, -125]
[436, 86, -125]
[433, 87, -125]
[472, 90, -60]
[430, 93, -50]
[458, 110, -113]
[440, 110, -110]
[518, 169, -23]
[400, 176, -3]
[539, 249, -56]
[379, 258, -30]
[559, 270, -200]
[333, 283, -191]
[568, 276, -230]
[316, 285, -220]
[564, 265, -247]
[315, 280, -237]
[559, 263, -210]
[323, 279, -202]
[488, 349, -3]
[421, 347, 3]
[481, 486, -45]
[423, 486, -17]
[486, 579, 128]
[426, 587, 105]
[483, 590, 142]
[431, 599, 114]
[490, 620, 70]
[429, 631, 29]
[448, 96, -139]
[456, 85, -128]
[461, 85, -128]
[465, 85, -128]
[441, 85, -126]
[437, 86, -126]
[433, 86, -126]
[472, 90, -58]
[430, 93, -50]
[458, 110, -112]
[440, 110, -110]
[518, 169, -15]
[399, 175, 1]
[540, 251, -53]
[378, 258, -35]
[562, 250, -207]
[337, 264, -199]
[573, 250, -236]
[323, 264, -226]
[572, 240, -250]
[326, 256, -239]
[566, 240, -216]
[334, 238, -208]
[487, 349, -3]
[420, 347, 3]
[481, 487, -44]
[423, 486, -15]
[485, 577, 132]
[426, 587, 107]
[482, 587, 146]
[430, 599, 116]
[489, 619, 72]
[429, 631, 33]
[448, 96, -140]
[456, 85, -129]
[461, 85, -129]
[465, 85, -129]
[441, 85, -127]
[437, 86, -127]
[433, 86, -127]
[472, 90, -57]
[430, 93, -50]
[458, 110, -113]
[440, 110, -111]
[517, 168, -14]
[399, 174, 3]
[542, 251, -65]
[379, 258, -34]
[562, 238, -227]
[340, 254, -197]
[569, 236, -257]
[324, 252, -225]
[567, 225, -266]
[326, 242, -237]
[562, 226, -233]
[334, 240, -207]
[487, 349, -3]
[419, 347, 3]
[480, 487, -40]
[423, 486, -13]
[485, 576, 142]
[426, 587, 107]
[482, 583, 157]
[430, 599, 116]
[490, 615, 92]
[430, 631, 33]
[448, 96, -140]
[456, 85, -129]
[461, 85, -129]
[465, 85, -129]
[441, 85, -127]
[437, 86, -127]
[433, 86, -127]
[472, 91, -55]
[430, 92, -48]
[458, 111, -113]
[440, 110, -111]
[517, 168, -11]
[399, 174, 5]
[543, 251, -64]
[381, 258, -32]
[562, 237, -226]
[341, 253, -196]
[567, 234, -257]
[324, 251, -224]
[564, 223, -266]
[326, 241, -237]
[559, 225, -233]
[334, 241, -206]
[486, 349, -2]
[419, 347, 2]
[480, 487, -36]
[423, 486, -13]
[484, 575, 142]
[426, 588, 104]
[481, 581, 157]
[431, 600, 112]
[491, 615, 91]
[431, 633, 27]
[447, 96, -145]
[455, 85, -134]
[461, 85, -134]
[465, 85, -134]
[441, 85, -131]
[436, 86, -131]
[433, 86, -131]
[472, 91, -58]
[429, 92, -49]
[457, 111, -118]
[440, 110, -115]
[515, 167, -12]
[398, 173, 0]
[543, 249, -89]
[379, 258, -43]
[559, 224, -262]
[341, 236, -208]
[563, 216, -293]
[323, 228, -235]
[561, 207, -299]
[323, 216, -246]
[554, 205, -268]
[331, 219, -217]
[485, 349, -2]
[419, 347, 2]
[480, 487, -30]
[423, 486, -13]
[483, 573, 150]
[427, 588, 105]
[480, 581, 164]
[431, 600, 112]
[491, 614, 95]
[432, 634, 30]
[447, 96, -140]
[455, 84, -128]
[460, 85, -128]
[465, 85, -128]
[440, 85, -126]
[436, 85, -126]
[433, 85, -126]
[472, 90, -55]
[429, 92, -46]
[457, 110, -113]
[439, 110, -110]
[515, 166, -10]
[398, 172, 7]
[543, 252, -78]
[379, 260, -42]
[558, 212, -242]
[346, 221, -210]
[563, 201, -271]
[332, 211, -237]
[560, 190, -276]
[329, 197, -243]
[555, 193, -247]
[340, 201, -217]
[485, 348, -2]
[418, 347, 2]
[479, 487, -22]
[423, 486, -12]
[482, 573, 160]
[427, 588, 106]
[479, 581, 175]
[431, 600, 114]
[489, 613, 108]
[433, 635, 31]
[446, 95, -119]
[454, 84, -108]
[459, 84, -108]
[464, 84, -108]
[439, 84, -105]
[436, 84, -105]
[432, 85, -105]
[471, 90, -40]
[429, 91, -28]
[456, 110, -94]
[439, 110, -90]
[513, 164, -3]
[397, 170, 21]
[544, 252, -74]
[377, 261, -36]
[555, 194, -225]
[346, 206, -198]
[558, 181, -253]
[333, 189, -224]
[555, 171, -258]
[335, 179, -228]
[551, 175, -229]
[342, 184, -204]
[485, 348, -2]
[418, 346, 2]
[479, 487, -25]
[423, 486, -12]
[480, 578, 155]
[427, 591, 111]
[478, 588, 170]
[431, 602, 121]
[484, 620, 103]
[435, 637, 40]
[445, 95, -123]
[453, 83, -113]
[459, 83, -113]
[464, 84, -113]
[439, 83, -109]
[435, 83, -109]
[432, 84, -109]
[471, 89, -46]
[428, 91, -30]
[455, 109, -99]
[438, 109, -94]
[513, 164, -8]
[397, 169, 15]
[545, 252, -90]
[373, 261, -47]
[555, 183, -237]
[345, 193, -209]
[558, 172, -263]
[333, 175, -235]
[555, 164, -263]
[336, 166, -235]
[552, 169, -239]
[341, 173, -213]
[485, 348, -2]
[418, 346, 2]
[479, 488, -25]
[423, 487, -13]
[480, 579, 155]
[427, 592, 118]
[478, 589, 169]
[431, 602, 129]
[483, 622, 103]
[435, 639, 49]
[445, 94, -127]
[453, 83, -117]
[459, 83, -117]
[463, 83, -117]
[438, 83, -113]
[435, 83, -113]
[432, 83, -113]
[471, 89, -50]
[428, 90, -35]
[455, 109, -103]
[438, 109, -98]
[513, 164, -10]
[396, 168, 11]
[545, 252, -94]
[372, 261, -55]
[555, 183, -245]
[342, 191, -219]
[559, 171, -271]
[332, 174, -246]
[556, 164, -270]
[335, 165, -246]
[552, 169, -247]
[340, 172, -224]
[485, 348, -1]
[418, 346, 1]
[479, 489, -25]
[423, 487, -14]
[480, 580, 153]
[427, 593, 117]
[477, 590, 168]
[431, 604, 128]
[482, 624, 102]
[435, 640, 47]
[445, 94, -107]
[453, 82, -97]
[458, 82, -97]
[463, 83, -97]
[438, 82, -94]
[434, 82, -94]
[431, 83, -94]
[470, 89, -36]
[427, 90, -19]
[455, 108, -84]
[437, 108, -80]
[513, 164, -4]
[396, 169, 17]
[545, 250, -87]
[371, 260, -47]
[555, 174, -231]
[341, 185, -217]
[559, 161, -260]
[329, 169, -237]
[556, 154, -253]
[333, 160, -219]
[552, 160, -238]
[338, 166, -208]
[485, 348, -1]
[418, 346, 1]
[479, 489, -25]
[423, 488, -16]
[480, 582, 143]
[428, 594, 105]
[477, 592, 156]
[431, 604, 115]
[482, 626, 94]
[436, 641, 39]
[445, 94, -96]
[452, 82, -87]
[458, 82, -87]
[462, 82, -87]
[437, 82, -83]
[434, 82, -83]
[431, 83, -83]
[470, 89, -26]
[426, 90, -9]
[455, 108, -74]
[437, 108, -69]
[511, 164, 2]
[395, 169, 27]
[545, 246, -82]
[369, 257, -41]
[554, 167, -221]
[340, 179, -186]
[558, 154, -245]
[327, 166, -208]
[554, 147, -236]
[333, 157, -200]
[550, 153, -221]
[338, 161, -185]
[485, 348, -1]
[418, 347, 1]
[479, 489, -25]
[423, 488, -15]
[481, 581, 143]
[427, 594, 106]
[479, 591, 157]
[430, 604, 116]
[482, 625, 95]
[436, 640, 39]
[444, 94, -108]
[452, 82, -99]
[457, 82, -99]
[462, 82, -99]
[437, 82, -95]
[434, 82, -95]
[430, 82, -95]
[470, 89, -35]
[426, 90, -19]
[454, 108, -85]
[437, 108, -81]
[511, 164, -2]
[394, 169, 21]
[546, 245, -84]
[367, 255, -51]
[553, 164, -209]
[340, 172, -196]
[556, 148, -232]
[327, 158, -220]
[552, 141, -224]
[333, 149, -211]
[548, 147, -209]
[338, 155, -197]
[485, 348, 0]
[418, 347, 0]
[479, 489, -15]
[423, 488, -11]
[481, 576, 156]
[427, 593, 108]
[479, 585, 171]
[430, 603, 119]
[482, 620, 112]
[436, 640, 44]
[444, 94, -113]
[451, 81, -103]
[457, 81, -103]
[461, 82, -103]
[437, 81, -100]
[433, 82, -100]
[430, 82, -100]
[469, 88, -38]
[425, 89, -23]
[454, 108, -90]
[436, 108, -85]
[511, 165, -4]
[393, 167, 18]
[546, 243, -82]
[366, 253, -52]
[553, 161, -206]
[340, 171, -202]
[556, 145, -228]
[327, 156, -227]
[552, 138, -223]
[332, 148, -222]
[549, 145, -206]
[337, 153, -205]
[485, 348, 0]
[418, 347, 0]
[479, 489, -12]
[423, 488, -10]
[481, 570, 165]
[427, 591, 115]
[480, 579, 180]
[430, 601, 126]
[482, 614, 120]
[435, 638, 50]
[444, 93, -114]
[451, 81, -105]
[457, 81, -105]
[461, 81, -105]
[437, 81, -101]
[433, 81, -101]
[430, 82, -101]
[469, 88, -40]
[425, 89, -24]
[454, 108, -91]
[436, 107, -86]
[511, 165, -6]
[393, 167, 17]
[546, 242, -81]
[365, 252, -51]
[553, 162, -203]
[340, 171, -200]
[556, 146, -225]
[326, 156, -225]
[552, 138, -221]
[332, 147, -222]
[549, 145, -204]
[337, 153, -204]
[485, 348, 0]
[418, 347, 0]
[479, 489, -13]
[423, 488, -10]
[481, 567, 165]
[427, 589, 116]
[480, 575, 181]
[430, 599, 127]
[482, 611, 121]
[435, 637, 50]
[444, 93, -113]
[451, 81, -103]
[456, 81, -103]
[461, 81, -103]
[437, 81, -99]
[433, 81, -99]
[430, 81, -99]
[469, 88, -41]
[424, 89, -22]
[454, 107, -90]
[436, 107, -84]
[511, 164, -6]
[393, 166, 17]
[547, 241, -81]
[365, 252, -50]
[552, 159, -197]
[340, 170, -198]
[555, 142, -218]
[326, 154, -224]
[552, 135, -213]
[332, 146, -218]
[549, 142, -197]
[337, 152, -204]
[485, 348, 0]
[418, 347, 0]
[479, 489, -12]
[423, 488, -8]
[481, 567, 164]
[427, 589, 118]
[477, 547, 180]
[430, 598, 130]
[481, 611, 120]
[434, 636, 54]
[444, 93, -111]
[451, 80, -102]
[456, 80, -102]
[461, 81, -102]
[437, 80, -98]
[433, 81, -98]
[430, 81, -98]
[469, 88, -40]
[424, 88, -21]
[453, 107, -89]
[436, 107, -83]
[511, 164, -6]
[393, 166, 18]
[547, 240, -83]
[365, 252, -48]
[552, 158, -198]
[340, 169, -194]
[555, 141, -220]
[327, 154, -219]
[552, 134, -220]
[332, 146, -212]
[549, 141, -200]
[337, 152, -198]
[485, 348, 0]
[418, 347, 0]
[479, 489, -13]
[423, 488, -9]
[481, 568, 162]
[427, 589, 118]
[476, 543, 178]
[430, 599, 129]
[480, 612, 118]
[434, 637, 52]
[444, 92, -112]
[451, 80, -102]
[456, 80, -102]
[461, 80, -102]
[436, 80, -98]
[433, 80, -98]
[429, 80, -98]
[469, 87, -39]
[424, 88, -21]
[453, 106, -89]
[436, 106, -83]
[511, 164, -5]
[393, 166, 18]
[548, 240, -83]
[364, 252, -51]
[552, 158, -201]
[340, 168, -196]
[555, 141, -224]
[327, 153, -222]
[552, 134, -222]
[332, 145, -215]
[549, 141, -203]
[337, 150, -200]
[485, 348, 0]
[417, 348, 0]
[479, 490, -15]
[423, 488, -9]
[481, 569, 161]
[427, 591, 118]
[476, 543, 176]
[430, 601, 128]
[480, 613, 116]
[434, 638, 51]
[443, 92, -113]
[451, 79, -103]
[456, 79, -103]
[461, 80, -103]
[436, 79, -99]
[433, 80, -99]
[429, 80, -99]
[469, 87, -40]
[423, 88, -21]
[453, 106, -89]
[436, 106, -84]
[512, 164, -6]
[392, 166, 17]
[548, 240, -84]
[363, 252, -54]
[552, 156, -202]
[340, 167, -201]
[556, 138, -226]
[327, 151, -226]
[554, 131, -222]
[332, 144, -219]
[549, 139, -204]
[337, 150, -203]
[485, 348, 0]
[417, 348, 0]
[479, 490, -15]
[423, 488, -9]
[481, 569, 166]
[427, 591, 119]
[476, 543, 181]
[430, 601, 130]
[480, 613, 121]
[434, 638, 52]
[443, 91, -112]
[451, 79, -103]
[456, 79, -103]
[461, 79, -103]
[436, 79, -98]
[432, 79, -98]
[429, 80, -98]
[469, 87, -40]
[423, 87, -20]
[453, 105, -89]
[435, 106, -84]
[512, 164, -6]
[392, 166, 18]
[549, 240, -85]
[363, 252, -54]
[552, 155, -203]
[340, 166, -200]
[556, 136, -226]
[327, 151, -225]
[554, 130, -223]
[332, 143, -219]
[550, 138, -205]
[337, 149, -203]
[485, 349, 0]
[417, 348, 0]
[479, 490, -17]
[423, 489, -9]
[481, 572, 162]
[427, 593, 118]
[479, 575, 178]
[430, 603, 129]
[480, 616, 117]
[434, 640, 51]
[443, 91, -109]
[451, 79, -99]
[456, 79, -100]
[461, 79, -100]
[436, 79, -95]
[432, 79, -95]
[429, 79, -95]
[469, 86, -36]
[423, 87, -16]
[453, 105, -87]
[435, 105, -81]
[512, 164, -4]
[392, 166, 19]
[549, 240, -82]
[362, 252, -53]
[552, 156, -197]
[340, 167, -199]
[556, 137, -218]
[328, 151, -224]
[555, 131, -212]
[332, 143, -218]
[550, 139, -197]
[337, 149, -202]
[486, 349, 0]
[417, 348, 0]
[479, 491, -20]
[423, 489, -10]
[482, 572, 162]
[427, 593, 119]
[478, 552, 178]
[430, 604, 130]
[481, 617, 117]
[434, 641, 53]
[443, 91, -110]
[451, 79, -100]
[456, 79, -100]
[461, 79, -100]
[436, 79, -96]
[432, 79, -96]
[429, 79, -96]
[468, 86, -37]
[423, 87, -17]
[453, 105, -87]
[435, 105, -82]
[512, 165, -4]
[392, 166, 19]
[549, 240, -82]
[362, 252, -54]
[552, 157, -198]
[340, 167, -200]
[556, 139, -220]
[328, 151, -226]
[555, 132, -214]
[333, 143, -220]
[550, 140, -199]
[338, 150, -204]
[486, 349, 0]
[417, 348, 0]
[480, 491, -21]
[423, 490, -10]
[483, 573, 162]
[427, 593, 120]
[481, 576, 177]
[430, 604, 132]
[482, 618, 117]
[434, 641, 54]
[443, 91, -110]
[450, 79, -101]
[456, 79, -101]
[460, 79, -101]
[435, 79, -96]
[432, 79, -96]
[428, 79, -96]
[468, 86, -38]
[423, 87, -17]
[453, 105, -88]
[435, 105, -82]
[513, 165, -4]
[392, 166, 19]
[549, 240, -82]
[362, 252, -54]
[552, 157, -197]
[340, 166, -200]
[556, 140, -218]
[329, 150, -225]
[555, 133, -213]
[333, 143, -218]
[550, 141, -197]
[338, 149, -203]
[486, 349, 0]
[417, 348, 1]
[480, 491, -21]
[423, 490, -10]
[483, 576, 158]
[427, 594, 120]
[482, 585, 174]
[430, 604, 131]
[482, 620, 113]
[435, 641, 54]
[443, 91, -110]
[450, 79, -100]
[456, 79, -100]
[460, 79, -100]
[435, 79, -96]
[432, 79, -96]
[428, 80, -96]
[468, 86, -37]
[423, 87, -16]
[453, 105, -87]
[435, 106, -82]
[513, 165, -3]
[392, 166, 20]
[550, 241, -77]
[362, 252, -53]
[552, 158, -191]
[341, 166, -200]
[556, 141, -212]
[330, 150, -225]
[554, 134, -207]
[334, 143, -218]
[550, 142, -191]
[339, 149, -202]
[486, 349, 0]
[417, 348, 1]
[480, 491, -23]
[423, 490, -12]
[483, 576, 158]
[427, 594, 120]
[483, 585, 174]
[430, 604, 131]
[482, 620, 113]
[434, 641, 54]
[443, 91, -110]
[450, 79, -100]
[456, 79, -100]
[460, 79, -100]
[435, 79, -95]
[432, 79, -95]
[428, 80, -95]
[468, 87, -36]
[423, 88, -16]
[453, 105, -87]
[435, 106, -81]
[513, 165, -2]
[392, 166, 19]
[550, 241, -75]
[362, 252, -53]
[552, 158, -190]
[341, 166, -199]
[556, 142, -212]
[330, 150, -225]
[554, 135, -206]
[334, 143, -219]
[550, 142, -190]
[339, 149, -202]
[486, 349, 0]
[417, 348, 0]
[480, 491, -23]
[423, 490, -14]
[483, 578, 152]
[427, 594, 115]
[483, 588, 167]
[430, 604, 126]
[482, 622, 106]
[434, 641, 51]
[443, 91, -110]
[450, 79, -100]
[456, 79, -100]
[460, 79, -100]
[435, 79, -95]
[432, 79, -95]
[428, 80, -95]
[468, 87, -36]
[423, 88, -17]
[453, 106, -87]
[435, 106, -81]
[513, 165, -2]
[392, 166, 19]
[550, 241, -75]
[362, 252, -53]
[552, 159, -193]
[342, 167, -199]
[556, 142, -216]
[330, 151, -224]
[554, 135, -211]
[334, 144, -219]
[550, 143, -194]
[339, 150, -202]
[486, 349, 0]
[418, 348, 0]
[480, 491, -22]
[423, 490, -14]
[483, 578, 150]
[427, 594, 112]
[483, 589, 165]
[430, 604, 123]
[482, 622, 103]
[434, 641, 46]
[443, 92, -110]
[450, 80, -100]
[456, 80, -100]
[460, 80, -100]
[435, 80, -96]
[432, 80, -96]
[428, 80, -96]
[468, 88, -36]
[423, 88, -17]
[453, 106, -87]
[435, 106, -82]
[513, 165, -2]
[392, 167, 19]
[550, 241, -79]
[363, 252, -51]
[552, 160, -206]
[342, 167, -198]
[557, 144, -230]
[329, 151, -223]
[555, 137, -226]
[333, 144, -219]
[551, 144, -207]
[338, 150, -201]
[486, 349, 0]
[418, 348, 1]
[480, 491, -23]
[423, 490, -14]
[483, 579, 148]
[426, 594, 111]
[483, 589, 163]
[429, 604, 122]
[482, 623, 100]
[434, 641, 45]
[442, 95, -110]
[450, 83, -100]
[455, 84, -100]
[460, 84, -100]
[435, 84, -96]
[431, 84, -96]
[428, 84, -96]
[468, 90, -37]
[423, 91, -17]
[453, 108, -87]
[434, 109, -82]
[511, 166, -3]
[392, 169, 19]
[549, 241, -79]
[363, 253, -50]
[553, 160, -203]
[342, 167, -194]
[559, 144, -227]
[329, 152, -219]
[556, 137, -224]
[333, 144, -215]
[552, 144, -205]
[338, 151, -197]
[486, 349, -1]
[418, 348, 1]
[480, 491, -23]
[423, 490, -14]
[483, 579, 146]
[426, 594, 108]
[483, 589, 160]
[429, 604, 119]
[482, 622, 100]
[434, 641, 44]
[442, 97, -96]
[450, 86, -86]
[455, 86, -86]
[460, 86, -86]
[435, 86, -82]
[431, 86, -82]
[428, 86, -82]
[468, 92, -24]
[423, 93, -5]
[453, 110, -74]
[434, 111, -69]
[511, 168, 2]
[392, 171, 31]
[546, 243, -78]
[363, 254, -33]
[553, 164, -205]
[342, 171, -174]
[558, 151, -229]
[329, 155, -199]
[555, 144, -226]
[333, 147, -195]
[551, 150, -206]
[338, 153, -177]
[486, 349, -2]
[419, 348, 2]
[480, 491, -28]
[422, 491, -16]
[484, 580, 143]
[426, 594, 109]
[484, 590, 158]
[429, 604, 120]
[483, 623, 101]
[433, 641, 50]
[442, 98, -100]
[450, 87, -90]
[455, 87, -90]
[460, 87, -90]
[435, 87, -86]
[431, 87, -86]
[428, 88, -86]
[468, 93, -28]
[423, 94, -9]
[452, 111, -78]
[434, 112, -72]
[511, 169, 1]
[392, 171, 29]
[545, 243, -78]
[364, 254, -36]
[553, 167, -206]
[342, 172, -180]
[558, 154, -230]
[329, 157, -206]
[555, 146, -227]
[333, 148, -202]
[551, 152, -207]
[339, 154, -183]
[486, 350, -2]
[419, 348, 3]
[480, 491, -28]
[422, 491, -16]
[484, 581, 142]
[426, 593, 115]
[484, 591, 157]
[429, 603, 127]
[483, 624, 100]
[432, 639, 60]
[442, 100, -108]
[450, 88, -98]
[455, 89, -98]
[460, 89, -98]
[435, 89, -94]
[431, 89, -94]
[428, 90, -94]
[468, 95, -33]
[423, 96, -17]
[452, 113, -85]
[434, 113, -80]
[511, 170, -1]
[393, 172, 25]
[545, 247, -78]
[365, 255, -40]
[553, 172, -205]
[342, 175, -193]
[558, 158, -230]
[328, 161, -219]
[555, 150, -227]
[332, 152, -217]
[551, 156, -207]
[338, 157, -197]
[486, 350, -2]
[419, 349, 3]
[480, 491, -28]
[421, 492, -16]
[484, 581, 144]
[425, 592, 119]
[484, 591, 159]
[428, 602, 131]
[484, 624, 100]
[432, 638, 62]
[442, 101, -116]
[450, 90, -106]
[455, 90, -106]
[460, 90, -106]
[435, 90, -102]
[431, 90, -102]
[428, 91, -102]
[468, 96, -42]
[423, 97, -23]
[452, 114, -93]
[434, 114, -88]
[511, 171, -8]
[393, 174, 19]
[544, 251, -84]
[366, 257, -44]
[555, 177, -221]
[341, 181, -200]
[559, 165, -247]
[328, 166, -227]
[556, 158, -245]
[332, 157, -226]
[553, 164, -223]
[338, 162, -205]
[486, 350, -2]
[419, 349, 3]
[480, 491, -26]
[421, 492, -16]
[484, 580, 156]
[425, 592, 123]
[484, 590, 171]
[428, 602, 135]
[484, 623, 112]
[432, 638, 64]
[442, 102, -115]
[450, 90, -105]
[455, 90, -105]
[460, 91, -105]
[435, 91, -101]
[431, 91, -101]
[428, 92, -101]
[468, 97, -41]
[423, 98, -23]
[452, 115, -92]
[434, 115, -87]
[511, 170, -7]
[393, 175, 19]
[544, 253, -84]
[367, 261, -43]
[554, 187, -223]
[341, 189, -199]
[559, 174, -250]
[330, 173, -225]
[556, 165, -249]
[333, 165, -224]
[553, 170, -225]
[338, 171, -203]
[486, 351, -3]
[419, 349, 3]
[480, 491, -29]
[421, 491, -18]
[484, 584, 151]
[425, 592, 123]
[483, 595, 166]
[428, 602, 136]
[485, 628, 108]
[432, 638, 66]
[443, 102, -112]
[450, 91, -101]
[455, 91, -101]
[460, 92, -101]
[436, 91, -99]
[432, 92, -99]
[428, 92, -99]
[468, 97, -33]
[424, 98, -22]
[453, 115, -87]
[434, 115, -85]
[510, 169, 3]
[393, 174, 25]
[543, 255, -60]
[370, 264, -28]
[555, 198, -210]
[346, 201, -191]
[561, 186, -241]
[337, 184, -218]
[558, 176, -245]
[340, 174, -221]
[555, 180, -214]
[344, 180, -196]
[486, 350, -3]
[419, 348, 3]
[480, 491, -31]
[421, 490, -20]
[484, 584, 146]
[426, 592, 114]
[483, 594, 161]
[429, 602, 125]
[486, 628, 102]
[432, 638, 53]
[443, 103, -111]
[451, 91, -100]
[455, 91, -100]
[460, 92, -100]
[436, 91, -98]
[432, 92, -98]
[428, 92, -98]
[468, 97, -31]
[424, 98, -22]
[453, 115, -85]
[434, 115, -83]
[510, 168, 5]
[393, 174, 28]
[543, 255, -56]
[371, 265, -25]
[556, 199, -204]
[348, 203, -187]
[562, 187, -234]
[339, 186, -214]
[559, 177, -242]
[342, 176, -217]
[555, 181, -208]
[346, 181, -192]
[486, 349, -3]
[419, 347, 3]
[480, 491, -31]
[421, 489, -20]
[484, 584, 144]
[426, 592, 111]
[484, 593, 158]
[429, 602, 122]
[487, 627, 100]
[433, 638, 49]
[444, 102, -111]
[452, 91, -100]
[456, 91, -100]
[461, 92, -100]
[437, 91, -98]
[432, 92, -98]
[429, 92, -98]
[468, 97, -29]
[425, 98, -23]
[453, 115, -85]
[435, 115, -83]
[510, 167, 7]
[393, 174, 26]
[543, 247, -59]
[371, 258, -28]
[556, 215, -219]
[348, 214, -197]
[562, 210, -251]
[341, 205, -226]
[559, 201, -256]
[341, 192, -229]
[555, 203, -225]
[346, 195, -203]
[486, 349, -2]
[419, 347, 2]
[480, 491, -40]
[421, 489, -20]
[485, 582, 142]
[426, 592, 104]
[484, 592, 157]
[429, 602, 113]
[489, 624, 97]
[433, 638, 35]
[445, 102, -132]
[452, 91, -120]
[457, 91, -120]
[462, 91, -120]
[438, 91, -119]
[433, 91, -119]
[429, 92, -119]
[468, 96, -46]
[425, 98, -43]
[455, 114, -104]
[436, 115, -103]
[511, 167, 0]
[394, 174, 8]
[544, 247, -57]
[374, 258, -31]
[568, 227, -220]
[348, 240, -197]
[577, 224, -251]
[338, 235, -225]
[574, 215, -260]
[336, 220, -235]
[569, 217, -227]
[342, 221, -205]
[486, 348, -1]
[419, 347, 1]
[480, 489, -37]
[421, 487, -20]
[485, 575, 141]
[424, 587, 102]
[483, 585, 155]
[428, 598, 111]
[490, 615, 94]
[431, 632, 33]
[446, 101, -131]
[453, 90, -120]
[457, 90, -120]
[462, 90, -120]
[439, 91, -119]
[434, 91, -119]
[430, 91, -119]
[468, 95, -45]
[426, 98, -43]
[455, 114, -104]
[437, 115, -103]
[512, 167, 0]
[394, 174, 8]
[544, 248, -38]
[376, 258, -27]
[571, 246, -195]
[340, 254, -192]
[581, 247, -226]
[329, 254, -221]
[579, 239, -245]
[327, 245, -233]
[572, 239, -205]
[333, 246, -204]
[486, 347, 0]
[419, 347, 1]
[480, 488, -38]
[421, 487, -24]
[484, 580, 119]
[424, 588, 91]
[481, 592, 130]
[428, 599, 99]
[490, 621, 57]
[430, 632, 14]
[446, 99, -117]
[453, 88, -105]
[458, 88, -105]
[462, 88, -105]
[439, 88, -105]
[434, 89, -105]
[430, 89, -105]
[468, 93, -32]
[426, 96, -32]
[456, 112, -90]
[438, 114, -90]
[512, 167, 1]
[394, 174, 9]
[543, 245, -34]
[376, 257, -12]
[569, 264, -183]
[337, 276, -167]
[578, 274, -215]
[325, 279, -197]
[577, 268, -235]
[324, 273, -216]
[570, 264, -194]
[329, 272, -179]
[486, 347, 0]
[419, 346, 1]
[480, 488, -50]
[422, 486, -32]
[484, 580, 115]
[424, 588, 89]
[481, 591, 128]
[428, 599, 98]
[490, 621, 57]
[430, 632, 15]
[446, 98, -112]
[453, 86, -100]
[458, 86, -100]
[462, 87, -100]
[439, 87, -99]
[434, 88, -100]
[430, 88, -100]
[468, 92, -28]
[426, 95, -26]
[456, 111, -86]
[438, 113, -85]
[513, 167, 2]
[394, 174, 10]
[542, 244, -34]
[376, 256, -9]
[567, 267, -180]
[336, 278, -162]
[576, 277, -212]
[323, 281, -191]
[574, 272, -231]
[321, 276, -210]
[568, 268, -191]
[326, 275, -174]
[486, 347, 0]
[419, 346, 1]
[480, 488, -53]
[422, 486, -32]
[484, 580, 115]
[424, 588, 89]
[481, 591, 128]
[428, 599, 98]
[490, 621, 58]
[430, 633, 15]
[446, 98, -107]
[453, 86, -95]
[458, 86, -96]
[462, 86, -96]
[439, 87, -95]
[434, 88, -95]
[430, 88, -95]
[468, 92, -28]
[426, 95, -25]
[456, 111, -83]
[438, 113, -82]
[513, 167, -1]
[395, 174, 13]
[541, 237, -15]
[376, 256, 18]
[567, 286, -117]
[331, 294, -90]
[574, 303, -143]
[316, 300, -113]
[572, 300, -164]
[315, 297, -137]
[567, 294, -128]
[320, 296, -103]
[487, 347, -2]
[419, 346, 2]
[480, 487, -48]
[422, 486, -31]
[484, 576, 108]
[424, 586, 88]
[481, 586, 120]
[428, 597, 97]
[488, 618, 54]
[430, 630, 19]
[447, 97, -130]
[453, 85, -118]
[458, 85, -118]
[462, 85, -118]
[440, 86, -118]
[435, 87, -118]
[431, 88, -118]
[468, 91, -51]
[426, 94, -48]
[456, 110, -105]
[439, 112, -104]
[513, 167, -20]
[395, 174, -2]
[539, 238, -21]
[376, 256, 18]
[566, 302, -122]
[327, 310, -60]
[574, 321, -148]
[311, 323, -80]
[571, 321, -169]
[309, 320, -107]
[566, 314, -133]
[315, 317, -74]
[487, 348, -2]
[420, 347, 2]
[480, 487, -40]
[423, 486, -21]
[484, 571, 110]
[425, 582, 102]
[481, 581, 123]
[428, 593, 110]
[488, 614, 60]
[430, 626, 32]
[447, 96, -149]
[454, 84, -137]
[458, 84, -137]
[463, 84, -138]
[440, 85, -137]
[435, 86, -137]
[431, 87, -137]
[468, 90, -68]
[427, 93, -66]
[456, 109, -123]
[439, 111, -122]
[514, 166, -28]
[395, 174, -18]
[539, 238, -6]
[376, 256, 11]
[564, 314, -87]
[329, 316, -57]
[571, 335, -110]
[312, 332, -76]
[567, 335, -133]
[311, 330, -104]
[562, 328, -98]
[317, 326, -70]
[487, 348, -1]
[420, 347, 1]
[480, 486, -36]
[423, 485, -22]
[484, 568, 128]
[425, 579, 109]
[481, 577, 141]
[428, 589, 119]
[488, 611, 76]
[430, 623, 42]
[447, 95, -161]
[454, 83, -150]
[458, 83, -150]
[463, 83, -150]
[440, 84, -149]
[435, 85, -149]
[431, 86, -149]
[468, 89, -79]
[427, 92, -78]
[456, 108, -134]
[439, 110, -133]
[514, 166, -33]
[395, 173, -30]
[539, 240, 1]
[376, 256, 4]
[561, 322, -68]
[337, 324, -61]
[568, 343, -88]
[319, 341, -80]
[564, 344, -110]
[319, 340, -107]
[559, 338, -78]
[326, 336, -75]
[487, 348, 0]
[420, 347, 0]
[480, 484, -27]
[423, 483, -22]
[483, 569, 137]
[425, 579, 112]
[480, 578, 150]
[429, 589, 123]
[485, 611, 83]
[430, 623, 44]
[447, 94, -161]
[454, 82, -150]
[458, 82, -150]
[463, 82, -150]
[440, 83, -150]
[435, 84, -150]
[431, 85, -150]
[468, 89, -80]
[427, 92, -78]
[456, 108, -134]
[439, 109, -134]
[514, 166, -34]
[395, 173, -30]
[539, 241, 0]
[376, 256, 3]
[559, 323, -69]
[340, 324, -61]
[567, 344, -89]
[322, 342, -79]
[562, 345, -112]
[323, 340, -106]
[557, 339, -80]
[330, 336, -74]
[487, 348, 0]
[420, 347, 0]
[481, 482, -26]
[424, 482, -22]
[483, 569, 139]
[427, 579, 113]
[480, 578, 152]
[429, 588, 124]
[485, 612, 85]
[431, 622, 46]
[447, 94, -177]
[454, 81, -166]
[459, 81, -166]
[463, 82, -166]
[441, 82, -166]
[436, 83, -166]
[431, 84, -166]
[469, 88, -94]
[427, 90, -95]
[457, 107, -149]
[440, 108, -149]
[514, 166, -45]
[395, 172, -44]
[539, 243, -4]
[376, 256, -7]
[559, 327, -74]
[342, 332, -76]
[566, 349, -94]
[327, 351, -94]
[561, 351, -117]
[328, 350, -121]
[557, 345, -85]
[334, 345, -89]
[488, 348, 0]
[420, 347, 0]
[481, 482, -17]
[424, 481, -13]
[483, 568, 144]
[427, 578, 117]
[480, 579, 156]
[429, 588, 126]
[485, 611, 89]
[430, 621, 46]
[447, 92, -197]
[454, 80, -187]
[459, 80, -187]
[463, 81, -187]
[441, 81, -187]
[436, 81, -187]
[431, 82, -187]
[469, 87, -115]
[428, 88, -115]
[457, 106, -170]
[440, 107, -170]
[515, 166, -65]
[395, 172, -61]
[538, 247, -13]
[376, 257, -23]
[557, 333, -88]
[346, 337, -87]
[562, 359, -108]
[331, 356, -105]
[557, 361, -131]
[333, 357, -131]
[553, 355, -99]
[339, 352, -99]
[489, 347, 0]
[420, 346, 0]
[481, 476, -10]
[425, 477, -3]
[484, 558, 170]
[427, 572, 134]
[481, 567, 185]
[430, 582, 144]
[487, 600, 120]
[430, 616, 62]
[447, 90, -212]
[454, 79, -202]
[459, 79, -202]
[463, 79, -202]
[441, 79, -201]
[436, 79, -201]
[432, 80, -202]
[469, 85, -128]
[428, 86, -129]
[457, 104, -184]
[440, 105, -184]
[516, 166, -77]
[395, 171, -72]
[537, 252, -29]
[376, 258, -32]
[557, 340, -96]
[350, 339, -92]
[561, 365, -115]
[336, 359, -111]
[555, 366, -139]
[338, 360, -136]
[552, 360, -106]
[345, 355, -104]
[489, 345, 0]
[420, 344, 0]
[481, 474, -5]
[425, 474, -4]
[485, 555, 170]
[427, 573, 128]
[480, 537, 184]
[430, 583, 137]
[489, 597, 116]
[431, 617, 55]
[447, 88, -214]
[454, 77, -204]
[459, 77, -204]
[463, 77, -204]
[441, 77, -204]
[436, 78, -204]
[432, 79, -204]
[469, 83, -130]
[428, 85, -131]
[457, 103, -186]
[440, 104, -186]
[517, 166, -78]
[395, 170, -74]
[536, 255, -33]
[376, 259, -35]
[556, 345, -98]
[350, 342, -94]
[560, 370, -118]
[338, 363, -114]
[555, 372, -141]
[340, 363, -138]
[551, 365, -109]
[346, 358, -106]
[489, 345, 0]
[420, 344, 0]
[481, 475, -12]
[425, 475, -7]
[485, 557, 166]
[427, 573, 124]
[480, 547, 180]
[430, 584, 133]
[490, 599, 113]
[431, 619, 48]
[447, 87, -215]
[454, 76, -205]
[459, 76, -205]
[463, 77, -205]
[441, 77, -204]
[436, 77, -204]
[432, 78, -204]
[470, 82, -132]
[428, 84, -131]
[457, 102, -187]
[440, 103, -187]
[518, 166, -80]
[395, 169, -74]
[536, 257, -35]
[376, 260, -35]
[556, 346, -98]
[351, 343, -95]
[560, 371, -117]
[338, 363, -114]
[554, 372, -141]
[340, 364, -139]
[550, 366, -109]
[347, 359, -107]
[489, 345, 0]
[420, 344, 0]
[481, 475, -8]
[425, 474, -7]
[485, 557, 171]
[427, 574, 124]
[480, 537, 185]
[430, 583, 134]
[490, 600, 116]
[432, 620, 47]
[447, 85, -216]
[454, 74, -206]
[459, 75, -206]
[463, 75, -206]
[441, 75, -205]
[436, 76, -205]
[432, 77, -205]
[470, 80, -134]
[428, 83, -132]
[457, 100, -188]
[439, 101, -188]
[519, 166, -82]
[394, 168, -76]
[536, 257, -38]
[376, 260, -38]
[555, 347, -101]
[351, 344, -96]
[559, 371, -120]
[339, 366, -115]
[553, 372, -143]
[342, 366, -139]
[549, 366, -111]
[348, 360, -108]
[490, 345, 0]
[420, 344, 0]
[481, 475, -7]
[425, 475, -4]
[485, 557, 176]
[428, 573, 135]
[480, 541, 191]
[430, 583, 146]
[489, 600, 121]
[433, 620, 59]
[446, 83, -210]
[454, 72, -200]
[459, 72, -200]
[463, 72, -200]
[440, 74, -199]
[435, 75, -199]
[431, 75, -199]
[470, 78, -128]
[428, 81, -125]
[456, 98, -182]
[439, 99, -181]
[519, 165, -77]
[394, 167, -71]
[536, 258, -36]
[376, 260, -35]
[555, 348, -100]
[350, 345, -97]
[558, 372, -120]
[339, 367, -115]
[553, 373, -144]
[343, 367, -140]
[548, 366, -111]
[349, 361, -108]
[490, 345, 1]
[419, 344, -1]
[482, 475, -7]
[425, 475, -5]
[484, 557, 179]
[428, 574, 134]
[480, 546, 194]
[430, 583, 144]
[489, 601, 127]
[433, 620, 59]
[446, 82, -212]
[454, 71, -202]
[458, 70, -202]
[463, 71, -202]
[440, 72, -201]
[435, 73, -201]
[431, 74, -201]
[470, 77, -131]
[428, 80, -128]
[456, 96, -184]
[438, 98, -183]
[519, 165, -80]
[394, 166, -72]
[536, 257, -36]
[376, 260, -34]
[554, 347, -100]
[350, 345, -96]
[558, 371, -119]
[339, 366, -114]
[552, 372, -143]
[342, 366, -139]
[548, 365, -110]
[348, 360, -108]
[490, 344, 1]
[419, 343, -1]
[482, 475, -8]
[425, 475, -5]
[484, 557, 175]
[428, 573, 133]
[480, 547, 189]
[430, 582, 143]
[489, 601, 121]
[434, 619, 58]
[444, 82, -211]
[453, 71, -202]
[458, 70, -202]
[463, 71, -202]
[439, 72, -200]
[434, 73, -200]
[430, 73, -201]
[470, 76, -133]
[427, 80, -127]
[454, 97, -184]
[437, 97, -183]
[519, 164, -83]
[393, 166, -70]
[537, 257, -39]
[375, 260, -32]
[554, 347, -101]
[350, 345, -92]
[558, 371, -121]
[339, 367, -109]
[552, 371, -144]
[341, 367, -135]
[547, 365, -111]
[347, 361, -104]
[490, 343, 1]
[419, 342, -1]
[483, 475, -9]
[425, 475, -6]
[484, 559, 163]
[428, 573, 132]
[480, 561, 175]
[429, 582, 142]
[488, 604, 104]
[434, 620, 56]
[444, 81, -211]
[453, 70, -201]
[457, 70, -201]
[463, 70, -201]
[438, 71, -200]
[434, 72, -200]
[430, 72, -200]
[469, 76, -130]
[427, 79, -126]
[454, 97, -183]
[437, 97, -182]
[519, 164, -81]
[393, 165, -69]
[538, 256, -39]
[375, 260, -31]
[554, 347, -101]
[350, 345, -91]
[558, 371, -121]
[338, 367, -108]
[552, 371, -144]
[341, 367, -135]
[547, 364, -111]
[347, 361, -103]
[490, 342, 1]
[419, 342, -1]
[483, 475, -9]
[425, 475, -6]
[484, 559, 163]
[428, 573, 130]
[481, 565, 175]
[429, 582, 141]
[488, 605, 104]
[433, 620, 55]
[444, 82, -213]
[453, 70, -203]
[457, 70, -203]
[463, 71, -203]
[438, 71, -202]
[434, 72, -202]
[430, 72, -202]
[470, 76, -131]
[428, 79, -127]
[454, 97, -185]
[437, 97, -184]
[519, 163, -81]
[393, 165, -69]
[542, 255, -39]
[375, 260, -31]
[554, 346, -101]
[350, 345, -91]
[558, 370, -121]
[338, 367, -108]
[552, 370, -145]
[341, 367, -135]
[547, 364, -111]
[347, 361, -103]
[490, 342, 1]
[419, 341, -1]
[484, 476, -15]
[425, 475, -9]
[485, 563, 158]
[427, 574, 130]
[481, 573, 172]
[428, 584, 140]
[488, 608, 101]
[433, 620, 55]
[444, 84, -216]
[453, 71, -207]
[458, 71, -207]
[463, 71, -207]
[439, 72, -205]
[435, 72, -205]
[431, 72, -205]
[470, 77, -134]
[428, 79, -131]
[454, 99, -188]
[437, 99, -187]
[519, 163, -84]
[393, 164, -69]
[547, 255, -42]
[375, 260, -28]
[554, 347, -105]
[349, 345, -90]
[558, 371, -126]
[338, 366, -108]
[551, 371, -149]
[341, 367, -135]
[546, 364, -114]
[347, 361, -102]
[489, 342, 1]
[418, 341, -1]
[484, 476, -22]
[425, 475, -11]
[485, 563, 159]
[427, 576, 126]
[480, 545, 172]
[428, 586, 136]
[488, 608, 104]
[432, 622, 52]
[447, 90, -222]
[456, 76, -212]
[461, 76, -212]
[464, 76, -212]
[442, 76, -212]
[437, 76, -212]
[433, 76, -212]
[472, 81, -139]
[430, 82, -139]
[456, 103, -194]
[439, 103, -193]
[519, 165, -89]
[393, 165, -75]
[550, 255, -46]
[375, 260, -30]
[554, 347, -109]
[349, 344, -91]
[558, 370, -130]
[338, 366, -109]
[550, 370, -153]
[341, 366, -136]
[545, 363, -118]
[347, 360, -103]
[489, 342, 1]
[418, 341, 0]
[484, 476, -18]
[425, 475, -5]
[485, 559, 169]
[427, 574, 132]
[479, 534, 184]
[428, 584, 143]
[488, 603, 121]
[432, 620, 61]
[448, 97, -229]
[456, 84, -221]
[461, 84, -221]
[465, 84, -221]
[443, 84, -220]
[438, 84, -220]
[434, 84, -220]
[473, 88, -147]
[431, 87, -146]
[457, 109, -200]
[440, 108, -200]
[519, 167, -93]
[393, 164, -80]
[552, 255, -48]
[375, 259, -33]
[554, 347, -111]
[349, 344, -95]
[558, 370, -132]
[337, 365, -113]
[550, 369, -155]
[340, 365, -141]
[544, 362, -120]
[346, 359, -108]
[489, 342, 0]
[418, 341, 0]
[483, 477, -18]
[425, 476, -4]
[485, 559, 163]
[427, 574, 131]
[481, 559, 177]
[428, 584, 142]
[488, 603, 120]
[430, 620, 59]
[448, 100, -233]
[457, 86, -224]
[462, 86, -224]
[465, 86, -224]
[443, 87, -223]
[439, 87, -223]
[435, 87, -223]
[474, 90, -151]
[431, 90, -149]
[457, 111, -203]
[440, 111, -203]
[519, 168, -96]
[393, 164, -82]
[553, 255, -50]
[375, 259, -35]
[554, 347, -113]
[349, 344, -98]
[557, 370, -134]
[337, 365, -116]
[549, 369, -157]
[340, 365, -143]
[544, 362, -122]
[346, 359, -110]
[489, 343, 0]
[418, 341, 0]
[483, 478, -16]
[425, 477, -2]
[485, 559, 163]
[427, 574, 131]
[482, 566, 177]
[428, 584, 141]
[488, 603, 117]
[430, 620, 60]
[451, 102, -232]
[459, 89, -223]
[464, 89, -223]
[467, 89, -223]
[446, 89, -223]
[441, 89, -223]
[437, 89, -223]
[476, 92, -148]
[433, 92, -150]
[459, 114, -202]
[443, 113, -203]
[519, 169, -93]
[393, 164, -83]
[553, 255, -48]
[374, 259, -38]
[553, 347, -113]
[349, 344, -103]
[557, 370, -134]
[337, 365, -121]
[548, 369, -157]
[340, 365, -149]
[543, 362, -122]
[346, 359, -115]
[488, 343, 0]
[418, 341, 0]
[483, 478, -15]
[425, 477, -2]
[485, 560, 157]
[427, 574, 128]
[482, 569, 171]
[428, 584, 138]
[488, 603, 108]
[430, 620, 57]
[453, 104, -233]
[462, 91, -224]
[466, 91, -224]
[470, 91, -224]
[448, 91, -225]
[444, 91, -225]
[440, 91, -225]
[478, 94, -148]
[434, 94, -152]
[462, 115, -203]
[445, 115, -204]
[520, 171, -92]
[394, 164, -84]
[553, 255, -48]
[374, 259, -38]
[553, 346, -112]
[349, 343, -103]
[556, 370, -134]
[337, 364, -121]
[547, 369, -157]
[340, 365, -149]
[542, 362, -121]
[346, 359, -115]
[488, 343, 0]
[418, 342, 0]
[483, 478, -13]
[424, 479, -4]
[485, 560, 158]
[426, 574, 131]
[482, 572, 172]
[428, 584, 141]
[488, 604, 110]
[428, 619, 61]
[455, 105, -237]
[463, 92, -228]
[467, 92, -228]
[471, 92, -228]
[450, 92, -228]
[445, 92, -228]
[440, 92, -228]
[479, 95, -152]
[434, 95, -156]
[463, 117, -206]
[447, 116, -208]
[520, 172, -93]
[394, 165, -89]
[553, 256, -47]
[374, 259, -43]
[552, 347, -111]
[348, 343, -106]
[555, 370, -132]
[337, 365, -124]
[547, 369, -156]
[340, 365, -152]
[542, 362, -121]
[346, 359, -118]
[488, 343, 0]
[418, 342, 0]
[482, 479, -12]
[424, 480, -4]
[484, 564, 157]
[426, 574, 140]
[482, 576, 171]
[428, 584, 152]
[487, 608, 106]
[428, 620, 73]
[455, 105, -232]
[464, 92, -223]
[467, 92, -223]
[471, 92, -223]
[450, 92, -223]
[445, 92, -223]
[441, 92, -223]
[480, 96, -148]
[434, 95, -151]
[464, 117, -203]
[447, 116, -203]
[521, 173, -89]
[395, 166, -86]
[547, 256, -37]
[374, 259, -44]
[551, 347, -100]
[348, 344, -106]
[555, 370, -121]
[337, 366, -125]
[547, 369, -144]
[340, 366, -152]
[542, 362, -110]
[346, 360, -118]
[488, 344, 1]
[418, 343, -1]
[482, 480, -11]
[424, 480, -3]
[485, 565, 156]
[426, 573, 142]
[482, 577, 168]
[428, 583, 154]
[487, 610, 101]
[427, 619, 73]
[456, 105, -232]
[464, 92, -223]
[468, 92, -223]
[472, 92, -223]
[450, 92, -222]
[445, 92, -222]
[441, 92, -222]
[480, 96, -147]
[435, 96, -148]
[464, 117, -202]
[447, 116, -202]
[521, 173, -87]
[395, 166, -85]
[545, 257, -34]
[374, 259, -43]
[550, 346, -96]
[348, 344, -105]
[555, 370, -116]
[336, 366, -124]
[547, 369, -139]
[340, 366, -151]
[542, 362, -106]
[346, 360, -117]
[488, 345, 1]
[418, 343, -1]
[482, 480, -10]
[424, 480, -4]
[485, 565, 156]
[425, 572, 138]
[483, 576, 169]
[427, 581, 149]
[487, 609, 102]
[427, 617, 68]
[456, 104, -229]
[464, 92, -220]
[468, 91, -220]
[472, 91, -220]
[450, 92, -220]
[445, 92, -220]
[441, 92, -220]
[480, 96, -145]
[434, 96, -147]
[464, 117, -199]
[447, 116, -200]
[521, 173, -85]
[395, 167, -84]
[540, 259, -34]
[374, 259, -47]
[549, 347, -96]
[347, 344, -108]
[554, 370, -115]
[336, 366, -126]
[547, 370, -139]
[339, 366, -152]
[542, 363, -106]
[346, 360, -120]
[488, 345, 1]
[418, 343, -1]
[482, 480, -4]
[424, 479, -3]
[485, 565, 155]
[424, 571, 129]
[483, 575, 168]
[426, 580, 138]
[487, 609, 99]
[427, 616, 54]
[455, 104, -226]
[464, 91, -216]
[467, 91, -216]
[472, 91, -217]
[450, 92, -217]
[445, 92, -217]
[441, 92, -217]
[480, 95, -142]
[434, 95, -147]
[464, 116, -196]
[447, 116, -198]
[521, 173, -82]
[395, 167, -84]
[537, 261, -32]
[373, 260, -48]
[549, 347, -96]
[347, 345, -110]
[554, 370, -116]
[335, 367, -129]
[548, 370, -139]
[339, 368, -155]
[543, 364, -107]
[346, 362, -122]
[488, 345, 2]
[418, 343, -1]
[482, 480, 0]
[424, 479, -2]
[485, 563, 156]
[424, 571, 128]
[483, 575, 168]
[426, 580, 137]
[488, 607, 100]
[427, 616, 51]
[455, 104, -222]
[463, 91, -213]
[467, 91, -213]
[471, 91, -213]
[449, 91, -214]
[444, 91, -214]
[440, 91, -214]
[477, 95, -139]
[434, 95, -145]
[463, 116, -193]
[447, 115, -195]
[521, 173, -81]
[394, 167, -83]
[536, 261, -33]
[373, 260, -48]
[549, 348, -97]
[347, 347, -111]
[554, 371, -117]
[335, 369, -129]
[548, 371, -140]
[339, 370, -155]
[543, 365, -107]
[345, 363, -123]
[488, 345, 2]
[418, 343, -2]
[482, 479, 0]
[424, 479, -3]
[486, 563, 158]
[424, 571, 126]
[483, 574, 170]
[426, 580, 135]
[488, 606, 100]
[427, 616, 50]
